2079 sda1 8657728 20480 R 1400128315  
2079 sda 8659776 20480 R 1400128315  
bcache: 2082 1400128315 -1007047918  4096 
bcache: 2082 1400128315 -1698408427  4096 
bcache: 2082 1400128315 -1375625148  4096 
bcache: 2082 1400128315 519825858  4096 
bcache: 2082 1400128315 -34186227  4096 
bcache: 2082 1400128315 -1859982135  4096 
bcache: 2082 1400128315 -772074505  4096 
bcache: 2082 1400128315 -190793839  4096 
bcache: 2082 1400128315 118498877  4096 
bcache: 2082 1400128315 -1287288450  4096 
bcache: 2082 1400128315 -893762808  4096 
bcache: 2082 1400128315 -743629319  4096 
bcache: 2082 1400128315 579969724  4096 
bcache: 2082 1400128315 -31724362  4096 
bcache: 2082 1400128315 -1443793372  4096 
bcache: 2082 1400128315 757414767  4096 
bcache: 2082 1400128315 -688136270  4096 
bcache: 2082 1400128315 -495755126  4096 
bcache: 2082 1400128315 1491223310  4096 
bcache: 2082 1400128315 -1914424303  4096 
bcache: 2082 1400128315 -1846087143  4096 
bcache: 2082 1400128315 922948997  4096 
bcache: 2082 1400128315 397018066  4096 
bcache: 2082 1400128315 193836760  4096 
bcache: 2082 1400128315 -348768925  4096 
bcache: 2082 1400128315 -1458287146  4096 
bcache: 2082 1400128315 1727910972  4096 
bcache: 2082 1400128315 -1647455354  4096 
bcache: 2082 1400128315 405682104  4096 
bcache: 2082 1400128315 -441801255  4096 
bcache: 2082 1400128315 1165183158  4096 
bcache: 2082 1400128315 1440621909  4096 
bcache: 2082 1400128315 632950406  4096 
bcache: 2082 1400128315 -336257867  4096 
bcache: 2082 1400128315 1595221084  4096 
bcache: 2082 1400128315 1822131120  4096 
bcache: 2082 1400128315 814242129  4096 
bcache: 2082 1400128315 205160135  4096 
bcache: 2082 1400128315 -1909981074  4096 
bcache: 2082 1400128315 -1987441633  4096 
bcache: 2082 1400128315 -1053210871  4096 
bcache: 2082 1400128315 -2145594986  4096 
bcache: 2082 1400128315 -408265485  4096 
bcache: 2082 1400128315 -2113730817  4096 
bcache: 2082 1400128315 116773988  4096 
bcache: 2082 1400128315 -1826729128  4096 
bcache: 2082 1400128315 1858649819  4096 
bcache: 2082 1400128315 258057030  4096 
bcache: 2082 1400128315 2024534089  4096 
bcache: 2082 1400128315 1296694316  4096 
2082 sdb 8200 4096 R 1400128315 -1595425817  
2082 sdb 8200 4096 R 1400128315 -1595425817  
2082 sdb 271360 204800 W 1400128315 -1007047918 -1698408427 -1375625148 519825858 -34186227 -1859982135 -772074505 -190793839 118498877 -1287288450 -893762808 -743629319 579969724 -31724362 -1443793372 757414767 -688136270 -495755126 1491223310 -1914424303 -1846087143 922948997 397018066 193836760 -348768925 -1458287146 1727910972 -1647455354 405682104 -441801255 1165183158 1440621909 632950406 -336257867 1595221084 1822131120 814242129 205160135 -1909981074 -1987441633 -1053210871 -2145594986 -408265485 -2113730817 116773988 -1826729128 185 
2082 sdb 271360 204800 W 1400128315 -1007047918 -1698408427 -1375625148 519825858 -34186227 -1859982135 -772074505 -190793839 118498877 -1287288450 -893762808 -743629319 579969724 -31724362 -1443793372 757414767 -688136270 -495755126 1491223310 -1914424303 -1846087143 922948997 397018066 193836760 -348768925 -1458287146 1727910972 -1647455354 405682104 -441801255 1165183158 1440621909 632950406 -336257867 1595221084 1822131120 814242129 205160135 -1909981074 -1987441633 -1053210871 -2145594986 -408265485 -2113730817 116773988 -1826729128 185 
2082 sda1 12593152 4096 R 1400128315 -1714573945  
2082 sda 12595200 4096 R 1400128315 -1714573945  
2082 sda1 12593160 4096 R 1400128315 -1398410817  
2082 sda 12595208 4096 R 1400128315 -1398410817  
2082 sda1 12593168 4096 R 1400128315 -359297505  
2082 sda 12595216 4096 R 1400128315 -359297505  
2082 sda1 12593176 4096 R 1400128315 767351960  
2082 sda 12595224 4096 R 1400128315 767351960  
2082 sda1 12593184 4096 R 1400128315 1010874005  
2082 sda 12595232 4096 R 1400128315 1010874005  
2082 sda1 12593192 4096 R 1400128315 1010874005  
2082 sda 12595240 4096 R 1400128315 1010874005  
2082 sda1 12593200 4096 R 1400128315 1010874005  
2082 sda 12595248 4096 R 1400128315 1010874005  
2082 sda1 12593208 4096 R 1400128315 1010874005  
2082 sda 12595256 4096 R 1400128315 1010874005  
2082 sda1 12593216 4096 R 1400128315 -1742840239  
2082 sda 12595264 4096 R 1400128315 -1742840239  
2082 sda1 12593224 4096 R 1400128315 94379471  
2082 sda 12595272 4096 R 1400128315 94379471  
2082 sda1 12593232 4096 R 1400128315 1727909493  
2082 sda 12595280 4096 R 1400128315 1727909493  
2082 sda1 12593240 4096 R 1400128315 -1609575963  
2082 sda 12595288 4096 R 1400128315 -1609575963  
2082 sda1 12593248 4096 R 1400128315 -1322682168  
2082 sda 12595296 4096 R 1400128315 -1322682168  
2082 sda1 12593256 4096 R 1400128315 -953531751  
2082 sda 12595304 4096 R 1400128315 -953531751  
2082 sda1 12593264 4096 R 1400128315 1120677267  
2082 sda 12595312 4096 R 1400128315 1120677267  
2082 sda1 12593272 4096 R 1400128315 1553687608  
2082 sda 12595320 4096 R 1400128315 1553687608  
2082 sda1 12593280 4096 R 1400128315 -1803431914  
2082 sda 12595328 4096 R 1400128315 -1803431914  
2082 sda1 12593288 4096 R 1400128315 -299367648  
2082 sda 12595336 4096 R 1400128315 -299367648  
2082 sda1 12593296 4096 R 1400128315 -116676931  
2082 sda 12595344 4096 R 1400128315 -116676931  
2082 sda1 12593304 4096 R 1400128315 -1125878090  
2082 sda 12595352 4096 R 1400128315 -1125878090  
2082 sda1 12593312 4096 R 1400128315 275620226  
2082 sda 12595360 4096 R 1400128315 275620226  
2082 sda1 12593320 4096 R 1400128315 -1811249551  
2082 sda 12595368 4096 R 1400128315 -1811249551  
2082 sda1 12593328 4096 R 1400128315 -1091350620  
2082 sda 12595376 4096 R 1400128315 -1091350620  
2082 sda1 12593336 4096 R 1400128315 -2122730997  
2082 sda 12595384 4096 R 1400128315 -2122730997  
2082 sda1 12593344 4096 R 1400128315 -554210992  
2082 sda 12595392 4096 R 1400128315 -554210992  
2082 sda1 12593352 4096 R 1400128315 284260764  
2082 sda 12595400 4096 R 1400128315 284260764  
2082 sda1 12593360 4096 R 1400128315 909096950  
2082 sda 12595408 4096 R 1400128315 909096950  
2082 sda1 12593368 4096 R 1400128315 -1708014378  
2082 sda 12595416 4096 R 1400128315 -1708014378  
2082 sda1 12593376 4096 R 1400128315 -1691048983  
2082 sda 12595424 4096 R 1400128315 -1691048983  
2082 sda1 12593392 4096 R 1400128315 -425487981  
2082 sda 12595440 4096 R 1400128315 -425487981  
2082 sda1 12593400 4096 R 1400128315 -1218048362  
2082 sda 12595448 4096 R 1400128315 -1218048362  
2082 sda1 12593408 4096 R 1400128315 -1847837137  
2082 sda 12595456 4096 R 1400128315 -1847837137  
2082 sda1 12593384 4096 R 1400128315 -1630138162  
2082 sda 12595432 4096 R 1400128315 -1630138162  
2082 sda1 6540960 4096 R 1400128315  
2082 sda 6543008 4096 R 1400128315  
282 sda1 886216 4096 W 1400128317 -1233945813  
282 sda 888264 4096 W 1400128317 -1233945813  
282 sda1 900176 4096 W 1400128317 -311062407  
282 sda 902224 4096 W 1400128317 -311062407  
282 sda1 4462752 4096 W 1400128317 866297376  
282 sda 4464800 4096 W 1400128317 866297376  
282 sda1 4462760 4096 W 1400128317 -1568013691  
282 sda 4464808 4096 W 1400128317 -1568013691  
282 sda1 4462768 4096 W 1400128317 -1181968967  
282 sda 4464816 4096 W 1400128317 -1181968967  
282 sda1 4462776 4096 W 1400128317 705376508  
282 sda 4464824 4096 W 1400128317 705376508  
282 sda1 4462784 4096 W 1400128317 180106414  
282 sda 4464832 4096 W 1400128317 180106414  
282 sda1 4462792 4096 W 1400128317 2086185644  
282 sda 4464840 4096 W 1400128317 2086185644  
282 sda1 4462800 4096 W 1400128317 740659041  
282 sda 4464848 4096 W 1400128317 740659041  
282 sda1 4462808 4096 W 1400128317 -2013202277  
282 sda 4464856 4096 W 1400128317 -2013202277  
282 sda1 4462816 4096 W 1400128317 -2126805642  
282 sda 4464864 4096 W 1400128317 -2126805642  
282 sda1 4462824 4096 W 1400128317 904000492  
282 sda 4464872 4096 W 1400128317 904000492  
282 sda1 4462832 4096 W 1400128317 1942758459  
282 sda 4464880 4096 W 1400128317 1942758459  
282 sda1 4462840 4096 W 1400128317 -358885494  
282 sda 4464888 4096 W 1400128317 -358885494  
282 sda1 4462848 4096 W 1400128317 -1  
282 sda 4464896 4096 W 1400128317 -1  
282 sda1 4462856 4096 W 1400128317 1628156957  
282 sda 4464904 4096 W 1400128317 1628156957  
282 sda1 4462864 4096 W 1400128317 -1632525731  
282 sda 4464912 4096 W 1400128317 -1632525731  
282 sda1 4462872 4096 W 1400128317 1638825921  
282 sda 4464920 4096 W 1400128317 1638825921  
282 sda1 4462880 4096 W 1400128317 -1  
282 sda 4464928 4096 W 1400128317 -1  
282 sda1 4462888 4096 W 1400128317 1368375381  
282 sda 4464936 4096 W 1400128317 1368375381  
282 sda1 4462896 4096 W 1400128317 1378502127  
282 sda 4464944 4096 W 1400128317 1378502127  
282 sda1 4462904 4096 W 1400128317 -241436813  
282 sda 4464952 4096 W 1400128317 -241436813  
282 sda1 4462912 4096 W 1400128317 -760610646  
282 sda 4464960 4096 W 1400128317 -760610646  
282 sda1 4462920 4096 W 1400128317 656149303  
282 sda 4464968 4096 W 1400128317 656149303  
282 sda1 4462928 4096 W 1400128317 -1435335834  
282 sda 4464976 4096 W 1400128317 -1435335834  
282 sda1 4462936 4096 W 1400128317 503274037  
282 sda 4464984 4096 W 1400128317 503274037  
282 sda1 4462944 4096 W 1400128317 670320772  
282 sda 4464992 4096 W 1400128317 670320772  
1662 sda1 8466312 4096 W 1400128320 -688783753  
1662 sda 8468360 4096 W 1400128320 -688783753  
1662 sda1 8516888 4096 W 1400128320 705376508  
1662 sda 8518936 4096 W 1400128320 705376508  
1662 sda1 0 4096 W 1400128320 2086185644  
1662 sda 2048 4096 W 1400128320 2086185644  
1662 sda1 8 4096 W 1400128320 -2013202277  
1662 sda 2056 4096 W 1400128320 -2013202277  
1662 sda1 3592 4096 W 1400128320 700171379  
1662 sda 5640 4096 W 1400128320 700171379  
1662 sda1 3720 4096 W 1400128320 -1  
1662 sda 5768 4096 W 1400128320 -1  
1662 sda1 3752 4096 W 1400128320 -1  
1662 sda 5800 4096 W 1400128320 -1  
1662 sda1 3760 4096 W 1400128320 -760610646  
1662 sda 5808 4096 W 1400128320 -760610646  
1662 sda1 3848 4096 W 1400128320 1378502127  
1662 sda 5896 4096 W 1400128320 1378502127  
1662 sda1 4552 4096 W 1400128320 1628156957  
1662 sda 6600 4096 W 1400128320 1628156957  
1662 sda1 22312 4096 W 1400128320 1368375381  
1662 sda 24360 4096 W 1400128320 1368375381  
1662 sda1 25512 4096 W 1400128320 -1632525731  
1662 sda 27560 4096 W 1400128320 -1632525731  
1662 sda1 25520 4096 W 1400128320 656149303  
1662 sda 27568 4096 W 1400128320 656149303  
1662 sda1 69464 4096 W 1400128320 -241436813  
1662 sda 71512 4096 W 1400128320 -241436813  
1662 sda1 73936 4096 W 1400128320 1638825921  
1662 sda 75984 4096 W 1400128320 1638825921  
1662 sda1 4194344 4096 W 1400128320 1496922688  
1662 sda 4196392 4096 W 1400128320 1496922688  
1662 sda1 4194416 4096 W 1400128320 740659041  
1662 sda 4196464 4096 W 1400128320 740659041  
1662 sda1 4194488 4096 W 1400128320 1636286255  
1662 sda 4196536 4096 W 1400128320 1636286255  
1662 sda1 4217536 4096 W 1400128320 431412109  
1662 sda 4219584 4096 W 1400128320 431412109  
1662 sda1 4218520 4096 W 1400128320 503274037  
1662 sda 4220568 4096 W 1400128320 503274037  
1662 sda1 4221368 4096 W 1400128320 904000492  
1662 sda 4223416 4096 W 1400128320 904000492  
1662 sda1 4226232 4096 W 1400128320 1942758459  
1662 sda 4228280 4096 W 1400128320 1942758459  
1662 sda1 4226256 4096 W 1400128320 -439321669  
1662 sda 4228304 4096 W 1400128320 -439321669  
1662 sda1 4226264 4096 W 1400128320 38467811  
1662 sda 4228312 4096 W 1400128320 38467811  
1662 sda1 4226296 4096 W 1400128320 -680674545  
1662 sda 4228344 4096 W 1400128320 -680674545  
1662 sda1 4334368 4096 W 1400128320 939366883  
1662 sda 4336416 4096 W 1400128320 939366883  
1662 sda1 4354600 4096 W 1400128320 -2028842387  
1662 sda 4356648 4096 W 1400128320 -2028842387  
1662 sda1 8388648 4096 W 1400128320 -358885494  
1662 sda 8390696 4096 W 1400128320 -358885494  
1662 sda1 8388784 4096 W 1400128320 -2126805642  
1662 sda 8390832 4096 W 1400128320 -2126805642  
1662 sda1 8388792 4096 W 1400128320 -1356997979  
1662 sda 8390840 4096 W 1400128320 -1356997979  
1662 sda1 8389832 4096 W 1400128320 1790825916  
1662 sda 8391880 4096 W 1400128320 1790825916  
1662 sda1 8392864 4096 W 1400128320 -1181968967  
1662 sda 8394912 4096 W 1400128320 -1181968967  
1662 sda1 8416936 4096 W 1400128320 -1568013691  
1662 sda 8418984 4096 W 1400128320 -1568013691  
1662 sda1 8417048 4096 W 1400128320 180106414  
1662 sda 8419096 4096 W 1400128320 180106414  
1662 sda1 8419560 4096 W 1400128320 1774180190  
1662 sda 8421608 4096 W 1400128320 1774180190  
1662 sda1 8420312 4096 W 1400128320 -58282280  
1662 sda 8422360 4096 W 1400128320 -58282280  
1662 sda1 8420320 4096 W 1400128320 939790713  
1662 sda 8422368 4096 W 1400128320 939790713  
1662 sda1 5744000 8192 W 1400128320 -1826937386 -921661937  
1662 sda 5746048 8192 W 1400128320 -1826937386 -921661937  
1662 sda1 3608 4096 R 1400128320 1817589758  
1662 sda 5656 4096 R 1400128320 1817589758  
1662 sda1 838656 106496 W 1400128320 1736876276 415933401 -1537603667 -1239096702 -1341715270 1030318891 -1458391952 1870147959 -1975765746 315649902 1685938438 -196794567 -486789020 883484143 1266800070 259815692 -1208976272 -485264802 -362411415 -1362231500 -659380451 -1495753390 -729979947 1187205123 1976908983 -1408062251  
1662 sda 840704 106496 W 1400128320 1736876276 415933401 -1537603667 -1239096702 -1341715270 1030318891 -1458391952 1870147959 -1975765746 315649902 1685938438 -196794567 -486789020 883484143 1266800070 259815692 -1208976272 -485264802 -362411415 -1362231500 -659380451 -1495753390 -729979947 1187205123 1976908983 -1408062251  
1662 sda1 8085912 4096 W 1400128320 734949364  
1662 sda 8087960 4096 W 1400128320 734949364  
1662 sda1 8085920 4096 W 1400128320 358530706  
1662 sda 8087968 4096 W 1400128320 358530706  
1662 sda1 3624 4096 R 1400128320 1219132669  
1662 sda 5672 4096 R 1400128320 1219132669  
1662 sda1 3632 4096 R 1400128320 867747016  
1662 sda 5680 4096 R 1400128320 867747016  
1662 sda1 3640 4096 R 1400128320 -50599254  
1662 sda 5688 4096 R 1400128320 -50599254  
1662 sda1 1851392 524288 W 1400128320 -924568458 1472733451 713940784 976909746 -1172248752 -88513670 1601482048 1215950833 1252223595 274849555 -695031948 -1608340955 893898588 1817054653 -1407707578 -1425210743 -427370884 -596178691 -1156563369 1796539082 -1571810266 1879362119 10478538 666863205 1658240736 1429977437 -571676105 -610704549 -1597849394 153042780 1137578094 -1542434807 1598669113 -262938977 -1017836121 903539450 -1680017339 1086006527 312052939 -785161887 -1879004794 2030688750 -947993219 -637984711 1766846880 -770718780 17631 
1662 sda 1853440 524288 W 1400128320 -924568458 1472733451 713940784 976909746 -1172248752 -88513670 1601482048 1215950833 1252223595 274849555 -695031948 -1608340955 893898588 1817054653 -1407707578 -1425210743 -427370884 -596178691 -1156563369 1796539082 -1571810266 1879362119 10478538 666863205 1658240736 1429977437 -571676105 -610704549 -1597849394 153042780 1137578094 -1542434807 1598669113 -262938977 -1017836121 903539450 -1680017339 1086006527 312052939 -785161887 -1879004794 2030688750 -947993219 -637984711 1766846880 -770718780 17631 
1662 sda1 1852416 233472 W 1400128320 855227499 -1128217993 -1292655562 766771920 2140496137 2055639175 1821121389 399110365 -56268239 2019400540 696023817 1979124524 -1483639776 -907465658 -1719832412 304215579 -82954065 1401880787 738021310 -479073577 1532921182 1643816674 558509129 1742611557 214458256 -2000282701 -1197869282 -1008483259 1827561281 194309337 933743810 1714759234 -1071519447 1030055016 348512390 1915571174 944376167 450361804 -1178414418 -418745417 147964206 179267490 -1702431490 538412938 -1420701159 1981718039 -1072231327  
1662 sda 1854464 233472 W 1400128320 855227499 -1128217993 -1292655562 766771920 2140496137 2055639175 1821121389 399110365 -56268239 2019400540 696023817 1979124524 -1483639776 -907465658 -1719832412 304215579 -82954065 1401880787 738021310 -479073577 1532921182 1643816674 558509129 1742611557 214458256 -2000282701 -1197869282 -1008483259 1827561281 194309337 933743810 1714759234 -1071519447 1030055016 348512390 1915571174 944376167 450361804 -1178414418 -418745417 147964206 179267490 -1702431490 538412938 -1420701159 1981718039 -1072231327  
1848 sdb 105119744 4096 W 1400128320 389731587  
1848 sdb 105119744 4096 W 1400128320 389731587  
1848 sdb 105119752 4096 W 1400128320 1495850229  
1848 sdb 105119752 4096 W 1400128320 1495850229  
1848 sdb 105119760 4096 W 1400128320 972492175  
1848 sdb 105119760 4096 W 1400128320 972492175  
1848 sdb 105119768 4096 W 1400128320 151308298  
1848 sdb 105119768 4096 W 1400128320 151308298  
1848 sdb 105119776 4096 W 1400128320 -1323883515  
1848 sdb 105119776 4096 W 1400128320 -1323883515  
1848 sdb 105119784 4096 W 1400128320 -164410672  
1848 sdb 105119784 4096 W 1400128320 -164410672  
1848 sdb 105119792 4096 W 1400128320 1728759195  
1848 sdb 105119792 4096 W 1400128320 1728759195  
282 sda1 4462952 4096 W 1400128323 619539456  
282 sda 4465000 4096 W 1400128323 619539456  
282 sda1 4462960 4096 W 1400128323 -905974453  
282 sda 4465008 4096 W 1400128323 -905974453  
282 sda1 4462968 4096 W 1400128323 -1566997068  
282 sda 4465016 4096 W 1400128323 -1566997068  
282 sda1 4462976 4096 W 1400128323 -785712018  
282 sda 4465024 4096 W 1400128323 -785712018  
282 sda1 4462984 4096 W 1400128323 -1758212920  
282 sda 4465032 4096 W 1400128323 -1758212920  
282 sda1 4462992 4096 W 1400128323 -109341224  
282 sda 4465040 4096 W 1400128323 -109341224  
282 sda1 4463000 4096 W 1400128323 4377620  
282 sda 4465048 4096 W 1400128323 4377620  
282 sda1 4463008 4096 W 1400128323 103686026  
282 sda 4465056 4096 W 1400128323 103686026  
282 sda1 4463016 4096 W 1400128323 -1907110939  
282 sda 4465064 4096 W 1400128323 -1907110939  
282 sda1 4463024 4096 W 1400128323 423527109  
282 sda 4465072 4096 W 1400128323 423527109  
282 sda1 4463032 4096 W 1400128323 -1026150768  
282 sda 4465080 4096 W 1400128323 -1026150768  
282 sda1 4463040 4096 W 1400128323 -664794212  
282 sda 4465088 4096 W 1400128323 -664794212  
282 sda1 4463048 4096 W 1400128323 1055181901  
282 sda 4465096 4096 W 1400128323 1055181901  
1662 sda1 8085928 20480 W 1400128325 -496461097 -1344640953 1612821623 -2045561831 904602449  
1662 sda 8087976 20480 W 1400128325 -496461097 -1344640953 1612821623 -2045561831 904602449  
1858 sdb 0 4096 W 1400128325 972492175  
1858 sdb 0 4096 W 1400128325 972492175  
1858 sdb 8 4096 W 1400128325 -164410672  
1858 sdb 8 4096 W 1400128325 -164410672  
1858 sdb 8208 4096 W 1400128325 -1323883515  
1858 sdb 8208 4096 W 1400128325 -1323883515  
1858 sdb 8456 4096 W 1400128325 151308298  
1858 sdb 8456 4096 W 1400128325 151308298  
282 sda1 8085960 4096 W 1400128329 1336038036  
282 sda 8088008 4096 W 1400128329 1336038036  
282 sda1 4463056 4096 W 1400128329 -323366391  
282 sda 4465104 4096 W 1400128329 -323366391  
282 sda1 4463064 4096 W 1400128329 -474325746  
282 sda 4465112 4096 W 1400128329 -474325746  
282 sda1 4463072 4096 W 1400128329 1843989074  
282 sda 4465120 4096 W 1400128329 1843989074  
282 sda1 4463080 4096 W 1400128329 -1338990479  
282 sda 4465128 4096 W 1400128329 -1338990479  
282 sda1 4463088 4096 W 1400128329 -1680284359  
282 sda 4465136 4096 W 1400128329 -1680284359  
282 sda1 8085960 4096 W 1400128335 -1349665513  
282 sda 8088008 4096 W 1400128335 -1349665513  
282 sda1 4463096 4096 W 1400128335 1413028722  
282 sda 4465144 4096 W 1400128335 1413028722  
282 sda1 4463104 4096 W 1400128335 954135098  
282 sda 4465152 4096 W 1400128335 954135098  
282 sda1 4463112 4096 W 1400128335 -1505509279  
282 sda 4465160 4096 W 1400128335 -1505509279  
282 sda1 8085960 4096 W 1400128341 1020953850  
282 sda 8088008 4096 W 1400128341 1020953850  
282 sda1 4463120 4096 W 1400128341 392363717  
282 sda 4465168 4096 W 1400128341 392363717  
282 sda1 4463128 4096 W 1400128341 -826065317  
282 sda 4465176 4096 W 1400128341 -826065317  
282 sda1 4463136 4096 W 1400128341 -482162373  
282 sda 4465184 4096 W 1400128341 -482162373  
282 sda1 4463144 4096 W 1400128341 -1666907680  
282 sda 4465192 4096 W 1400128341 -1666907680  
2084 sda1 5180600 16384 R 1400128346  
2084 sda 5182648 16384 R 1400128346  
2084 sda1 5180728 73728 R 1400128346  
2084 sda 5182776 73728 R 1400128346  
2084 sda1 5180632 49152 R 1400128346  
2084 sda 5182680 49152 R 1400128346  
2084 sda1 9015120 4096 R 1400128346  
2084 sda 9017168 4096 R 1400128346  
2084 sda1 9015152 53248 R 1400128346  
2084 sda 9017200 53248 R 1400128346  
2085 sda1 4747568 16384 R 1400128346  
2085 sda 4749616 16384 R 1400128346  
2085 sda1 4906256 69632 R 1400128346  
2085 sda 4908304 69632 R 1400128346  
2085 sda1 4905416 73728 R 1400128346  
2085 sda 4907464 73728 R 1400128346  
2085 sda1 4905568 4096 R 1400128346  
2085 sda 4907616 4096 R 1400128346  
2085 sda1 4905584 4096 R 1400128346  
2085 sda 4907632 4096 R 1400128346  
2085 sda1 4905624 4096 R 1400128346  
2085 sda 4907672 4096 R 1400128346  
2085 sda1 4905648 12288 R 1400128346  
2085 sda 4907696 12288 R 1400128346  
2085 sda1 4905768 4096 R 1400128346  
2085 sda 4907816 4096 R 1400128346  
2085 sda1 4905784 8192 R 1400128346  
2085 sda 4907832 8192 R 1400128346  
2085 sda1 4905824 4096 R 1400128346  
2085 sda 4907872 4096 R 1400128346  
2085 sda1 4905840 81920 R 1400128346  
2085 sda 4907888 81920 R 1400128346  
2085 sda1 4906088 49152 R 1400128346  
2085 sda 4908136 49152 R 1400128346  
2085 sda1 4906208 4096 R 1400128346  
2085 sda 4908256 4096 R 1400128346  
2085 sda1 4906224 8192 R 1400128346  
2085 sda 4908272 8192 R 1400128346  
2085 sda1 4906248 4096 R 1400128346  
2085 sda 4908296 4096 R 1400128346  
2085 sda1 4906032 4096 R 1400128346  
2085 sda 4908080 4096 R 1400128346  
2085 sda1 4905696 8192 R 1400128347  
2085 sda 4907744 8192 R 1400128347  
2085 sda1 4905736 12288 R 1400128347  
2085 sda 4907784 12288 R 1400128347  
2085 sda1 4747672 4096 R 1400128347  
2085 sda 4749720 4096 R 1400128347  
2085 sda1 4747600 32768 R 1400128347  
2085 sda 4749648 32768 R 1400128347  
2085 sda1 4747664 4096 R 1400128347  
2085 sda 4749712 4096 R 1400128347  
2085 sda1 4217352 4096 R 1400128347 -1163150598  
2085 sda 4219400 4096 R 1400128347 -1163150598  
2085 sda1 4217360 4096 R 1400128347 -1155028910  
2085 sda 4219408 4096 R 1400128347 -1155028910  
2085 sda1 4217368 4096 R 1400128347 939266960  
2085 sda 4219416 4096 R 1400128347 939266960  
2085 sda1 4217392 4096 R 1400128347 -1536213080  
2085 sda 4219440 4096 R 1400128347 -1536213080  
2085 sda1 4217400 4096 R 1400128347 908193979  
2085 sda 4219448 4096 R 1400128347 908193979  
2085 sda1 4217440 4096 R 1400128347 -1203601835  
2085 sda 4219488 4096 R 1400128347 -1203601835  
2085 sda1 4217464 4096 R 1400128347 -1705679358  
2085 sda 4219512 4096 R 1400128347 -1705679358  
2085 sda1 4217488 4096 R 1400128347 1957288642  
2085 sda 4219536 4096 R 1400128347 1957288642  
2085 sda1 4217496 4096 R 1400128347 -1982795208  
2085 sda 4219544 4096 R 1400128347 -1982795208  
2085 sda1 4217512 4096 R 1400128347 606329509  
2085 sda 4219560 4096 R 1400128347 606329509  
2085 sda1 4217520 4096 R 1400128347 -1894801359  
2085 sda 4219568 4096 R 1400128347 -1894801359  
2085 sda1 4217528 4096 R 1400128347 -1578890392  
2085 sda 4219576 4096 R 1400128347 -1578890392  
2085 sda1 4217552 4096 R 1400128347 -1364018726  
2085 sda 4219600 4096 R 1400128347 -1364018726  
2085 sda1 4217560 4096 R 1400128347 -941546658  
2085 sda 4219608 4096 R 1400128347 -941546658  
2085 sda1 4217568 4096 R 1400128347 -1467851455  
2085 sda 4219616 4096 R 1400128347 -1467851455  
2085 sda1 4217584 4096 R 1400128347 -2015376676  
2085 sda 4219632 4096 R 1400128347 -2015376676  
2085 sda1 4217592 4096 R 1400128347 -366284350  
2085 sda 4219640 4096 R 1400128347 -366284350  
2085 sda1 4217600 4096 R 1400128347 -478846476  
2085 sda 4219648 4096 R 1400128347 -478846476  
2085 sda1 4217448 4096 R 1400128347 1070451078  
2085 sda 4219496 4096 R 1400128347 1070451078  
2085 sda1 6425440 8192 R 1400128347  
2085 sda 6427488 8192 R 1400128347  
2085 sda1 5684672 16384 R 1400128347  
2085 sda 5686720 16384 R 1400128347  
2085 sda1 5684704 24576 R 1400128347  
2085 sda 5686752 24576 R 1400128347  
2085 sda1 6431144 4096 R 1400128347  
2085 sda 6433192 4096 R 1400128347  
2085 sda1 5721056 12288 R 1400128347  
2085 sda 5723104 12288 R 1400128347  
2085 sda1 4267392 4096 R 1400128347 -109637625  
2085 sda 4269440 4096 R 1400128347 -109637625  
2085 sda1 4199168 4096 R 1400128347 -1929481989  
2085 sda 4201216 4096 R 1400128347 -1929481989  
2085 sda1 4199176 4096 R 1400128347 -328126041  
2085 sda 4201224 4096 R 1400128347 -328126041  
2085 sda1 4199184 4096 R 1400128347 -957928197  
2085 sda 4201232 4096 R 1400128347 -957928197  
2085 sda1 4199192 4096 R 1400128347 1540204067  
2085 sda 4201240 4096 R 1400128347 1540204067  
2085 sda1 4199200 4096 R 1400128347 -1316956697  
2085 sda 4201248 4096 R 1400128347 -1316956697  
2085 sda1 4199208 4096 R 1400128347 432883639  
2085 sda 4201256 4096 R 1400128347 432883639  
2085 sda1 4199216 4096 R 1400128347 1586137286  
2085 sda 4201264 4096 R 1400128347 1586137286  
2085 sda1 4199272 4096 R 1400128347 791397887  
2085 sda 4201320 4096 R 1400128347 791397887  
2085 sda1 4199280 4096 R 1400128347 -644372444  
2085 sda 4201328 4096 R 1400128347 -644372444  
2085 sda1 4199328 4096 R 1400128347 262869229  
2085 sda 4201376 4096 R 1400128347 262869229  
2085 sda1 4199336 4096 R 1400128347 -131168138  
2085 sda 4201384 4096 R 1400128347 -131168138  
2085 sda1 4199344 4096 R 1400128347 -1355051536  
2085 sda 4201392 4096 R 1400128347 -1355051536  
2085 sda1 4199352 4096 R 1400128347 -2054966504  
2085 sda 4201400 4096 R 1400128347 -2054966504  
2085 sda1 4199360 4096 R 1400128347 -671480420  
2085 sda 4201408 4096 R 1400128347 -671480420  
2085 sda1 4199368 4096 R 1400128347 1010874005  
2085 sda 4201416 4096 R 1400128347 1010874005  
2085 sda1 4199376 4096 R 1400128347 1010874005  
2085 sda 4201424 4096 R 1400128347 1010874005  
2085 sda1 4199384 4096 R 1400128347 -1245461886  
2085 sda 4201432 4096 R 1400128347 -1245461886  
2085 sda1 4199392 4096 R 1400128347 -316759176  
2085 sda 4201440 4096 R 1400128347 -316759176  
2085 sda1 4199400 4096 R 1400128347 1780400322  
2085 sda 4201448 4096 R 1400128347 1780400322  
2085 sda1 4199408 4096 R 1400128347 938175503  
2085 sda 4201456 4096 R 1400128347 938175503  
2085 sda1 4199264 4096 R 1400128347 -837799579  
2085 sda 4201312 4096 R 1400128347 -837799579  
2085 sda1 12637352 4096 R 1400128347 -1316956697  
282 sda1 8085960 4096 W 1400128347 2129180736  
282 sda 8088008 4096 W 1400128347 2129180736  
2085 sda 12639400 4096 R 1400128347 -1316956697  
282 sda1 4463152 4096 W 1400128347 -1627827245  
282 sda 4465200 4096 W 1400128347 -1627827245  
282 sda1 4463160 4096 W 1400128347 -811904576  
282 sda 4465208 4096 W 1400128347 -811904576  
2085 sda1 4218368 4096 R 1400128347 235121803  
2085 sda 4220416 4096 R 1400128347 235121803  
2085 sda1 4218384 4096 R 1400128347 -273849119  
2085 sda 4220432 4096 R 1400128347 -273849119  
2085 sda1 4218392 4096 R 1400128347 -1913152186  
2085 sda 4220440 4096 R 1400128347 -1913152186  
2085 sda1 4218400 4096 R 1400128347 -2870787  
2085 sda 4220448 4096 R 1400128347 -2870787  
2085 sda1 4218408 4096 R 1400128347 1049771905  
2085 sda 4220456 4096 R 1400128347 1049771905  
2085 sda1 4218416 4096 R 1400128347 -53583278  
2085 sda 4220464 4096 R 1400128347 -53583278  
2085 sda1 4218424 4096 R 1400128347 1267732595  
2085 sda 4220472 4096 R 1400128347 1267732595  
2085 sda1 4218440 4096 R 1400128347 -352486211  
2085 sda 4220488 4096 R 1400128347 -352486211  
2085 sda1 4218448 4096 R 1400128347 1601710266  
2085 sda 4220496 4096 R 1400128347 1601710266  
2085 sda1 4218456 4096 R 1400128347 64953082  
2085 sda 4220504 4096 R 1400128347 64953082  
2085 sda1 4218464 4096 R 1400128347 -1488020351  
2085 sda 4220512 4096 R 1400128347 -1488020351  
2085 sda1 4218472 4096 R 1400128347 1314359727  
2085 sda 4220520 4096 R 1400128347 1314359727  
2085 sda1 4218488 4096 R 1400128347 1521258777  
2085 sda 4220536 4096 R 1400128347 1521258777  
2085 sda1 4218496 4096 R 1400128347 1589596864  
2085 sda 4220544 4096 R 1400128347 1589596864  
2085 sda1 4218504 4096 R 1400128347 -1689178395  
2085 sda 4220552 4096 R 1400128347 -1689178395  
2085 sda1 4218528 4096 R 1400128347 525498464  
2085 sda 4220576 4096 R 1400128347 525498464  
2085 sda1 4218536 4096 R 1400128347 552095337  
2085 sda 4220584 4096 R 1400128347 552095337  
2085 sda1 4218544 4096 R 1400128347 -212821514  
2085 sda 4220592 4096 R 1400128347 -212821514  
2085 sda1 4218552 4096 R 1400128347 -1601135167  
2085 sda 4220600 4096 R 1400128347 -1601135167  
2085 sda1 4218560 4096 R 1400128347 976750381  
2085 sda 4220608 4096 R 1400128347 976750381  
2085 sda1 4218568 4096 R 1400128347 -1316956697  
2085 sda 4220616 4096 R 1400128347 -1316956697  
2085 sda1 4218576 4096 R 1400128347 -1704285336  
2085 sda 4220624 4096 R 1400128347 -1704285336  
2085 sda1 4218584 4096 R 1400128347 -1680171571  
2085 sda 4220632 4096 R 1400128347 -1680171571  
2085 sda1 4218592 4096 R 1400128347 1246113727  
2085 sda 4220640 4096 R 1400128347 1246113727  
2085 sda1 4218600 4096 R 1400128347 1540784365  
2085 sda 4220648 4096 R 1400128347 1540784365  
2085 sda1 4218608 4096 R 1400128347 -581653174  
2085 sda 4220656 4096 R 1400128347 -581653174  
2085 sda1 4218616 4096 R 1400128347 1291478673  
2085 sda 4220664 4096 R 1400128347 1291478673  
2085 sda1 4218624 4096 R 1400128347 -2029437117  
2085 sda 4220672 4096 R 1400128347 -2029437117  
2085 sda1 4218480 4096 R 1400128347 -1837987870  
2085 sda 4220528 4096 R 1400128347 -1837987870  
282 sda1 4463168 4096 W 1400128347 -706090642  
282 sda 4465216 4096 W 1400128347 -706090642  
2085 sda1 6480856 4096 R 1400128347  
2085 sda 6482904 4096 R 1400128347  
2085 sda1 12589320 4096 R 1400128347 735443124  
2085 sda 12591368 4096 R 1400128347 735443124  
2085 sda1 12589328 4096 R 1400128347 501748961  
2085 sda 12591376 4096 R 1400128347 501748961  
2085 sda1 12589336 4096 R 1400128347 -1970731910  
2085 sda 12591384 4096 R 1400128347 -1970731910  
2085 sda1 12589344 4096 R 1400128347 647385631  
2085 sda 12591392 4096 R 1400128347 647385631  
2085 sda1 12589352 4096 R 1400128347 -1822559790  
2085 sda 12591400 4096 R 1400128347 -1822559790  
2085 sda1 12589360 4096 R 1400128347 732789966  
2085 sda 12591408 4096 R 1400128347 732789966  
2085 sda1 12589368 4096 R 1400128347 1237206748  
2085 sda 12591416 4096 R 1400128347 1237206748  
2085 sda1 12589376 4096 R 1400128347 -1963366364  
2085 sda 12591424 4096 R 1400128347 -1963366364  
2085 sda1 12589384 4096 R 1400128347 2098603743  
2085 sda 12591432 4096 R 1400128347 2098603743  
2085 sda1 12589464 4096 R 1400128347 -1184573302  
2085 sda 12591512 4096 R 1400128347 -1184573302  
2085 sda1 12589472 4096 R 1400128347 342040364  
2085 sda 12591520 4096 R 1400128347 342040364  
2085 sda1 12589504 4096 R 1400128347 -2067025385  
2085 sda 12591552 4096 R 1400128347 -2067025385  
2085 sda1 12589520 4096 R 1400128347 348662977  
2085 sda 12591568 4096 R 1400128347 348662977  
2085 sda1 12589528 4096 R 1400128347 -1224235059  
2085 sda 12591576 4096 R 1400128347 -1224235059  
2085 sda1 12589536 4096 R 1400128347 527461421  
2085 sda 12591584 4096 R 1400128347 527461421  
2085 sda1 12589432 4096 R 1400128347 913241147  
2085 sda 12591480 4096 R 1400128347 913241147  
2085 sda1 6480000 16384 R 1400128347  
2085 sda 6482048 16384 R 1400128347  
2085 sda1 6480368 4096 R 1400128347  
2085 sda 6482416 4096 R 1400128347  
2085 sda1 6480192 16384 R 1400128347  
2085 sda 6482240 16384 R 1400128347  
2085 sda1 6480224 24576 R 1400128347  
2085 sda 6482272 24576 R 1400128347  
2085 sda1 6480448 12288 R 1400128347  
2085 sda 6482496 12288 R 1400128347  
2085 sda1 6480056 12288 R 1400128347  
2085 sda 6482104 12288 R 1400128347  
2085 sda1 5679680 16384 R 1400128347  
2085 sda 5681728 16384 R 1400128347  
2085 sda1 5679712 12288 R 1400128347  
2085 sda 5681760 12288 R 1400128347  
2085 sda1 5720688 28672 R 1400128347  
2085 sda 5722736 28672 R 1400128347  
2085 sda1 5720768 28672 R 1400128347  
2085 sda 5722816 28672 R 1400128347  
2085 sda1 6480120 4096 R 1400128347  
2085 sda 6482168 4096 R 1400128347  
2085 sda1 9023128 4096 R 1400128347  
2085 sda 9025176 4096 R 1400128347  
2085 sda1 9023160 8192 R 1400128347  
2085 sda 9025208 8192 R 1400128347  
2085 sda1 9023184 12288 R 1400128347  
2085 sda 9025232 12288 R 1400128347  
2085 sda1 6480384 16384 R 1400128347  
2085 sda 6482432 16384 R 1400128347  
2085 sda1 6480416 16384 R 1400128347  
2085 sda 6482464 16384 R 1400128347  
2085 sda1 6480608 16384 R 1400128347  
2085 sda 6482656 16384 R 1400128347  
2085 sda1 6480640 32768 R 1400128347  
2085 sda 6482688 32768 R 1400128347  
2085 sda1 6480704 32768 R 1400128347  
2085 sda 6482752 32768 R 1400128347  
2085 sda1 5719424 4096 R 1400128347  
2085 sda 5721472 4096 R 1400128347  
2085 sda1 5719440 12288 R 1400128347  
2085 sda 5721488 12288 R 1400128347  
2085 sda1 6480912 4096 R 1400128347  
2085 sda 6482960 4096 R 1400128347  
2085 sda1 6480544 16384 R 1400128347  
2085 sda 6482592 16384 R 1400128347  
2085 sda1 6480272 8192 R 1400128347  
2085 sda 6482320 8192 R 1400128347  
2085 sda1 6432896 16384 R 1400128347  
2085 sda 6434944 16384 R 1400128347  
2085 sda1 6432928 8192 R 1400128347  
2085 sda 6434976 8192 R 1400128347  
2085 sda1 6480376 4096 R 1400128347  
2085 sda 6482424 4096 R 1400128347  
2085 sda1 6480976 12288 R 1400128347  
2085 sda 6483024 12288 R 1400128347  
2085 sda1 5697120 16384 R 1400128347  
2085 sda 5699168 16384 R 1400128347  
2085 sda1 5070200 16384 R 1400128347  
2085 sda 5072248 16384 R 1400128347  
2085 sda1 5070232 40960 R 1400128347  
2085 sda 5072280 40960 R 1400128347  
2085 sda1 6480576 16384 R 1400128347  
2085 sda 6482624 16384 R 1400128347  
2085 sda1 6480048 4096 R 1400128347  
2085 sda 6482096 4096 R 1400128347  
2085 sda1 6479992 4096 R 1400128347  
2085 sda 6482040 4096 R 1400128347  
2085 sda1 6480768 16384 R 1400128347  
2085 sda 6482816 16384 R 1400128347  
2085 sda1 6480128 16384 R 1400128347  
2085 sda 6482176 16384 R 1400128347  
2085 sda1 6480160 16384 R 1400128347  
2085 sda 6482208 16384 R 1400128347  
2085 sda1 6480080 16384 R 1400128347  
2085 sda 6482128 16384 R 1400128347  
2085 sda1 6480112 4096 R 1400128347  
2085 sda 6482160 4096 R 1400128347  
2085 sda1 6480832 12288 R 1400128347  
2085 sda 6482880 12288 R 1400128347  
2085 sda1 6480888 12288 R 1400128347  
2085 sda 6482936 12288 R 1400128347  
2085 sda1 6480864 12288 R 1400128347  
2085 sda 6482912 12288 R 1400128347  
2085 sda1 6480288 16384 R 1400128347  
2085 sda 6482336 16384 R 1400128347  
2085 sda1 4269304 4096 R 1400128347 1010874005  
2085 sda 4271352 4096 R 1400128347 1010874005  
2085 sda1 4269312 4096 R 1400128347  
2085 sda 4271360 4096 R 1400128347  
2085 sda1 111656 4096 R 1400128347 1010874005  
2085 sda 113704 4096 R 1400128347 1010874005  
2085 sda1 18944 4096 R 1400128347 1010874005  
2085 sda 20992 4096 R 1400128347 1010874005  
2085 sda1 18952 4096 R 1400128347 1010874005  
2085 sda 21000 4096 R 1400128347 1010874005  
2085 sda1 18960 4096 R 1400128347 1010874005  
2085 sda 21008 4096 R 1400128347 1010874005  
2085 sda1 18968 4096 R 1400128347 1010874005  
2085 sda 21016 4096 R 1400128347 1010874005  
2085 sda1 18976 4096 R 1400128347 1010874005  
2085 sda 21024 4096 R 1400128347 1010874005  
2085 sda1 18984 4096 R 1400128347 1010874005  
2085 sda 21032 4096 R 1400128347 1010874005  
2085 sda1 18992 4096 R 1400128347 1010874005  
2085 sda 21040 4096 R 1400128347 1010874005  
2085 sda1 19000 4096 R 1400128347 1010874005  
2085 sda 21048 4096 R 1400128347 1010874005  
2085 sda1 19008 4096 R 1400128347 1010874005  
2085 sda 21056 4096 R 1400128347 1010874005  
2085 sda1 19016 4096 R 1400128347 1010874005  
2085 sda 21064 4096 R 1400128347 1010874005  
2085 sda1 19024 4096 R 1400128347 1010874005  
2085 sda 21072 4096 R 1400128347 1010874005  
2085 sda1 19032 4096 R 1400128347 1010874005  
2085 sda 21080 4096 R 1400128347 1010874005  
2085 sda1 19048 4096 R 1400128347 1010874005  
2085 sda 21096 4096 R 1400128347 1010874005  
2085 sda1 19056 4096 R 1400128347 1010874005  
2085 sda 21104 4096 R 1400128347 1010874005  
2085 sda1 19064 4096 R 1400128347 1010874005  
2085 sda 21112 4096 R 1400128347 1010874005  
2085 sda1 19080 4096 R 1400128347 1010874005  
2085 sda 21128 4096 R 1400128347 1010874005  
2085 sda1 19088 4096 R 1400128347 1010874005  
2085 sda 21136 4096 R 1400128347 1010874005  
2085 sda1 19096 4096 R 1400128347 1010874005  
2085 sda 21144 4096 R 1400128347 1010874005  
2085 sda1 19112 4096 R 1400128347 1589672036  
2085 sda 21160 4096 R 1400128347 1589672036  
2085 sda1 19120 4096 R 1400128347 -1839393984  
2085 sda 21168 4096 R 1400128347 -1839393984  
2085 sda1 19128 4096 R 1400128347 1392609567  
2085 sda 21176 4096 R 1400128347 1392609567  
2085 sda1 19184 4096 R 1400128347 1010874005  
2085 sda 21232 4096 R 1400128347 1010874005  
2085 sda1 6481224 4096 R 1400128347  
2085 sda 6483272 4096 R 1400128347  
2085 sda1 4902784 4096 R 1400128347  
2085 sda 4904832 4096 R 1400128347  
2085 sda1 4902912 4096 R 1400128347  
2085 sda 4904960 4096 R 1400128347  
2085 sda1 4902968 12288 R 1400128347  
2085 sda 4905016 12288 R 1400128347  
2085 sda1 6480920 16384 R 1400128347  
2085 sda 6482968 16384 R 1400128347  
2085 sda1 6480952 12288 R 1400128347  
2085 sda 6483000 12288 R 1400128347  
2085 sda1 6480320 16384 R 1400128347  
2085 sda 6482368 16384 R 1400128347  
2085 sda1 6480352 8192 R 1400128347  
2085 sda 6482400 8192 R 1400128347  
2085 sda1 6480800 16384 R 1400128347  
2085 sda 6482848 16384 R 1400128347  
2085 sda1 6480472 16384 R 1400128347  
2085 sda 6482520 16384 R 1400128347  
2085 sda1 6480504 8192 R 1400128347  
2085 sda 6482552 8192 R 1400128347  
2085 sda1 6480520 12288 R 1400128347  
2085 sda 6482568 12288 R 1400128347  
2085 sda1 4903408 12288 R 1400128347  
2085 sda 4905456 12288 R 1400128347  
2084 sda1 9022992 8192 R 1400128347  
2084 sda 9025040 8192 R 1400128347  
2084 sda1 9022800 40960 R 1400128347  
2084 sda 9024848 40960 R 1400128347  
2084 sda1 9022888 4096 R 1400128347  
2084 sda 9024936 4096 R 1400128347  
2084 sda1 9022904 16384 R 1400128347  
2084 sda 9024952 16384 R 1400128347  
2084 sda1 9023272 4096 R 1400128347  
2084 sda 9025320 4096 R 1400128347  
2084 sda1 9023304 4096 R 1400128347  
2084 sda 9025352 4096 R 1400128347  
2084 sda1 9023320 12288 R 1400128347  
2084 sda 9025368 12288 R 1400128347  
282 sda1 4463176 4096 W 1400128352 1787108230  
282 sda 4465224 4096 W 1400128352 1787108230  
282 sda1 4463184 4096 W 1400128352 -756657891  
282 sda 4465232 4096 W 1400128352 -756657891  
282 sda1 4463192 4096 W 1400128352 -760610646  
282 sda 4465240 4096 W 1400128352 -760610646  
282 sda1 4463200 4096 W 1400128352 -1338990479  
282 sda 4465248 4096 W 1400128352 -1338990479  
282 sda1 4463208 4096 W 1400128352 75086703  
282 sda 4465256 4096 W 1400128352 75086703  
282 sda1 4463216 4096 W 1400128352 561500502  
282 sda 4465264 4096 W 1400128352 561500502  
282 sda1 4463224 4096 W 1400128352 1259720688  
282 sda 4465272 4096 W 1400128352 1259720688  
282 sda1 4463232 4096 W 1400128352 2086185644  
282 sda 4465280 4096 W 1400128352 2086185644  
282 sda1 4463240 4096 W 1400128352 700171379  
282 sda 4465288 4096 W 1400128352 700171379  
282 sda1 4463248 4096 W 1400128352 -2134316946  
282 sda 4465296 4096 W 1400128352 -2134316946  
282 sda1 4463256 4096 W 1400128352 820164850  
282 sda 4465304 4096 W 1400128352 820164850  
282 sda1 4463264 4096 W 1400128352 1819821329  
282 sda 4465312 4096 W 1400128352 1819821329  
1662 sda1 0 4096 W 1400128355 2086185644  
1662 sda 2048 4096 W 1400128355 2086185644  
1662 sda1 8 4096 W 1400128355 -1338990479  
1662 sda 2056 4096 W 1400128355 -1338990479  
1662 sda1 3592 4096 W 1400128355 700171379  
1662 sda 5640 4096 W 1400128355 700171379  
1662 sda1 3616 4096 W 1400128355 -109341224  
1662 sda 5664 4096 W 1400128355 -109341224  
1662 sda1 3648 4096 W 1400128355 -1026150768  
1662 sda 5696 4096 W 1400128355 -1026150768  
1662 sda1 3760 4096 W 1400128355 -760610646  
1662 sda 5808 4096 W 1400128355 -760610646  
1662 sda1 3848 4096 W 1400128355 561500502  
1662 sda 5896 4096 W 1400128355 561500502  
1662 sda1 4552 4096 W 1400128355 4377620  
1662 sda 6600 4096 W 1400128355 4377620  
1662 sda1 22312 4096 W 1400128355 -1907110939  
1662 sda 24360 4096 W 1400128355 -1907110939  
1662 sda1 25512 4096 W 1400128355 423527109  
1662 sda 27560 4096 W 1400128355 423527109  
1662 sda1 25520 4096 W 1400128355 75086703  
1662 sda 27568 4096 W 1400128355 75086703  
1662 sda1 69464 4096 W 1400128355 1259720688  
1662 sda 71512 4096 W 1400128355 1259720688  
1662 sda1 4194344 4096 W 1400128355 -1566997068  
1662 sda 4196392 4096 W 1400128355 -1566997068  
1662 sda1 4194416 4096 W 1400128355 1843989074  
1662 sda 4196464 4096 W 1400128355 1843989074  
1662 sda1 4226296 4096 W 1400128355 -1758212920  
1662 sda 4228344 4096 W 1400128355 -1758212920  
1662 sda1 8420312 4096 W 1400128355 -2134316946  
1662 sda 8422360 4096 W 1400128355 -2134316946  
282 sda1 4463272 4096 W 1400128358 2039386698  
282 sda 4465320 4096 W 1400128358 2039386698  
282 sda1 4463280 4096 W 1400128358 988928471  
282 sda 4465328 4096 W 1400128358 988928471  
282 sda1 4463288 4096 W 1400128358 359089185  
282 sda 4465336 4096 W 1400128358 359089185  
1662 sda1 8085968 24576 W 1400128360 -1475654870 1557006307 1490406474 381433288 -326344795 854108673  
1662 sda 8088016 24576 W 1400128360 -1475654870 1557006307 1490406474 381433288 -326344795 854108673  
282 sda1 8086008 4096 W 1400128364 1662789896  
282 sda 8088056 4096 W 1400128364 1662789896  
282 sda1 4463296 4096 W 1400128364 198054800  
282 sda 4465344 4096 W 1400128364 198054800  
282 sda1 4463304 4096 W 1400128364 951592128  
282 sda 4465352 4096 W 1400128364 951592128  
282 sda1 4463312 4096 W 1400128364 -1846855366  
282 sda 4465360 4096 W 1400128364 -1846855366  
282 sda1 4463320 4096 W 1400128364 -1596398146  
282 sda 4465368 4096 W 1400128364 -1596398146  
282 sda1 4463328 4096 W 1400128364 -67647087  
282 sda 4465376 4096 W 1400128364 -67647087  
282 sda1 8085920 4096 W 1400128370 -326219114  
282 sda 8087968 4096 W 1400128370 -326219114  
282 sda1 8085912 4096 W 1400128370 2074126748  
282 sda 8087960 4096 W 1400128370 2074126748  
282 sda1 8086008 4096 W 1400128370 -651470210  
282 sda 8088056 4096 W 1400128370 -651470210  
282 sda1 4463336 4096 W 1400128370 472558013  
282 sda 4465384 4096 W 1400128370 472558013  
282 sda1 4463344 4096 W 1400128370 -2077170353  
282 sda 4465392 4096 W 1400128370 -2077170353  
282 sda1 4463352 4096 W 1400128370 1943900574  
282 sda 4465400 4096 W 1400128370 1943900574  
282 sda1 4463360 4096 W 1400128370 -85775291  
282 sda 4465408 4096 W 1400128370 -85775291  
282 sda1 4463368 4096 W 1400128370 -1671671710  
282 sda 4465416 4096 W 1400128370 -1671671710  
