3532 sdb 8208 4096 R 1400289470353444612 1913913175  
3532 sdb 8208 4096 R 1400289470353465028 1913913175  
bcache: 3532 1400289470354212818 -1814797393  4096 
bcache: 3532 1400289470354477991 1209051816  4096 
bcache: 3532 1400289470354777925 1016530840  4096 
bcache: 3532 1400289470355038864 -942363415  4096 
bcache: 3532 1400289470355297729 1208975310  4096 
bcache: 3532 1400289470355556179 1587037940  4096 
bcache: 3532 1400289470355850696 -517629796  4096 
bcache: 3532 1400289470356111812 1751790330  4096 
bcache: 3532 1400289470356370999 -1141941101  4096 
bcache: 3532 1400289470356630397 -1682432245  4096 
bcache: 3532 1400289470356889575 2060522791  4096 
bcache: 3532 1400289470357148895 -979087292  4096 
bcache: 3532 1400289470357413180 -134599489  4096 
bcache: 3532 1400289470357672887 -1588765671  4096 
bcache: 3532 1400289470357932603 -21594762  4096 
bcache: 3532 1400289470358191984 186664416  4096 
bcache: 3532 1400289470358452112 -885080796  4096 
bcache: 3532 1400289470358697784 1363119883  4096 
bcache: 3532 1400289470358697859 -1437862424  4096 
bcache: 3532 1400289470359022698 -1777750634  4096 
bcache: 3532 1400289470359282454 -270474420  4096 
bcache: 3532 1400289470359599739 1371314866  4096 
bcache: 3532 1400289470359861145 -101671662  4096 
bcache: 3532 1400289470360120483 -1932054016  4096 
bcache: 3532 1400289470360379491 690119116  4096 
bcache: 3532 1400289470360639123 2124348773  4096 
bcache: 3532 1400289470361018772 893157643  4096 
bcache: 3532 1400289470361280265 378253471  4096 
bcache: 3532 1400289470361539161 2018125277  4096 
bcache: 3532 1400289470361853791 230225949  4096 
bcache: 3532 1400289470362115096 -800314915  4096 
bcache: 3532 1400289470362396498 105237628  4096 
bcache: 3532 1400289470362656329 -1658233306  4096 
bcache: 3532 1400289470362930954 1250236506  4096 
bcache: 3532 1400289470363192210 470935963  4096 
bcache: 3532 1400289470363483312 2133121893  4096 
bcache: 3532 1400289470363743786 -1905784525  4096 
bcache: 3532 1400289470364069338 -1311909141  4096 
bcache: 3532 1400289470364348863 -680897148  4096 
bcache: 3532 1400289470364609592 1655963700  4096 
bcache: 3532 1400289470364874654 -1942444729  4096 
bcache: 3532 1400289470365133903 -781144682  4096 
bcache: 3532 1400289470365392541 -1489028446  4096 
bcache: 3532 1400289470365650694 1704605509  4096 
bcache: 3532 1400289470365908781 -1706016728  4096 
bcache: 3532 1400289470366167656 -528200999  4096 
bcache: 3532 1400289470366426703 -1042049361  4096 
bcache: 3532 1400289470366787202 1319544971  4096 
bcache: 3532 1400289470367113903 19459085  4096 
bcache: 3532 1400289470367471943 1269835059  4096 
222 sda1 145056 4096 W 1400289474694939041 1317451633  
222 sda 147104 4096 W 1400289474694987058 1317451633  
222 sda1 6632944 4096 W 1400289474695127194 360118158  
222 sda 6634992 4096 W 1400289474695167007 360118158  
222 sda1 6674056 4096 W 1400289474695475303 390218018  
222 sda 6676104 4096 W 1400289474695515029 390218018  
222 sda1 6675000 4096 W 1400289474695655323 -512112483  
222 sda 6677048 4096 W 1400289474696024799 -512112483  
222 sda1 4510456 4096 W 1400289474696181371 -583745105  
222 sda 4512504 4096 W 1400289474696345434 -583745105  
222 sda1 4510464 4096 W 1400289474696383256 1906361317  
222 sda 4512512 4096 W 1400289474696415826 1906361317  
222 sda1 4510472 4096 W 1400289474696450509 46643237  
222 sda 4512520 4096 W 1400289474696482911 46643237  
222 sda1 4510480 4096 W 1400289474696516374 -50681570  
222 sda 4512528 4096 W 1400289474696548786 -50681570  
222 sda1 4510488 4096 W 1400289474696582038 1341966778  
222 sda 4512536 4096 W 1400289474696614239 1341966778  
222 sda1 4510496 4096 W 1400289474696647289 1889442067  
222 sda 4512544 4096 W 1400289474696679470 1889442067  
222 sda1 4510504 4096 W 1400289474696712557 1516019344  
222 sda 4512552 4096 W 1400289474696744765 1516019344  
222 sda1 4510512 4096 W 1400289474696777916 87890244  
222 sda 4512560 4096 W 1400289474696810312 87890244  
222 sda1 4510520 4096 W 1400289474696843389 787558312  
222 sda 4512568 4096 W 1400289474696875725 787558312  
222 sda1 4510528 4096 W 1400289474696908935 2004258538  
222 sda 4512576 4096 W 1400289474696941127 2004258538  
222 sda1 4510536 4096 W 1400289474696973935 -346488247  
222 sda 4512584 4096 W 1400289474697006143 -346488247  
222 sda1 4510544 4096 W 1400289474697038962 1498555149  
222 sda 4512592 4096 W 1400289474697071120 1498555149  
222 sda1 4510552 4096 W 1400289474697104415 -1784079966  
222 sda 4512600 4096 W 1400289474697136700 -1784079966  
222 sda1 4510560 4096 W 1400289474697169679 -972535485  
222 sda 4512608 4096 W 1400289474697201898 -972535485  
222 sda1 4510568 4096 W 1400289474697234921 -960682684  
222 sda 4512616 4096 W 1400289474697267045 -960682684  
222 sda1 4510576 4096 W 1400289474697300773 618687511  
222 sda 4512624 4096 W 1400289474697333044 618687511  
222 sda1 4510584 4096 W 1400289474697366520 -1048523518  
222 sda 4512632 4096 W 1400289474697398856 -1048523518  
222 sda1 4510592 4096 W 1400289474697431909 1989972750  
222 sda 4512640 4096 W 1400289474697464171 1989972750  
222 sda1 4510600 4096 W 1400289474697497473 -90138476  
222 sda 4512648 4096 W 1400289474697529688 -90138476  
222 sda1 4510608 4096 W 1400289474697902219 576276895  
222 sda 4512656 4096 W 1400289474697938045 576276895  
3501 sdb 197016 4096 W 1400289475702977214 -1814797393  
3501 sdb 197016 4096 W 1400289475703032816 -1814797393  
3501 sdb 197024 4096 W 1400289475703085735 1209051816  
3501 sdb 197024 4096 W 1400289475703126265 1209051816  
3501 sdb 197032 4096 W 1400289475703169173 1016530840  
3501 sdb 197032 4096 W 1400289475703233744 1016530840  
3501 sdb 197040 4096 W 1400289475703277748 -942363415  
3501 sdb 197040 4096 W 1400289475703316239 -942363415  
3501 sdb 197048 4096 W 1400289475703355895 1208975310  
3501 sdb 197048 4096 W 1400289475703392817 1208975310  
3501 sdb 197056 4096 W 1400289475703431741 1587037940  
3501 sdb 197056 4096 W 1400289475703469525 1587037940  
3501 sdb 197064 4096 W 1400289475703509694 -517629796  
3501 sdb 197064 4096 W 1400289475703547873 -517629796  
3501 sdb 197072 4096 W 1400289475703586650 1751790330  
3501 sdb 197072 4096 W 1400289475703624183 1751790330  
3501 sdb 197080 4096 W 1400289475703663348 -1141941101  
3501 sdb 197080 4096 W 1400289475703701149 -1141941101  
3501 sdb 197088 4096 W 1400289475703740600 -1682432245  
3501 sdb 197088 4096 W 1400289475703776091 -1682432245  
3501 sdb 197096 4096 W 1400289475703816433 2060522791  
3501 sdb 197096 4096 W 1400289475703854043 2060522791  
3501 sdb 197104 4096 W 1400289475703895043 -979087292  
3501 sdb 197104 4096 W 1400289475703932851 -979087292  
3501 sdb 197120 4096 W 1400289475703973632 -134599489  
3501 sdb 197120 4096 W 1400289475704012678 -134599489  
3501 sdb 197128 4096 W 1400289475704056426 -1588765671  
3501 sdb 197128 4096 W 1400289475704095495 -1588765671  
3501 sdb 197136 4096 W 1400289475704135680 -21594762  
3501 sdb 197136 4096 W 1400289475704174725 -21594762  
3501 sdb 197144 4096 W 1400289475704216157 186664416  
3501 sdb 197144 4096 W 1400289475704254253 186664416  
3501 sdb 197152 4096 W 1400289475704294850 -885080796  
3501 sdb 197152 4096 W 1400289475704332712 -885080796  
3501 sdb 197160 4096 W 1400289475704373202 1363119883  
3501 sdb 197160 4096 W 1400289475704410577 1363119883  
3501 sdb 197168 4096 W 1400289475704450561 -1437862424  
3501 sdb 197168 4096 W 1400289475704488396 -1437862424  
3501 sdb 197176 4096 W 1400289475704528171 -1777750634  
3501 sdb 197176 4096 W 1400289475704566402 -1777750634  
3501 sdb 197184 4096 W 1400289475704606084 -270474420  
3501 sdb 197184 4096 W 1400289475704644830 -270474420  
3501 sdb 197192 4096 W 1400289475704686765 1371314866  
3501 sdb 197192 4096 W 1400289475704726058 1371314866  
3501 sdb 197200 4096 W 1400289475704767520 -101671662  
3501 sdb 197200 4096 W 1400289475704807024 -101671662  
3501 sdb 197208 4096 W 1400289475704847853 -1932054016  
3501 sdb 197208 4096 W 1400289475704886885 -1932054016  
3501 sdb 197216 4096 W 1400289475704927043 690119116  
3501 sdb 197216 4096 W 1400289475704966074 690119116  
3501 sdb 197224 4096 W 1400289475705008097 2124348773  
3501 sdb 197224 4096 W 1400289475705047155 2124348773  
3501 sdb 197232 4096 W 1400289475705089500 893157643  
3501 sdb 197232 4096 W 1400289475705128511 893157643  
3501 sdb 197240 4096 W 1400289475705168397 378253471  
3501 sdb 197240 4096 W 1400289475705206366 378253471  
3501 sdb 197248 4096 W 1400289475705246115 2018125277  
3501 sdb 197248 4096 W 1400289475705284878 2018125277  
3501 sdb 197256 4096 W 1400289475705326304 230225949  
3501 sdb 197256 4096 W 1400289475705365282 230225949  
3501 sdb 197264 4096 W 1400289475705407217 -800314915  
3501 sdb 197264 4096 W 1400289475705446111 -800314915  
3501 sdb 197272 4096 W 1400289475705487814 105237628  
3501 sdb 197272 4096 W 1400289475705527838 105237628  
3501 sdb 197280 4096 W 1400289475705567460 -1658233306  
3501 sdb 197280 4096 W 1400289475705604611 -1658233306  
3501 sdb 197288 4096 W 1400289475705643998 1250236506  
3501 sdb 197288 4096 W 1400289475705681554 1250236506  
3501 sdb 197296 4096 W 1400289475705720837 470935963  
3501 sdb 197296 4096 W 1400289475705759195 470935963  
3501 sdb 197304 4096 W 1400289475705799141 2133121893  
3501 sdb 197304 4096 W 1400289475705837694 2133121893  
3501 sdb 197312 4096 W 1400289475705877905 -1905784525  
3501 sdb 197312 4096 W 1400289475705916585 -1905784525  
3501 sdb 197320 4096 W 1400289475705957192 -1311909141  
3501 sdb 197320 4096 W 1400289475705996777 -1311909141  
3501 sdb 197328 4096 W 1400289475706036295 -680897148  
3501 sdb 197328 4096 W 1400289475706076523 -680897148  
3501 sdb 197336 4096 W 1400289475706116805 1655963700  
3501 sdb 197336 4096 W 1400289475706154928 1655963700  
3501 sdb 197344 4096 W 1400289475706196105 -1942444729  
3501 sdb 197344 4096 W 1400289475706234771 -1942444729  
3501 sdb 197352 4096 W 1400289475706275000 -781144682  
3501 sdb 197352 4096 W 1400289475706313465 -781144682  
3501 sdb 197360 4096 W 1400289475706353308 -1489028446  
3501 sdb 197360 4096 W 1400289475706392517 -1489028446  
3501 sdb 197368 4096 W 1400289475706432326 1704605509  
3501 sdb 197368 4096 W 1400289475706468743 1704605509  
3501 sdb 197376 4096 W 1400289475706503583 -1706016728  
3501 sdb 197376 4096 W 1400289475706536093 -1706016728  
3501 sdb 197384 4096 W 1400289475706569297 -528200999  
3501 sdb 197384 4096 W 1400289475706601717 -528200999  
3501 sdb 197392 4096 W 1400289475706634800 -1042049361  
3501 sdb 197392 4096 W 1400289475706667163 -1042049361  
3501 sdb 197400 4096 W 1400289475706700729 1319544971  
3501 sdb 197400 4096 W 1400289475706736088 1319544971  
3501 sdb 197408 4096 W 1400289475706861865 19459085  
3501 sdb 197408 4096 W 1400289475706896203 19459085  
3501 sdb 197416 4096 W 1400289475706929360 1269835059  
3501 sdb 197416 4096 W 1400289475706961792 1269835059  
3501 sdb 20713584 4096 R 1400289475707779076 1858194625  
3501 sdb 20713584 4096 R 1400289475707820015 1858194625  
3501 sdb 20713592 4096 W 1400289475992058095 -494095491  
3501 sdb 20713592 4096 W 1400289475992107581 -494095491  
3501 sdb 20713600 4096 W 1400289475992151568 -145050593  
3501 sdb 20713600 4096 W 1400289475992185972 -145050593  
3501 sdb 20713608 4096 W 1400289475992221534 1761825939  
3501 sdb 20713608 4096 W 1400289475992254309 1761825939  
3501 sdb 20713616 4096 W 1400289475992287912 1157990960  
3501 sdb 20713616 4096 W 1400289475992320627 1157990960  
3501 sdb 20713624 4096 W 1400289475992354847 1048687455  
3501 sdb 20713624 4096 W 1400289475992387641 1048687455  
3501 sdb 20713632 4096 W 1400289475992421097 815224766  
3501 sdb 20713632 4096 W 1400289475992453591 815224766  
3501 sdb 20713640 4096 W 1400289475992487046 -1735360030  
3501 sdb 20713640 4096 W 1400289475992519693 -1735360030  
3501 sdb 20713648 4096 W 1400289475992553853 1147197637  
3501 sdb 20713648 4096 W 1400289475992601087 1147197637  
3501 sdb 20713656 4096 W 1400289475993181971 526756051  
3501 sdb 20713656 4096 W 1400289475993225586 526756051  
222 sda1 4510616 4096 W 1400289480694946967 -1110961491  
222 sda 4512664 4096 W 1400289480694995202 -1110961491  
222 sda1 4510624 4096 W 1400289480695040229 2064222222  
222 sda 4512672 4096 W 1400289480695074435 2064222222  
222 sda1 4510632 4096 W 1400289480695597577 174854034  
222 sda 4512680 4096 W 1400289480695639153 174854034  
2845 sda1 4768544 4096 W 1400289481311006224 1832869419  
2845 sda 4770592 4096 W 1400289481311054214 1832869419  
222 sda1 4510640 4096 W 1400289486694985914 -1428565311  
222 sda 4512688 4096 W 1400289486695032892 -1428565311  
222 sda1 4510648 4096 W 1400289486695078938 -546703146  
222 sda 4512696 4096 W 1400289486695112351 -546703146  
222 sda1 4510656 4096 W 1400289486695147965 -1  
222 sda 4512704 4096 W 1400289486695180824 -1  
222 sda1 4510664 4096 W 1400289486695214528 677258963  
222 sda 4512712 4096 W 1400289486695247185 677258963  
222 sda1 4510672 4096 W 1400289486695281439 406976565  
222 sda 4512720 4096 W 1400289486695313859 406976565  
222 sda1 4510680 4096 W 1400289486695938065 1615683281  
222 sda 4512728 4096 W 1400289486695983450 1615683281  
222 sda1 4510688 4096 W 1400289492694981702 1997036044  
222 sda 4512736 4096 W 1400289492695029234 1997036044  
222 sda1 4510696 4096 W 1400289492695075987 2038432984  
222 sda 4512744 4096 W 1400289492695113617 2038432984  
222 sda1 4510704 4096 W 1400289492695535050 2024872469  
222 sda 4512752 4096 W 1400289492695572512 2024872469  
2845 sda1 12582912 4096 W 1400289496311716437 87890244  
2845 sda 12584960 4096 W 1400289496311765434 87890244  
2845 sda1 12583056 4096 W 1400289496311815167 1341966778  
2845 sda 12585104 4096 W 1400289496311849140 1341966778  
2845 sda1 12595400 4096 W 1400289496311886954 1516019344  
2845 sda 12597448 4096 W 1400289496311919635 1516019344  
2845 sda1 12662056 4096 W 1400289496311956742 787558312  
2845 sda 12664104 4096 W 1400289496311989430 787558312  
2845 sda1 0 4096 W 1400289496312041870 1498555149  
2845 sda 2048 4096 W 1400289496312074856 1498555149  
2845 sda1 8 4096 W 1400289496312111393 677258963  
2845 sda 2056 4096 W 1400289496312143966 677258963  
2845 sda1 4194320 4096 W 1400289496312180574 -1  
2845 sda 4196368 4096 W 1400289496312213409 -1  
2845 sda1 4194344 4096 W 1400289496312251173 -972535485  
2845 sda 4196392 4096 W 1400289496312283955 -972535485  
2845 sda1 4194376 4096 W 1400289496312320348 618687511  
2845 sda 4196424 4096 W 1400289496312353059 618687511  
2845 sda1 4195992 4096 W 1400289496312389673 -90138476  
2845 sda 4198040 4096 W 1400289496312464745 -90138476  
2845 sda1 4217528 4096 W 1400289496312512018 -1784079966  
2845 sda 4219576 4096 W 1400289496312546477 -1784079966  
2845 sda1 4219080 4096 W 1400289496312583489 -960682684  
2845 sda 4221128 4096 W 1400289496312616016 -960682684  
2845 sda1 4219088 4096 W 1400289496312654099 1906361317  
2845 sda 4221136 4096 W 1400289496312687829 1906361317  
2845 sda1 4219320 4096 W 1400289496312727622 406976565  
2845 sda 4221368 4096 W 1400289496312760397 406976565  
2845 sda1 8388864 4096 W 1400289496312799486 2004258538  
2845 sda 8390912 4096 W 1400289496312832301 2004258538  
2845 sda1 8414656 4096 W 1400289496312868881 46643237  
2845 sda 8416704 4096 W 1400289496312901616 46643237  
2845 sda1 8414664 4096 W 1400289496312938076 -50681570  
2845 sda 8416712 4096 W 1400289496312970569 -50681570  
2845 sda1 8454448 4096 W 1400289496313010529 -346488247  
2845 sda 8456496 4096 W 1400289496313043096 -346488247  
222 sda1 4510712 4096 W 1400289498694970074 137596938  
222 sda 4512760 4096 W 1400289498695017290 137596938  
222 sda1 4510720 4096 W 1400289498695062397 -1564213971  
222 sda 4512768 4096 W 1400289498695095702 -1564213971  
222 sda1 4510728 4096 W 1400289498695678236 -886086023  
222 sda 4512776 4096 W 1400289498695722914 -886086023  
2845 sda1 12908288 102400 W 1400289501311785373 1736876276 415933401 -1537603667 -1239096702 1752029486 -300512040 -904198973 1045977163 1832839675 -184344336 1814988276 1004977070 1102771909 -1750383625 1003216352 1321680701 1179157475 798823110 79160091 -26135663 -1706309191 -1714781352 -1349784983 414883613 1180733610  
2845 sda 12910336 102400 W 1400289501312561547 1736876276 415933401 -1537603667 -1239096702 1752029486 -300512040 -904198973 1045977163 1832839675 -184344336 1814988276 1004977070 1102771909 -1750383625 1003216352 1321680701 1179157475 798823110 79160091 -26135663 -1706309191 -1714781352 -1349784983 414883613 1180733610  
2845 sda1 12906496 524288 W 1400289501316975802 -1774563439 1472733451 713940784 976909746 -1954948954 1265850131 -1451082184 1987231053 -1006885368 437394247 1492475005 -1121236307 665217637 -803466407 212673882 -795442850 -1798388162 1273081865 2132691308 -270222593 1199517888 604450698 -1070968860 -581032084 1347142689 -618193601 1023534516 -226841818 1535100950 -1194201900 789952262 -1398902457 476343647 -319453485 -654318929 -617595509 1918051981 462645548 856727538 1825634323 -1482268722 -1567387242 183842580 1880071726 974025229 -1981744761 -1897 
2845 sda 12908544 524288 W 1400289501320761032 -1774563439 1472733451 713940784 976909746 -1954948954 1265850131 -1451082184 1987231053 -1006885368 437394247 1492475005 -1121236307 665217637 -803466407 212673882 -795442850 -1798388162 1273081865 2132691308 -270222593 1199517888 604450698 -1070968860 -581032084 1347142689 -618193601 1023534516 -226841818 1535100950 -1194201900 789952262 -1398902457 476343647 -319453485 -654318929 -617595509 1918051981 462645548 856727538 1825634323 -1482268722 -1567387242 183842580 1880071726 974025229 -1981744761 -1897 
2845 sda1 12907520 229376 W 1400289501322501805 862303060 -1151675551 322512983 59390201 -1667684369 1835304794 -1481686889 1910054221 1050604684 1875966600 1205696000 -267388758 -71657796 -613848767 1506270742 1214342609 227322131 933493367 -1878181761 -549637190 1009062054 1270061551 -156220875 1556917625 -983636324 -975864330 -674957848 2011151008 1751009276 1967351954 -244327485 1901175596 314891564 1602852099 -1311315507 -18411064 770804176 -1148109037 1636724952 349001293 835822688 663534126 1271492620 -1682894617 475281368 -1932059885 2080893265  
2845 sda 12909568 229376 W 1400289501323632669 862303060 -1151675551 322512983 59390201 -1667684369 1835304794 -1481686889 1910054221 1050604684 1875966600 1205696000 -267388758 -71657796 -613848767 1506270742 1214342609 227322131 933493367 -1878181761 -549637190 1009062054 1270061551 -156220875 1556917625 -983636324 -975864330 -674957848 2011151008 1751009276 1967351954 -244327485 1901175596 314891564 1602852099 -1311315507 -18411064 770804176 -1148109037 1636724952 349001293 835822688 663534126 1271492620 -1682894617 475281368 -1932059885 2080893265  
2845 sda1 6675184 16384 W 1400289501323969357 2141351082 2049560713 -663032723 236130988  
2845 sda 6677232 16384 W 1400289501324091645 2141351082 2049560713 -663032723 236130988  
222 sda1 6675208 4096 W 1400289504694938058 2094304598  
222 sda 6677256 4096 W 1400289504694985066 2094304598  
222 sda1 4510736 4096 W 1400289504695161283 1185123313  
222 sda 4512784 4096 W 1400289504695214396 1185123313  
222 sda1 4510744 4096 W 1400289504695463323 1619746855  
222 sda 4512792 4096 W 1400289504695502100 1619746855  
222 sda1 4510752 4096 W 1400289504695539364 -534283320  
222 sda 4512800 4096 W 1400289504695571743 -534283320  
222 sda1 4510760 4096 W 1400289504695605903 980511188  
222 sda 4512808 4096 W 1400289504695638601 980511188  
222 sda1 4510768 4096 W 1400289504695673418 -2096778455  
222 sda 4512816 4096 W 1400289504695706129 -2096778455  
222 sda1 4510776 4096 W 1400289504695740456 -1850832596  
222 sda 4512824 4096 W 1400289504695773057 -1850832596  
222 sda1 4510784 4096 W 1400289504696274333 -1718185451  
222 sda 4512832 4096 W 1400289504696313057 -1718185451  
3224 sdb 197112 4096 W 1400289510366927476 1147197637  
3224 sdb 197112 4096 W 1400289510366975801 1147197637  
3224 sdb 8 4096 W 1400289510367032507 1761825939  
3224 sdb 8 4096 W 1400289510367065671 1761825939  
3224 sdb 8200 4096 W 1400289510367102727 -1735360030  
3224 sdb 8200 4096 W 1400289510367135851 -1735360030  
3224 sdb 8208 4096 W 1400289510367173048 -145050593  
3224 sdb 8208 4096 W 1400289510367206074 -145050593  
3224 sdb 8216 4096 W 1400289510367242511 1048687455  
3224 sdb 8216 4096 W 1400289510367275437 1048687455  
3224 sdb 8224 4096 W 1400289510367310857 1157990960  
3224 sdb 8224 4096 W 1400289510367343592 1157990960  
3224 sdb 12312 4096 W 1400289510367378670 815224766  
3224 sdb 12312 4096 W 1400289510367411579 815224766  
222 sda1 4510792 4096 W 1400289510440185075 1540484426  
222 sda 4512840 4096 W 1400289510440373560 1540484426  
222 sda1 4510800 4096 W 1400289510440431382 1142208300  
222 sda 4512848 4096 W 1400289510440466473 1142208300  
222 sda1 4510808 4096 W 1400289510441001593 581847937  
222 sda 4512856 4096 W 1400289510441043347 581847937  
222 sda1 4510816 4096 W 1400289515676800176 -1287653285  
222 sda 4512864 4096 W 1400289515676847376 -1287653285  
222 sda1 4510824 4096 W 1400289515676890343 1142208300  
222 sda 4512872 4096 W 1400289515676923571 1142208300  
222 sda1 4510832 4096 W 1400289515676958888 -1076140602  
222 sda 4512880 4096 W 1400289515676991378 -1076140602  
222 sda1 4510840 4096 W 1400289515677508450 -1855912453  
222 sda 4512888 4096 W 1400289515677544273 -1855912453  
222 sda1 4510848 4096 W 1400289520695743754 403567948  
222 sda 4512896 4096 W 1400289520695790755 403567948  
222 sda1 4510856 4096 W 1400289520695835319 1731428177  
222 sda 4512904 4096 W 1400289520695868993 1731428177  
222 sda1 4510864 4096 W 1400289520695904859 -961587232  
222 sda 4512912 4096 W 1400289520695937654 -961587232  
222 sda1 4510872 4096 W 1400289520696458775 -826204323  
222 sda 4512920 4096 W 1400289520696498554 -826204323  
1803 sda1 298744 4096 R 1400289526667699078 1655919966  
1803 sda 300792 4096 R 1400289526667743796 1655919966  
222 sda1 9875888 4096 W 1400289526679721775 -1265048451  
222 sda 9877936 4096 W 1400289526679765494 -1265048451  
222 sda1 4510880 4096 W 1400289526679890776 -1996952831  
222 sda 4512928 4096 W 1400289526679925355 -1996952831  
222 sda1 4510888 4096 W 1400289526680092802 633559263  
222 sda 4512936 4096 W 1400289526680127649 633559263  
222 sda1 4510896 4096 W 1400289526680162916 -495932824  
222 sda 4512944 4096 W 1400289526680195456 -495932824  
222 sda1 4510904 4096 W 1400289526680229008 801026986  
222 sda 4512952 4096 W 1400289526680261331 801026986  
222 sda1 4510912 4096 W 1400289526680540533 480948226  
222 sda 4512960 4096 W 1400289526680577899 480948226  
1803 sda1 298736 8192 W 1400289526680780604 318841012 -372467020  
1803 sda 300784 8192 W 1400289526680850774 318841012 -372467020  
222 sda1 4510920 4096 W 1400289526684331482 1733340693  
222 sda 4512968 4096 W 1400289526684372482 1733340693  
222 sda1 4510928 4096 W 1400289526684412490 -1279681479  
222 sda 4512976 4096 W 1400289526684445529 -1279681479  
222 sda1 4510936 4096 W 1400289526684480101 876845977  
222 sda 4512984 4096 W 1400289526684512578 876845977  
222 sda1 4510944 4096 W 1400289526684813075 1507938573  
222 sda 4512992 4096 W 1400289526684848828 1507938573  
