2039 sda1 8657728 20480 R 1400159840  
2039 sda 8659776 20480 R 1400159840  
bcache: 2042 1400159840 1791130750  4096 
bcache: 2042 1400159840 276164783  4096 
bcache: 2042 1400159840 1360151629  4096 
bcache: 2042 1400159840 635869963  4096 
bcache: 2042 1400159840 810605307  4096 
bcache: 2042 1400159840 -1438294981  4096 
bcache: 2042 1400159840 512662489  4096 
bcache: 2042 1400159840 1517953632  4096 
bcache: 2042 1400159840 -1485353204  4096 
bcache: 2042 1400159840 -503565002  4096 
bcache: 2042 1400159840 -777561262  4096 
bcache: 2042 1400159840 -1412975217  4096 
bcache: 2042 1400159840 107216616  4096 
bcache: 2042 1400159840 -601000624  4096 
bcache: 2042 1400159840 621614433  4096 
bcache: 2042 1400159840 -1595774568  4096 
bcache: 2042 1400159840 1328798409  4096 
bcache: 2042 1400159840 2092297775  4096 
bcache: 2042 1400159840 -793161956  4096 
bcache: 2042 1400159840 -359093267  4096 
bcache: 2042 1400159840 1148988355  4096 
bcache: 2042 1400159840 -672694681  4096 
bcache: 2042 1400159840 1263811955  4096 
bcache: 2042 1400159840 -1539247031  4096 
bcache: 2042 1400159840 596555569  4096 
bcache: 2042 1400159840 -103646966  4096 
bcache: 2042 1400159840 -678064190  4096 
bcache: 2042 1400159840 1816870734  4096 
bcache: 2042 1400159840 1385000809  4096 
bcache: 2042 1400159840 124601848  4096 
bcache: 2042 1400159840 -25861574  4096 
bcache: 2042 1400159840 -2136367925  4096 
bcache: 2042 1400159840 1440552455  4096 
bcache: 2042 1400159840 -1795698912  4096 
bcache: 2042 1400159840 -444113206  4096 
bcache: 2042 1400159840 953516885  4096 
bcache: 2042 1400159840 -196042466  4096 
bcache: 2042 1400159840 1937976629  4096 
bcache: 2042 1400159840 572061298  4096 
bcache: 2042 1400159840 -1717083394  4096 
bcache: 2042 1400159840 1992057089  4096 
bcache: 2042 1400159840 -539876976  4096 
bcache: 2042 1400159840 -492529474  4096 
bcache: 2042 1400159840 -585844837  4096 
bcache: 2042 1400159840 2126636428  4096 
bcache: 2042 1400159840 1464647990  4096 
bcache: 2042 1400159840 1342891560  4096 
bcache: 2042 1400159840 -274557470  4096 
bcache: 2042 1400159840 -1303790564  4096 
bcache: 2042 1400159840 -32193412  4096 
2042 sda1 12593152 4096 R 1400159840 -617858363  
2042 sda 12595200 4096 R 1400159840 -617858363  
2042 sda1 12593160 4096 R 1400159840 1639892762  
2042 sda 12595208 4096 R 1400159840 1639892762  
2042 sda1 12593168 4096 R 1400159840 1629910324  
2042 sda 12595216 4096 R 1400159840 1629910324  
2042 sda1 12593176 4096 R 1400159840 -1573703791  
2042 sda 12595224 4096 R 1400159840 -1573703791  
2042 sda1 12593184 4096 R 1400159840 160881787  
2042 sda 12595232 4096 R 1400159840 160881787  
2042 sda1 12593192 4096 R 1400159840 1676787527  
2042 sda 12595240 4096 R 1400159840 1676787527  
2042 sda1 12593200 4096 R 1400159840 187677301  
2042 sda 12595248 4096 R 1400159840 187677301  
2042 sda1 12593208 4096 R 1400159840 -1742840239  
2042 sda 12595256 4096 R 1400159840 -1742840239  
2042 sda1 12593216 4096 R 1400159840 94379471  
2042 sda 12595264 4096 R 1400159840 94379471  
2042 sda1 12593224 4096 R 1400159840 1727909493  
2042 sda 12595272 4096 R 1400159840 1727909493  
2042 sda1 12593232 4096 R 1400159840 -1609575963  
2042 sda 12595280 4096 R 1400159840 -1609575963  
2042 sda1 12593240 4096 R 1400159840 -147322850  
2042 sda 12595288 4096 R 1400159840 -147322850  
2042 sda1 12593248 4096 R 1400159840 1940622197  
2042 sda 12595296 4096 R 1400159840 1940622197  
2042 sda1 12593256 4096 R 1400159840 1255912519  
2042 sda 12595304 4096 R 1400159840 1255912519  
2042 sda1 12593264 4096 R 1400159840 708799279  
2042 sda 12595312 4096 R 1400159840 708799279  
2042 sda1 12593272 4096 R 1400159840 -720720906  
2042 sda 12595320 4096 R 1400159840 -720720906  
2042 sda1 12593280 4096 R 1400159840 -1999569124  
2042 sda 12595328 4096 R 1400159840 -1999569124  
2042 sda1 12593288 4096 R 1400159840 -541379639  
2042 sda 12595336 4096 R 1400159840 -541379639  
2042 sda1 12593296 4096 R 1400159840 751924888  
2042 sda 12595344 4096 R 1400159840 751924888  
2042 sda1 12593304 4096 R 1400159840 -1755324771  
2042 sda 12595352 4096 R 1400159840 -1755324771  
2042 sda1 12593312 4096 R 1400159840 1328165182  
2042 sda 12595360 4096 R 1400159840 1328165182  
2042 sda1 12593320 4096 R 1400159840 433414215  
2042 sda 12595368 4096 R 1400159840 433414215  
2042 sda1 12593328 4096 R 1400159840 -758383483  
2042 sda 12595376 4096 R 1400159840 -758383483  
2042 sda1 12593336 4096 R 1400159840 -697430459  
2042 sda 12595384 4096 R 1400159840 -697430459  
2042 sda1 12593344 4096 R 1400159840 -650589809  
2042 sda 12595392 4096 R 1400159840 -650589809  
2042 sda1 12593352 4096 R 1400159840 -1602789871  
2042 sda 12595400 4096 R 1400159840 -1602789871  
2042 sda1 12593360 4096 R 1400159840 1516373969  
2042 sda 12595408 4096 R 1400159840 1516373969  
2042 sda1 12593368 4096 R 1400159840 1987755911  
2042 sda 12595416 4096 R 1400159840 1987755911  
2042 sda1 12593376 4096 R 1400159840 1193846666  
2042 sda 12595424 4096 R 1400159840 1193846666  
2042 sda1 12593392 4096 R 1400159840 692812775  
2042 sda 12595440 4096 R 1400159840 692812775  
2042 sda1 12593400 4096 R 1400159840 -14122801  
2042 sda 12595448 4096 R 1400159840 -14122801  
2042 sda1 12593408 4096 R 1400159840 -1101282818  
2042 sda 12595456 4096 R 1400159840 -1101282818  
2042 sda1 12593384 4096 R 1400159840 -1630138162  
2042 sda 12595432 4096 R 1400159840 -1630138162  
2042 sda1 6540960 4096 R 1400159840  
2042 sda 6543008 4096 R 1400159840  
1888 sdb 270744 204800 W 1400159845 1791130750 276164783 1360151629 635869963 810605307 -1438294981 512662489 1517953632 -1485353204 -503565002 -777561262 -1412975217 107216616 -601000624 621614433 -1595774568 1328798409 2092297775 -793161956 -359093267 1148988355 -672694681 1263811955 -1539247031 596555569 -103646966 -678064190 1816870734 1385000809 124601848 -25861574 -2136367925 1440552455 -1795698912 -444113206 953516885 -196042466 1937976629 572061298 -1717083394 1992057089 -539876976 -492529474 -585844837 2126636428 1464647990 13428915 
1888 sdb 270744 204800 W 1400159845 1791130750 276164783 1360151629 635869963 810605307 -1438294981 512662489 1517953632 -1485353204 -503565002 -777561262 -1412975217 107216616 -601000624 621614433 -1595774568 1328798409 2092297775 -793161956 -359093267 1148988355 -672694681 1263811955 -1539247031 596555569 -103646966 -678064190 1816870734 1385000809 124601848 -25861574 -2136367925 1440552455 -1795698912 -444113206 953516885 -196042466 1937976629 572061298 -1717083394 1992057089 -539876976 -492529474 -585844837 2126636428 1464647990 13428915 
1880 sdb 105119776 4096 W 1400159845 712911171  
1880 sdb 105119776 4096 W 1400159845 712911171  
1880 sdb 105119784 4096 W 1400159845 -34680123  
1880 sdb 105119784 4096 W 1400159845 -34680123  
1880 sdb 105119792 4096 W 1400159845 -1464263436  
1880 sdb 105119792 4096 W 1400159845 -1464263436  
1880 sdb 105119800 4096 W 1400159845 1306999631  
1880 sdb 105119800 4096 W 1400159845 1306999631  
1880 sdb 105119808 4096 W 1400159845 -951542652  
1880 sdb 105119808 4096 W 1400159845 -951542652  
1880 sdb 105119816 4096 W 1400159845 -1666879221  
1880 sdb 105119816 4096 W 1400159845 -1666879221  
1880 sdb 105119824 4096 W 1400159845 1058347982  
1880 sdb 105119824 4096 W 1400159845 1058347982  
1880 sdb 105119832 4096 W 1400159845 -2052597683  
1880 sdb 105119832 4096 W 1400159845 -2052597683  
289 sda1 886848 4096 W 1400159845 539077420  
289 sda 888896 4096 W 1400159845 539077420  
289 sda1 901048 4096 W 1400159845 26779219  
289 sda 903096 4096 W 1400159845 26779219  
289 sda1 4464088 4096 W 1400159845 1316982914  
289 sda 4466136 4096 W 1400159845 1316982914  
289 sda1 4464096 4096 W 1400159845 -1225927693  
289 sda 4466144 4096 W 1400159845 -1225927693  
289 sda1 4464104 4096 W 1400159845 -219714488  
289 sda 4466152 4096 W 1400159845 -219714488  
289 sda1 4464112 4096 W 1400159845 1348480466  
289 sda 4466160 4096 W 1400159845 1348480466  
289 sda1 4464120 4096 W 1400159845 57682570  
289 sda 4466168 4096 W 1400159845 57682570  
289 sda1 4464128 4096 W 1400159845 -1  
289 sda 4466176 4096 W 1400159845 -1  
289 sda1 4464136 4096 W 1400159845 -550271782  
289 sda 4466184 4096 W 1400159845 -550271782  
289 sda1 4464144 4096 W 1400159845 876418368  
289 sda 4466192 4096 W 1400159845 876418368  
289 sda1 4464152 4096 W 1400159845 -1301684331  
289 sda 4466200 4096 W 1400159845 -1301684331  
289 sda1 4464160 4096 W 1400159845 -1  
289 sda 4466208 4096 W 1400159845 -1  
289 sda1 4464168 4096 W 1400159845 1404557739  
289 sda 4466216 4096 W 1400159845 1404557739  
289 sda1 4464176 4096 W 1400159845 617786473  
289 sda 4466224 4096 W 1400159845 617786473  
289 sda1 4464184 4096 W 1400159845 161249463  
289 sda 4466232 4096 W 1400159845 161249463  
289 sda1 4464192 4096 W 1400159845 2010358436  
289 sda 4466240 4096 W 1400159845 2010358436  
289 sda1 4464200 4096 W 1400159845 -1145802895  
289 sda 4466248 4096 W 1400159845 -1145802895  
289 sda1 4464208 4096 W 1400159845 -1921586411  
289 sda 4466256 4096 W 1400159845 -1921586411  
289 sda1 4464216 4096 W 1400159845 -2114009741  
289 sda 4466264 4096 W 1400159845 -2114009741  
289 sda1 4464224 4096 W 1400159845 -1178317370  
289 sda 4466272 4096 W 1400159845 -1178317370  
289 sda1 4464232 4096 W 1400159845 -1472347469  
289 sda 4466280 4096 W 1400159845 -1472347469  
289 sda1 4464240 4096 W 1400159845 2044328581  
289 sda 4466288 4096 W 1400159845 2044328581  
289 sda1 4464248 4096 W 1400159845 -1838019933  
289 sda 4466296 4096 W 1400159845 -1838019933  
289 sda1 4464256 4096 W 1400159845 -298980131  
289 sda 4466304 4096 W 1400159845 -298980131  
289 sda1 4464264 4096 W 1400159846 -64436472  
289 sda 4466312 4096 W 1400159846 -64436472  
312 sda1 7598304 4096 W 1400159851 1618115723  
312 sda 7600352 4096 W 1400159851 1618115723  
289 sda1 4464272 4096 W 1400159851 -1346354311  
289 sda 4466320 4096 W 1400159851 -1346354311  
289 sda1 4464280 4096 W 1400159851 -1241504390  
289 sda 4466328 4096 W 1400159851 -1241504390  
289 sda1 4464288 4096 W 1400159851 1398497161  
289 sda 4466336 4096 W 1400159851 1398497161  
289 sda1 4464296 4096 W 1400159851 -1522046660  
289 sda 4466344 4096 W 1400159851 -1522046660  
289 sda1 4464304 4096 W 1400159851 986792754  
289 sda 4466352 4096 W 1400159851 986792754  
289 sda1 4464312 4096 W 1400159851 -1260061087  
289 sda 4466360 4096 W 1400159851 -1260061087  
289 sda1 4464320 4096 W 1400159851 698519720  
289 sda 4466368 4096 W 1400159851 698519720  
289 sda1 4464328 4096 W 1400159856 1995596141  
289 sda 4466376 4096 W 1400159856 1995596141  
289 sda1 4464336 4096 W 1400159856 -941989767  
289 sda 4466384 4096 W 1400159856 -941989767  
289 sda1 4464344 4096 W 1400159856 -465302748  
289 sda 4466392 4096 W 1400159856 -465302748  
289 sda1 4464352 4096 W 1400159856 -95415241  
289 sda 4466400 4096 W 1400159856 -95415241  
289 sda1 4464360 4096 W 1400159857 -924318998  
289 sda 4466408 4096 W 1400159857 -924318998  
312 sda1 4217536 4096 W 1400159861 2044328581  
312 sda 4219584 4096 W 1400159861 2044328581  
312 sda1 4218520 4096 W 1400159861 -1260061087  
312 sda 4220568 4096 W 1400159861 -1260061087  
312 sda1 4221368 4096 W 1400159861 -219714488  
312 sda 4223416 4096 W 1400159861 -219714488  
312 sda1 4226232 4096 W 1400159861 617786473  
312 sda 4228280 4096 W 1400159861 617786473  
312 sda1 4226376 4096 W 1400159861 -170073890  
312 sda 4228424 4096 W 1400159861 -170073890  
312 sda1 4232760 4096 W 1400159861 -183853770  
312 sda 4234808 4096 W 1400159861 -183853770  
312 sda1 4334368 4096 W 1400159861 -1838019933  
312 sda 4336416 4096 W 1400159861 -1838019933  
312 sda1 4404408 4096 W 1400159861 1623277686  
312 sda 4406456 4096 W 1400159861 1623277686  
312 sda1 4404416 4096 W 1400159861 -800641224  
312 sda 4406464 4096 W 1400159861 -800641224  
312 sda1 5077568 4096 W 1400159861 986792754  
312 sda 5079616 4096 W 1400159861 986792754  
312 sda1 8388616 4096 W 1400159861 -1050986797  
312 sda 8390664 4096 W 1400159861 -1050986797  
312 sda1 8388792 4096 W 1400159861 836297124  
312 sda 8390840 4096 W 1400159861 836297124  
312 sda1 8388968 4096 W 1400159861 523866885  
312 sda 8391016 4096 W 1400159861 523866885  
312 sda1 8417296 4096 W 1400159861 92218568  
312 sda 8419344 4096 W 1400159861 92218568  
312 sda1 8417600 4096 W 1400159861 518384206  
312 sda 8419648 4096 W 1400159861 518384206  
312 sda1 8420304 4096 W 1400159861 -792827845  
312 sda 8422352 4096 W 1400159861 -792827845  
312 sda1 8454672 4096 W 1400159861 1852204469  
312 sda 8456720 4096 W 1400159861 1852204469  
312 sda1 0 4096 W 1400159861 1348480466  
312 sda 2048 4096 W 1400159861 1348480466  
312 sda1 8 4096 W 1400159861 -1522046660  
312 sda 2056 4096 W 1400159861 -1522046660  
312 sda1 3592 4096 W 1400159861 -1950793314  
312 sda 5640 4096 W 1400159861 -1950793314  
312 sda1 3720 4096 W 1400159861 -1  
312 sda 5768 4096 W 1400159861 -1  
312 sda1 3752 4096 W 1400159861 -1  
312 sda 5800 4096 W 1400159861 -1  
312 sda1 3760 4096 W 1400159861 2010358436  
312 sda 5808 4096 W 1400159861 2010358436  
312 sda1 3848 4096 W 1400159861 876418368  
312 sda 5896 4096 W 1400159861 876418368  
312 sda1 4552 4096 W 1400159861 -465302748  
312 sda 6600 4096 W 1400159861 -465302748  
312 sda1 22312 4096 W 1400159861 -95415241  
312 sda 24360 4096 W 1400159861 -95415241  
312 sda1 25512 4096 W 1400159861 -1921586411  
312 sda 27560 4096 W 1400159861 -1921586411  
312 sda1 25520 4096 W 1400159861 -1145802895  
312 sda 27568 4096 W 1400159861 -1145802895  
312 sda1 69464 4096 W 1400159861 -1301684331  
312 sda 71512 4096 W 1400159861 -1301684331  
312 sda1 74248 4096 W 1400159861 -2114009741  
312 sda 76296 4096 W 1400159861 -2114009741  
312 sda1 4194400 4096 W 1400159861 1398497161  
312 sda 4196448 4096 W 1400159861 1398497161  
312 sda1 4194408 4096 W 1400159861 -1225927693  
312 sda 4196456 4096 W 1400159861 -1225927693  
312 sda1 4194416 4096 W 1400159861 161249463  
312 sda 4196464 4096 W 1400159861 161249463  
312 sda1 4194424 4096 W 1400159861 -1357086250  
312 sda 4196472 4096 W 1400159861 -1357086250  
312 sda1 4194488 4096 W 1400159861 -1178317370  
312 sda 4196536 4096 W 1400159861 -1178317370  
312 sda1 8669712 4096 W 1400159861 -606638469  
312 sda 8671760 4096 W 1400159861 -606638469  
289 sda1 4464368 4096 W 1400159862 464058060  
289 sda 4466416 4096 W 1400159862 464058060  
289 sda1 4464376 4096 W 1400159862 1101655775  
289 sda 4466424 4096 W 1400159862 1101655775  
289 sda1 4464384 4096 W 1400159862 1464078648  
289 sda 4466432 4096 W 1400159862 1464078648  
289 sda1 4464392 4096 W 1400159862 -257605915  
289 sda 4466440 4096 W 1400159862 -257605915  
289 sda1 4464400 4096 W 1400159862 -575622140  
289 sda 4466448 4096 W 1400159862 -575622140  
289 sda1 4464408 4096 W 1400159863 -1114069617  
289 sda 4466456 4096 W 1400159863 -1114069617  
289 sda1 4464416 4096 W 1400159868 -620751002  
289 sda 4466464 4096 W 1400159868 -620751002  
289 sda1 4464424 4096 W 1400159868 -1119503943  
289 sda 4466472 4096 W 1400159868 -1119503943  
289 sda1 4464432 4096 W 1400159869 72277578  
289 sda 4466480 4096 W 1400159869 72277578  
312 sda1 7704952 4096 W 1400159871 1519855548  
312 sda 7707000 4096 W 1400159871 1519855548  
312 sda1 7704960 4096 W 1400159871 91712418  
312 sda 7707008 4096 W 1400159871 91712418  
312 sda1 3608 4096 R 1400159871 -1592619215  
312 sda 5656 4096 R 1400159871 -1592619215  
312 sda1 838656 106496 W 1400159871 1736876276 415933401 -1537603667 -1239096702 -1341715270 1030318891 -1458391952 1870147959 -1975765746 315649902 1685938438 -196794567 -486789020 883484143 1266800070 259815692 -1208976272 -485264802 -362411415 -1362231500 -659380451 -1495753390 -729979947 1187205123 1976908983 -1408062251  
312 sda 840704 106496 W 1400159871 1736876276 415933401 -1537603667 -1239096702 -1341715270 1030318891 -1458391952 1870147959 -1975765746 315649902 1685938438 -196794567 -486789020 883484143 1266800070 259815692 -1208976272 -485264802 -362411415 -1362231500 -659380451 -1495753390 -729979947 1187205123 1976908983 -1408062251  
312 sda1 3624 4096 R 1400159871 1104391114  
312 sda 5672 4096 R 1400159871 1104391114  
312 sda1 3632 4096 R 1400159871 4649783  
312 sda 5680 4096 R 1400159871 4649783  
312 sda1 3640 4096 R 1400159871 708405350  
312 sda 5688 4096 R 1400159871 708405350  
312 sda1 1843536 524288 W 1400159871 -924568458 1472733451 713940784 976909746 -1172248752 -88513670 1601482048 1215950833 1252223595 274849555 -695031948 -1608340955 893898588 1817054653 -1407707578 -1425210743 -427370884 -596178691 -1156563369 1796539082 -1571810266 1879362119 10478538 666863205 1658240736 1429977437 -571676105 -610704549 -1597849394 153042780 1137578094 -1542434807 1598669113 -262938977 -1017836121 903539450 -1680017339 1086006527 312052939 -785161887 -1879004794 2030688750 -947993219 -637984711 1766846880 -770718780 17631 
312 sda 1845584 524288 W 1400159871 -924568458 1472733451 713940784 976909746 -1172248752 -88513670 1601482048 1215950833 1252223595 274849555 -695031948 -1608340955 893898588 1817054653 -1407707578 -1425210743 -427370884 -596178691 -1156563369 1796539082 -1571810266 1879362119 10478538 666863205 1658240736 1429977437 -571676105 -610704549 -1597849394 153042780 1137578094 -1542434807 1598669113 -262938977 -1017836121 903539450 -1680017339 1086006527 312052939 -785161887 -1879004794 2030688750 -947993219 -637984711 1766846880 -770718780 17631 
312 sda1 1844560 233472 W 1400159871 855227499 -1128217993 -1292655562 766771920 2140496137 2055639175 1821121389 399110365 -56268239 2019400540 696023817 1979124524 -1483639776 -907465658 -1719832412 304215579 -82954065 1401880787 738021310 -479073577 1532921182 1643816674 558509129 1742611557 214458256 -2000282701 -1197869282 -1008483259 1827561281 194309337 933743810 1714759234 -1071519447 1030055016 348512390 1915571174 944376167 450361804 -1178414418 -418745417 147964206 179267490 -1702431490 538412938 -1420701159 1981718039 -1072231327  
312 sda 1846608 233472 W 1400159871 855227499 -1128217993 -1292655562 766771920 2140496137 2055639175 1821121389 399110365 -56268239 2019400540 696023817 1979124524 -1483639776 -907465658 -1719832412 304215579 -82954065 1401880787 738021310 -479073577 1532921182 1643816674 558509129 1742611557 214458256 -2000282701 -1197869282 -1008483259 1827561281 194309337 933743810 1714759234 -1071519447 1030055016 348512390 1915571174 944376167 450361804 -1178414418 -418745417 147964206 179267490 -1702431490 538412938 -1420701159 1981718039 -1072231327  
312 sda1 7704968 16384 W 1400159871 825056912 -167856641 -2099988755 -234933475  
312 sda 7707016 16384 W 1400159871 825056912 -167856641 -2099988755 -234933475  
289 sda1 7704992 4096 W 1400159874 -1266677760  
289 sda 7707040 4096 W 1400159874 -1266677760  
289 sda1 4464440 4096 W 1400159874 -147107396  
289 sda 4466488 4096 W 1400159874 -147107396  
289 sda1 4464448 4096 W 1400159874 1501023561  
289 sda 4466496 4096 W 1400159874 1501023561  
289 sda1 4464456 4096 W 1400159874 1108680535  
289 sda 4466504 4096 W 1400159874 1108680535  
289 sda1 4464464 4096 W 1400159874 -363761213  
289 sda 4466512 4096 W 1400159874 -363761213  
289 sda1 4464472 4096 W 1400159874 384157179  
289 sda 4466520 4096 W 1400159874 384157179  
289 sda1 4464480 4096 W 1400159874 -1969242568  
289 sda 4466528 4096 W 1400159874 -1969242568  
289 sda1 4464488 4096 W 1400159874 271942313  
289 sda 4466536 4096 W 1400159874 271942313  
289 sda1 4464496 4096 W 1400159874 1432135435  
289 sda 4466544 4096 W 1400159874 1432135435  
289 sda1 4464504 4096 W 1400159874 713965801  
289 sda 4466552 4096 W 1400159874 713965801  
289 sda1 4464512 4096 W 1400159875 360207337  
289 sda 4466560 4096 W 1400159875 360207337  
1888 sdb 8456 4096 W 1400159875 -951542652  
1888 sdb 8456 4096 W 1400159875 -951542652  
1888 sdb 8464 4096 W 1400159875 1306999631  
1888 sdb 8464 4096 W 1400159875 1306999631  
1888 sdb 73992 4096 W 1400159875 -1666879221  
1888 sdb 73992 4096 W 1400159875 -1666879221  
1888 sdb 8 4096 W 1400159875 -1464263436  
1888 sdb 8 4096 W 1400159875 -1464263436  
1888 sdb 8208 4096 W 1400159875 1058347982  
1888 sdb 8208 4096 W 1400159875 1058347982  
1888 sdb 8328 4096 W 1400159875 -34680123  
1888 sdb 8328 4096 W 1400159875 -34680123  
289 sda1 4464520 4096 W 1400159880 -56091243  
289 sda 4466568 4096 W 1400159880 -56091243  
289 sda1 4464528 4096 W 1400159880 -892937516  
289 sda 4466576 4096 W 1400159880 -892937516  
289 sda1 4464536 4096 W 1400159881 -645456942  
289 sda 4466584 4096 W 1400159881 -645456942  
289 sda1 4464544 4096 W 1400159886 -2087463021  
289 sda 4466592 4096 W 1400159886 -2087463021  
289 sda1 4464552 4096 W 1400159886 -1552862724  
289 sda 4466600 4096 W 1400159886 -1552862724  
289 sda1 4464560 4096 W 1400159887 1600638786  
289 sda 4466608 4096 W 1400159887 1600638786  
1750 sda1 9008424 4096 R 1400159887  
1750 sda 9010472 4096 R 1400159887  
1750 sda1 9008496 4096 R 1400159887  
1750 sda 9010544 4096 R 1400159887  
1750 sda1 8669608 4096 R 1400159887  
1750 sda 8671656 4096 R 1400159887  
1750 sda1 5839232 4096 R 1400159887  
1750 sda 5841280 4096 R 1400159887  
1750 sda1 5839248 4096 R 1400159887  
1750 sda 5841296 4096 R 1400159887  
1750 sda1 5845944 69632 R 1400159887  
1750 sda 5847992 69632 R 1400159887  
1750 sda1 5846104 16384 R 1400159887  
1750 sda 5848152 16384 R 1400159887  
1750 sda1 5846152 12288 R 1400159887  
1750 sda 5848200 12288 R 1400159887  
1750 sda1 5846176 16384 R 1400159887  
1750 sda 5848224 16384 R 1400159887  
1750 sda1 5846216 28672 R 1400159887  
1750 sda 5848264 28672 R 1400159887  
1750 sda1 5846288 12288 R 1400159887  
1750 sda 5848336 12288 R 1400159887  
1750 sda1 5897520 12288 R 1400159887  
1750 sda 5899568 12288 R 1400159887  
1750 sda1 5897592 12288 R 1400159887  
1750 sda 5899640 12288 R 1400159887  
1750 sda1 5846328 49152 R 1400159887  
1750 sda 5848376 49152 R 1400159887  
1750 sda1 5846432 8192 R 1400159887  
1750 sda 5848480 8192 R 1400159887  
1750 sda1 5846464 53248 R 1400159887  
1750 sda 5848512 53248 R 1400159887  
1750 sda1 5846816 69632 R 1400159887  
1750 sda 5848864 69632 R 1400159887  
1750 sda1 5847032 4096 R 1400159887  
1750 sda 5849080 4096 R 1400159887  
1750 sda1 5847048 12288 R 1400159887  
1750 sda 5849096 12288 R 1400159887  
1750 sda1 5846584 61440 R 1400159887  
1750 sda 5848632 61440 R 1400159887  
1750 sda1 5846712 4096 R 1400159887  
1750 sda 5848760 4096 R 1400159887  
1750 sda1 5846736 40960 R 1400159887  
1750 sda 5848784 40960 R 1400159887  
1750 sda1 5719904 24576 R 1400159888  
1750 sda 5721952 24576 R 1400159888  
1750 sda1 5719960 12288 R 1400159888  
1750 sda 5722008 12288 R 1400159888  
289 sda1 4464568 4096 W 1400159892 912807220  
289 sda 4466616 4096 W 1400159892 912807220  
289 sda1 4464576 4096 W 1400159892 -1660167577  
289 sda 4466624 4096 W 1400159892 -1660167577  
289 sda1 4464584 4096 W 1400159893 48597327  
289 sda 4466632 4096 W 1400159893 48597327  
312 sda1 8388616 4096 W 1400159896 1464078648  
312 sda 8390664 4096 W 1400159896 1464078648  
312 sda1 8417600 4096 W 1400159896 -575622140  
312 sda 8419648 4096 W 1400159896 -575622140  
312 sda1 8 4096 W 1400159896 -363761213  
312 sda 2056 4096 W 1400159896 -363761213  
312 sda1 3616 4096 W 1400159896 271942313  
312 sda 5664 4096 W 1400159896 271942313  
312 sda1 3648 4096 W 1400159896 713965801  
312 sda 5696 4096 W 1400159896 713965801  
312 sda1 4552 4096 W 1400159896 384157179  
312 sda 6600 4096 W 1400159896 384157179  
312 sda1 22312 4096 W 1400159896 -1969242568  
312 sda 24360 4096 W 1400159896 -1969242568  
312 sda1 25520 4096 W 1400159896 1432135435  
312 sda 27568 4096 W 1400159896 1432135435  
312 sda1 4194408 4096 W 1400159896 1108680535  
312 sda 4196456 4096 W 1400159896 1108680535  
289 sda1 4464592 4096 W 1400159898 1230217010  
289 sda 4466640 4096 W 1400159898 1230217010  
289 sda1 4464600 4096 W 1400159898 -1434201842  
289 sda 4466648 4096 W 1400159898 -1434201842  
289 sda1 4464608 4096 W 1400159899 -579178845  
289 sda 4466656 4096 W 1400159899 -579178845  
