2655 sda1 8658768 4096 R 1400283722  
2655 sda 8660816 4096 R 1400283722  
2655 sda1 8658808 8192 R 1400283722  
2655 sda 8660856 8192 R 1400283722  
2655 sdb 8208 4096 R 1400283722 -1320755316  
2655 sdb 8208 4096 R 1400283722 -1320755316  
2655 sdb 8224 4096 R 1400283722 -2041866452  
2655 sdb 8224 4096 R 1400283722 -2041866452  
2655 sdb 8200 4096 R 1400283722 -1378939032  
2655 sdb 8200 4096 R 1400283722 -1378939032  
bcache: 2655 1400283722 1615111522  4096 
bcache: 2655 1400283722 1182614872  4096 
bcache: 2655 1400283722 502323968  4096 
bcache: 2655 1400283722 -1037133552  4096 
bcache: 2655 1400283722 -960237721  4096 
bcache: 2655 1400283722 -1132179565  4096 
bcache: 2655 1400283722 536052811  4096 
bcache: 2655 1400283722 133881064  4096 
bcache: 2655 1400283722 -276088743  4096 
bcache: 2655 1400283722 1178488600  4096 
bcache: 2655 1400283722 -1794876190  4096 
bcache: 2655 1400283722 2032236545  4096 
bcache: 2655 1400283722 -1721692374  4096 
bcache: 2655 1400283722 1962719125  4096 
bcache: 2655 1400283722 -1732322708  4096 
bcache: 2655 1400283722 1793295799  4096 
bcache: 2655 1400283722 626490640  4096 
bcache: 2655 1400283722 871443013  4096 
bcache: 2655 1400283722 -1198381823  4096 
bcache: 2655 1400283722 1419350326  4096 
bcache: 2655 1400283722 1367776396  4096 
bcache: 2655 1400283722 -1882919611  4096 
bcache: 2655 1400283722 -1223696588  4096 
bcache: 2655 1400283722 -798275736  4096 
bcache: 2655 1400283722 -1717931359  4096 
bcache: 2655 1400283722 867192253  4096 
bcache: 2655 1400283722 2130588017  4096 
bcache: 2655 1400283722 1822483328  4096 
bcache: 2655 1400283722 1426190229  4096 
bcache: 2655 1400283722 91905591  4096 
bcache: 2655 1400283722 1634081645  4096 
bcache: 2655 1400283722 -2025202667  4096 
bcache: 2655 1400283722 69085697  4096 
bcache: 2655 1400283722 -2089124078  4096 
bcache: 2655 1400283722 399856177  4096 
bcache: 2655 1400283722 1320971436  4096 
bcache: 2655 1400283722 -1837827615  4096 
bcache: 2655 1400283722 1336153226  4096 
bcache: 2655 1400283722 1839476752  4096 
bcache: 2655 1400283722 1520425309  4096 
bcache: 2655 1400283722 1641666683  4096 
bcache: 2655 1400283722 -1206485802  4096 
bcache: 2655 1400283722 1039022018  4096 
bcache: 2655 1400283722 -685230929  4096 
bcache: 2655 1400283722 -73907971  4096 
bcache: 2655 1400283722 903883469  4096 
bcache: 2655 1400283722 -493414068  4096 
bcache: 2655 1400283722 -2087223180  4096 
bcache: 2655 1400283722 -896527330  4096 
bcache: 2655 1400283722 -1787414937  4096 
2656 sda1 8667360 4096 R 1400283722  
2656 sda 8669408 4096 R 1400283722  
2656 sda1 8667384 8192 R 1400283722  
2656 sda 8669432 8192 R 1400283722  
222 sda1 145056 4096 W 1400283726 2054802655  
222 sda 147104 4096 W 1400283726 2054802655  
222 sda1 6632936 4096 W 1400283726 -1295686153  
222 sda 6634984 4096 W 1400283726 -1295686153  
222 sda1 9883552 4096 W 1400283726 889945241  
222 sda 9885600 4096 W 1400283726 889945241  
222 sda1 9883544 4096 W 1400283726 1061319224  
222 sda 9885592 4096 W 1400283726 1061319224  
222 sda1 4481624 4096 W 1400283726 843469846  
222 sda 4483672 4096 W 1400283726 843469846  
222 sda1 4481632 4096 W 1400283726 998724064  
222 sda 4483680 4096 W 1400283726 998724064  
222 sda1 4481640 4096 W 1400283726 -579794377  
222 sda 4483688 4096 W 1400283726 -579794377  
222 sda1 4481648 4096 W 1400283726 -982064992  
222 sda 4483696 4096 W 1400283726 -982064992  
222 sda1 4481656 4096 W 1400283726 -1465729325  
222 sda 4483704 4096 W 1400283726 -1465729325  
222 sda1 4481664 4096 W 1400283726 1624816079  
222 sda 4483712 4096 W 1400283726 1624816079  
222 sda1 4481672 4096 W 1400283726 1754047412  
222 sda 4483720 4096 W 1400283726 1754047412  
222 sda1 4481680 4096 W 1400283726 824250614  
222 sda 4483728 4096 W 1400283726 824250614  
222 sda1 4481688 4096 W 1400283726 -1655569577  
222 sda 4483736 4096 W 1400283726 -1655569577  
222 sda1 4481696 4096 W 1400283726 182783525  
222 sda 4483744 4096 W 1400283726 182783525  
222 sda1 4481704 4096 W 1400283726 2141015623  
222 sda 4483752 4096 W 1400283726 2141015623  
222 sda1 4481712 4096 W 1400283726 -1966106306  
222 sda 4483760 4096 W 1400283726 -1966106306  
222 sda1 4481720 4096 W 1400283726 1452780662  
222 sda 4483768 4096 W 1400283726 1452780662  
222 sda1 4481728 4096 W 1400283726 -508250706  
222 sda 4483776 4096 W 1400283726 -508250706  
222 sda1 4481736 4096 W 1400283726 -1067177932  
222 sda 4483784 4096 W 1400283726 -1067177932  
222 sda1 4481744 4096 W 1400283726 -1414480477  
222 sda 4483792 4096 W 1400283726 -1414480477  
222 sda1 4481752 4096 W 1400283726 -1111876250  
222 sda 4483800 4096 W 1400283726 -1111876250  
222 sda1 4481760 4096 W 1400283726 -1530556753  
222 sda 4483808 4096 W 1400283726 -1530556753  
222 sda1 4481768 4096 W 1400283726 -1912897055  
222 sda 4483816 4096 W 1400283726 -1912897055  
222 sda1 4481776 4096 W 1400283726 -125191775  
222 sda 4483824 4096 W 1400283726 -125191775  
222 sda1 4481784 4096 W 1400283726 -1930837288  
222 sda 4483832 4096 W 1400283726 -1930837288  
222 sda1 4481792 4096 W 1400283726 441133592  
222 sda 4483840 4096 W 1400283726 441133592  
222 sda1 4481800 4096 W 1400283726 -495471324  
222 sda 4483848 4096 W 1400283726 -495471324  
222 sda1 4481808 4096 W 1400283726 -322196750  
222 sda 4483856 4096 W 1400283726 -322196750  
222 sda1 4481816 4096 W 1400283726 -608107531  
222 sda 4483864 4096 W 1400283726 -608107531  
222 sda1 4481824 4096 W 1400283726 -158542119  
222 sda 4483872 4096 W 1400283726 -158542119  
2633 sdb 245760 4096 W 1400283727 1615111522  
2633 sdb 245760 4096 W 1400283727 1615111522  
2633 sdb 245768 4096 W 1400283727 1182614872  
2633 sdb 245768 4096 W 1400283727 1182614872  
2633 sdb 245776 4096 W 1400283727 502323968  
2633 sdb 245776 4096 W 1400283727 502323968  
2633 sdb 245784 4096 W 1400283727 -1037133552  
2633 sdb 245784 4096 W 1400283727 -1037133552  
2633 sdb 245792 4096 W 1400283727 -960237721  
2633 sdb 245792 4096 W 1400283727 -960237721  
2633 sdb 245800 4096 W 1400283727 -1132179565  
2633 sdb 245800 4096 W 1400283727 -1132179565  
2633 sdb 245808 4096 W 1400283727 536052811  
2633 sdb 245808 4096 W 1400283727 536052811  
2633 sdb 245816 4096 W 1400283727 133881064  
2633 sdb 245816 4096 W 1400283727 133881064  
2633 sdb 245824 4096 W 1400283727 -276088743  
2633 sdb 245824 4096 W 1400283727 -276088743  
2633 sdb 245832 4096 W 1400283727 1178488600  
2633 sdb 245832 4096 W 1400283727 1178488600  
2633 sdb 245840 4096 W 1400283727 -1794876190  
2633 sdb 245840 4096 W 1400283727 -1794876190  
2633 sdb 245848 4096 W 1400283727 2032236545  
2633 sdb 245848 4096 W 1400283727 2032236545  
2633 sdb 245864 4096 W 1400283727 -1721692374  
2633 sdb 245864 4096 W 1400283727 -1721692374  
2633 sdb 245872 4096 W 1400283727 1962719125  
2633 sdb 245872 4096 W 1400283727 1962719125  
2633 sdb 245880 4096 W 1400283727 -1732322708  
2633 sdb 245880 4096 W 1400283727 -1732322708  
2633 sdb 245888 4096 W 1400283727 1793295799  
2633 sdb 245888 4096 W 1400283727 1793295799  
2633 sdb 245896 4096 W 1400283727 626490640  
2633 sdb 245896 4096 W 1400283727 626490640  
2633 sdb 245904 4096 W 1400283727 871443013  
2633 sdb 245904 4096 W 1400283727 871443013  
2633 sdb 245912 4096 W 1400283727 -1198381823  
2633 sdb 245912 4096 W 1400283727 -1198381823  
2633 sdb 245920 4096 W 1400283727 1419350326  
2633 sdb 245920 4096 W 1400283727 1419350326  
2633 sdb 245928 4096 W 1400283727 1367776396  
2633 sdb 245928 4096 W 1400283727 1367776396  
2633 sdb 245936 4096 W 1400283727 -1882919611  
2633 sdb 245936 4096 W 1400283727 -1882919611  
2633 sdb 245944 4096 W 1400283727 -1223696588  
2633 sdb 245944 4096 W 1400283727 -1223696588  
2633 sdb 245952 4096 W 1400283727 -798275736  
2633 sdb 245952 4096 W 1400283727 -798275736  
2633 sdb 245960 4096 W 1400283727 -1717931359  
2633 sdb 245960 4096 W 1400283727 -1717931359  
2633 sdb 245968 4096 W 1400283727 867192253  
2633 sdb 245968 4096 W 1400283727 867192253  
2633 sdb 245976 4096 W 1400283727 2130588017  
2633 sdb 245976 4096 W 1400283727 2130588017  
2633 sdb 245984 4096 W 1400283727 1822483328  
2633 sdb 245984 4096 W 1400283727 1822483328  
2633 sdb 245992 4096 W 1400283727 1426190229  
2633 sdb 245992 4096 W 1400283727 1426190229  
2633 sdb 246000 4096 W 1400283727 91905591  
2633 sdb 246000 4096 W 1400283727 91905591  
2633 sdb 246008 4096 W 1400283727 1634081645  
2633 sdb 246008 4096 W 1400283727 1634081645  
2633 sdb 246016 4096 W 1400283727 -2025202667  
2633 sdb 246016 4096 W 1400283727 -2025202667  
2633 sdb 246024 4096 W 1400283727 69085697  
2633 sdb 246024 4096 W 1400283727 69085697  
2633 sdb 246032 4096 W 1400283727 -2089124078  
2633 sdb 246032 4096 W 1400283727 -2089124078  
2633 sdb 246040 4096 W 1400283727 399856177  
2633 sdb 246040 4096 W 1400283727 399856177  
2633 sdb 246048 4096 W 1400283727 1320971436  
2633 sdb 246048 4096 W 1400283727 1320971436  
2633 sdb 246056 4096 W 1400283727 -1837827615  
2633 sdb 246056 4096 W 1400283727 -1837827615  
2633 sdb 246064 4096 W 1400283727 1336153226  
2633 sdb 246064 4096 W 1400283727 1336153226  
2633 sdb 246072 4096 W 1400283727 1839476752  
2633 sdb 246072 4096 W 1400283727 1839476752  
2633 sdb 246080 4096 W 1400283727 1520425309  
2633 sdb 246080 4096 W 1400283727 1520425309  
2633 sdb 246088 4096 W 1400283727 1641666683  
2633 sdb 246088 4096 W 1400283727 1641666683  
2633 sdb 246096 4096 W 1400283727 -1206485802  
2633 sdb 246096 4096 W 1400283727 -1206485802  
2633 sdb 246104 4096 W 1400283727 1039022018  
2633 sdb 246104 4096 W 1400283727 1039022018  
2633 sdb 246112 4096 W 1400283727 -685230929  
2633 sdb 246112 4096 W 1400283727 -685230929  
2633 sdb 246120 4096 W 1400283727 -73907971  
2633 sdb 246120 4096 W 1400283727 -73907971  
2633 sdb 246128 4096 W 1400283727 903883469  
2633 sdb 246128 4096 W 1400283727 903883469  
2633 sdb 246136 4096 W 1400283727 -493414068  
2633 sdb 246136 4096 W 1400283727 -493414068  
2633 sdb 246144 4096 W 1400283727 -2087223180  
2633 sdb 246144 4096 W 1400283727 -2087223180  
2633 sdb 246152 4096 W 1400283727 -896527330  
2633 sdb 246152 4096 W 1400283727 -896527330  
2633 sdb 246160 4096 W 1400283727 -1787414937  
2633 sdb 246160 4096 W 1400283727 -1787414937  
2633 sdb 20713520 4096 W 1400283727 -1117001670  
2633 sdb 20713520 4096 W 1400283727 -1117001670  
2633 sdb 20713528 4096 W 1400283727 -1572269439  
2633 sdb 20713528 4096 W 1400283727 -1572269439  
2633 sdb 20713536 4096 W 1400283727 -181430696  
2633 sdb 20713536 4096 W 1400283727 -181430696  
2633 sdb 20713544 4096 W 1400283727 -1839785603  
2633 sdb 20713544 4096 W 1400283727 -1839785603  
2633 sdb 20713552 4096 W 1400283727 -918045926  
2633 sdb 20713552 4096 W 1400283727 -918045926  
2633 sdb 20713560 4096 W 1400283727 1401571304  
2633 sdb 20713560 4096 W 1400283727 1401571304  
2633 sdb 20713568 4096 W 1400283727 355190334  
2633 sdb 20713568 4096 W 1400283727 355190334  
2633 sdb 20713576 4096 W 1400283727 -1156042337  
2633 sdb 20713576 4096 W 1400283727 -1156042337  
2633 sdb 20713584 4096 R 1400283727 -657957313  
2633 sdb 20713584 4096 R 1400283727 -657957313  
2633 sdb 20713592 4096 W 1400283727 -133011126  
2633 sdb 20713592 4096 W 1400283727 -133011126  
222 sda1 4481832 4096 W 1400283732 2035065740  
222 sda 4483880 4096 W 1400283732 2035065740  
222 sda1 4481840 4096 W 1400283732 -892705152  
222 sda 4483888 4096 W 1400283732 -892705152  
222 sda1 4481848 4096 W 1400283732 110409563  
222 sda 4483896 4096 W 1400283732 110409563  
222 sda1 4481856 4096 W 1400283738 108489098  
222 sda 4483904 4096 W 1400283738 108489098  
222 sda1 4481864 4096 W 1400283738 -1241544790  
222 sda 4483912 4096 W 1400283738 -1241544790  
222 sda1 4481872 4096 W 1400283738 -278422784  
222 sda 4483920 4096 W 1400283738 -278422784  
222 sda1 4481880 4096 W 1400283744 -1010945576  
222 sda 4483928 4096 W 1400283744 -1010945576  
222 sda1 4481888 4096 W 1400283744 -1373300399  
222 sda 4483936 4096 W 1400283744 -1373300399  
222 sda1 4481896 4096 W 1400283744 1984932760  
222 sda 4483944 4096 W 1400283744 1984932760  
2629 sda1 4195992 4096 W 1400283744 -608107531  
2629 sda 4198040 4096 W 1400283744 -608107531  
2629 sda1 4216672 4096 W 1400283744 824250614  
2629 sda 4218720 4096 W 1400283744 824250614  
2629 sda1 4217520 4096 W 1400283744 -404081827  
2629 sda 4219568 4096 W 1400283744 -404081827  
2629 sda1 4219080 4096 W 1400283744 -1111876250  
2629 sda 4221128 4096 W 1400283744 -1111876250  
2629 sda1 4219088 4096 W 1400283744 998724064  
2629 sda 4221136 4096 W 1400283744 998724064  
2629 sda1 4219120 4096 W 1400283744 -125191775  
2629 sda 4221168 4096 W 1400283744 -125191775  
2629 sda1 4219248 4096 W 1400283744 1754047412  
2629 sda 4221296 4096 W 1400283744 1754047412  
2629 sda1 4326280 4096 W 1400283744 -1655569577  
2629 sda 4328328 4096 W 1400283744 -1655569577  
2629 sda1 4326288 4096 W 1400283744 -322196750  
2629 sda 4328336 4096 W 1400283744 -322196750  
2629 sda1 8388608 4096 W 1400283744 -1966106306  
2629 sda 8390656 4096 W 1400283744 -1966106306  
2629 sda1 8388648 4096 W 1400283744 -1530556753  
2629 sda 8390696 4096 W 1400283744 -1530556753  
2629 sda1 8388784 4096 W 1400283744 182783525  
2629 sda 8390832 4096 W 1400283744 182783525  
2629 sda1 8388864 4096 W 1400283744 -508250706  
2629 sda 8390912 4096 W 1400283744 -508250706  
2629 sda1 8414096 4096 W 1400283744 -579794377  
2629 sda 8416144 4096 W 1400283744 -579794377  
2629 sda1 8414304 4096 W 1400283744 -982064992  
2629 sda 8416352 4096 W 1400283744 -982064992  
2629 sda1 8414656 4096 W 1400283744 2141015623  
2629 sda 8416704 4096 W 1400283744 2141015623  
2629 sda1 8414664 4096 W 1400283744 -1930837288  
2629 sda 8416712 4096 W 1400283744 -1930837288  
2629 sda1 8414688 4096 W 1400283744 441133592  
2629 sda 8416736 4096 W 1400283744 441133592  
2629 sda1 8454448 4096 W 1400283744 -1067177932  
2629 sda 8456496 4096 W 1400283744 -1067177932  
2629 sda1 8516928 4096 W 1400283744 1452780662  
2629 sda 8518976 4096 W 1400283744 1452780662  
2629 sda1 0 4096 W 1400283744 -1414480477  
2629 sda 2048 4096 W 1400283744 -1414480477  
2629 sda1 8 4096 W 1400283744 1624816079  
2629 sda 2056 4096 W 1400283744 1624816079  
2629 sda1 4194320 4096 W 1400283744 -1  
2629 sda 4196368 4096 W 1400283744 -1  
2629 sda1 4194376 4096 W 1400283744 -1912897055  
2629 sda 4196424 4096 W 1400283744 -1912897055  
2629 sda1 4194480 4096 W 1400283744 -1465729325  
2629 sda 4196528 4096 W 1400283744 -1465729325  
222 sda1 4481904 4096 W 1400283750 -1132069922  
222 sda 4483952 4096 W 1400283750 -1132069922  
222 sda1 4481912 4096 W 1400283750 650764565  
222 sda 4483960 4096 W 1400283750 650764565  
222 sda1 4481920 4096 W 1400283750 1993177023  
222 sda 4483968 4096 W 1400283750 1993177023  
2629 sda1 6672528 4096 W 1400283754 1059814470  
2629 sda 6674576 4096 W 1400283754 1059814470  
2629 sda1 9389368 106496 W 1400283754 1736876276 415933401 -1537603667 -1239096702 -1341715270 -1231044657 -88575920 -1935773426 318083335 315649902 1685938438 1470222552 1238532309 -1875001902 -1264482396 259815692 1014613459 -485264802 -362411415 -1362231500 -659380451 -1495753390 -729979947 1187205123 1976908983 -1408062251  
2629 sda 9391416 106496 W 1400283754 1736876276 415933401 -1537603667 -1239096702 -1341715270 -1231044657 -88575920 -1935773426 318083335 315649902 1685938438 1470222552 1238532309 -1875001902 -1264482396 259815692 1014613459 -485264802 -362411415 -1362231500 -659380451 -1495753390 -729979947 1187205123 1976908983 -1408062251  
2629 sda1 9967616 524288 W 1400283754 -1989381242 1472733451 713940784 976909746 -1172248752 -88513670 1601482048 1215950833 1416073652 274849555 -1875569396 -1018118084 893898588 1817054653 -1407707578 -1425210743 -427370884 -596178691 -1156563369 1796539082 -1571810266 1879362119 10478538 666863205 1658240736 1429977437 -571676105 -610704549 -1597849394 153042780 1137578094 -1542434807 1598669113 -262938977 -1017836121 903539450 -1680017339 89780052 312052939 -785161887 -1879004794 2030688750 -947993219 -637984711 1766846880 -770718780 17631 
2629 sda 9969664 524288 W 1400283754 -1989381242 1472733451 713940784 976909746 -1172248752 -88513670 1601482048 1215950833 1416073652 274849555 -1875569396 -1018118084 893898588 1817054653 -1407707578 -1425210743 -427370884 -596178691 -1156563369 1796539082 -1571810266 1879362119 10478538 666863205 1658240736 1429977437 -571676105 -610704549 -1597849394 153042780 1137578094 -1542434807 1598669113 -262938977 -1017836121 903539450 -1680017339 89780052 312052939 -785161887 -1879004794 2030688750 -947993219 -637984711 1766846880 -770718780 17631 
2629 sda1 9968640 233472 W 1400283754 -78614520 -2010376155 1196384129 -2018630035 1482028023 -1113613517 -1412856781 -1446104045 1503101491 2019400540 696023817 1979124524 -1483639776 -907465658 -1719832412 304215579 -82954065 1401880787 738021310 -479073577 1532921182 1643816674 558509129 1742611557 214458256 -2000282701 -1197869282 -1008483259 1827561281 194309337 933743810 1714759234 -1071519447 1030055016 348512390 1915571174 944376167 450361804 -1178414418 -418745417 147964206 179267490 -1702431490 538412938 -1420701159 1981718039 -10722 
2629 sda 9970688 233472 W 1400283754 -78614520 -2010376155 1196384129 -2018630035 1482028023 -1113613517 -1412856781 -1446104045 1503101491 2019400540 696023817 1979124524 -1483639776 -907465658 -1719832412 304215579 -82954065 1401880787 738021310 -479073577 1532921182 1643816674 558509129 1742611557 214458256 -2000282701 -1197869282 -1008483259 1827561281 194309337 933743810 1714759234 -1071519447 1030055016 348512390 1915571174 944376167 450361804 -1178414418 -418745417 147964206 179267490 -1702431490 538412938 -1420701159 1981718039 -10722 
2629 sda1 6672536 20480 W 1400283754 1359884988 -980995632 -1857806264 1027408654 1013823063  
2629 sda 6674584 20480 W 1400283754 1359884988 -980995632 -1857806264 1027408654 1013823063  
222 sda1 6672568 4096 W 1400283756 -610111768  
222 sda 6674616 4096 W 1400283756 -610111768  
222 sda1 4481928 4096 W 1400283756 302785960  
222 sda 4483976 4096 W 1400283756 302785960  
222 sda1 4481936 4096 W 1400283756 1168623994  
222 sda 4483984 4096 W 1400283756 1168623994  
222 sda1 4481944 4096 W 1400283756 -934409237  
222 sda 4483992 4096 W 1400283756 -934409237  
222 sda1 4481952 4096 W 1400283756 300357239  
222 sda 4484000 4096 W 1400283756 300357239  
222 sda1 4481960 4096 W 1400283756 1780905942  
222 sda 4484008 4096 W 1400283756 1780905942  
222 sda1 4481968 4096 W 1400283756 1570604124  
222 sda 4484016 4096 W 1400283756 1570604124  
222 sda1 4481976 4096 W 1400283756 -199066298  
222 sda 4484024 4096 W 1400283756 -199066298  
222 sda1 4481984 4096 W 1400283756 -1648366628  
222 sda 4484032 4096 W 1400283756 -1648366628  
222 sda1 4481992 4096 W 1400283756 -661601521  
222 sda 4484040 4096 W 1400283756 -661601521  
222 sda1 4482000 4096 W 1400283756 1356446258  
222 sda 4484048 4096 W 1400283756 1356446258  
222 sda1 6672568 4096 W 1400283762 -1989766454  
222 sda 6674616 4096 W 1400283762 -1989766454  
222 sda1 4482008 4096 W 1400283762 1984279423  
222 sda 4484056 4096 W 1400283762 1984279423  
222 sda1 4482016 4096 W 1400283762 -1380100874  
222 sda 4484064 4096 W 1400283762 -1380100874  
222 sda1 4482024 4096 W 1400283762 -312372668  
222 sda 4484072 4096 W 1400283762 -312372668  
2631 sdb 8 4096 W 1400283762 -181430696  
2631 sdb 8 4096 W 1400283762 -181430696  
2631 sdb 8200 4096 W 1400283762 355190334  
2631 sdb 8200 4096 W 1400283762 355190334  
2631 sdb 8208 4096 W 1400283762 -1572269439  
2631 sdb 8208 4096 W 1400283762 -1572269439  
2631 sdb 8216 4096 W 1400283762 -918045926  
2631 sdb 8216 4096 W 1400283762 -918045926  
2631 sdb 8224 4096 W 1400283762 -1839785603  
2631 sdb 8224 4096 W 1400283762 -1839785603  
2631 sdb 12312 4096 W 1400283762 1401571304  
2631 sdb 12312 4096 W 1400283762 1401571304  
2631 sdb 245856 4096 W 1400283762 -1156042337  
2631 sdb 245856 4096 W 1400283762 -1156042337  
222 sda1 6672568 4096 W 1400283768 175137267  
222 sda 6674616 4096 W 1400283768 175137267  
222 sda1 4482032 4096 W 1400283768 785806218  
222 sda 4484080 4096 W 1400283768 785806218  
222 sda1 4482040 4096 W 1400283768 -1967166798  
222 sda 4484088 4096 W 1400283768 -1967166798  
222 sda1 4482048 4096 W 1400283768 -545779882  
222 sda 4484096 4096 W 1400283768 -545779882  
222 sda1 6672568 4096 W 1400283774 -828787905  
222 sda 6674616 4096 W 1400283774 -828787905  
222 sda1 4482056 4096 W 1400283774 1374534028  
222 sda 4484104 4096 W 1400283774 1374534028  
222 sda1 4482064 4096 W 1400283774 -1463053066  
222 sda 4484112 4096 W 1400283774 -1463053066  
222 sda1 4482072 4096 W 1400283774 754468658  
222 sda 4484120 4096 W 1400283774 754468658  
222 sda1 6672568 4096 W 1400283780 409931241  
222 sda 6674616 4096 W 1400283780 409931241  
222 sda1 4482080 4096 W 1400283780 -468305109  
222 sda 4484128 4096 W 1400283780 -468305109  
222 sda1 4482088 4096 W 1400283780 1085450969  
222 sda 4484136 4096 W 1400283780 1085450969  
222 sda1 4482096 4096 W 1400283780 -914380069  
222 sda 4484144 4096 W 1400283780 -914380069  
