bcache: 3054 1400133623 -513212428  4096 
bcache: 3054 1400133623 709256903  4096 
bcache: 3054 1400133623 -1165880039  4096 
bcache: 3054 1400133623 -111237689  4096 
bcache: 3054 1400133623 1979070651  4096 
bcache: 3054 1400133623 -1500031420  4096 
bcache: 3054 1400133623 -919964339  4096 
bcache: 3054 1400133623 20828015  4096 
bcache: 3054 1400133623 1106698706  4096 
bcache: 3054 1400133623 -1714416572  4096 
bcache: 3054 1400133623 1102164284  4096 
bcache: 3054 1400133623 1385877852  4096 
bcache: 3054 1400133623 881651156  4096 
bcache: 3054 1400133623 -1250025220  4096 
bcache: 3054 1400133623 -1549937396  4096 
bcache: 3054 1400133623 1079773879  4096 
bcache: 3054 1400133623 868976935  4096 
bcache: 3054 1400133623 76235696  4096 
bcache: 3054 1400133623 1131409942  4096 
bcache: 3054 1400133623 917157867  4096 
bcache: 3054 1400133623 -255781258  4096 
bcache: 3054 1400133623 91166620  4096 
bcache: 3054 1400133623 1261672376  4096 
bcache: 3054 1400133623 -1320599340  4096 
bcache: 3054 1400133623 -1041182672  4096 
bcache: 3054 1400133623 1567624528  4096 
bcache: 3054 1400133623 1338412758  4096 
bcache: 3054 1400133623 1059827504  4096 
bcache: 3054 1400133623 -1949311289  4096 
bcache: 3054 1400133623 135379405  4096 
bcache: 3054 1400133623 1381612364  4096 
bcache: 3054 1400133623 809769734  4096 
bcache: 3054 1400133623 -1430157896  4096 
bcache: 3054 1400133623 1125172913  4096 
bcache: 3054 1400133623 -1295551994  4096 
bcache: 3054 1400133623 -2098258049  4096 
bcache: 3054 1400133623 -815701049  4096 
bcache: 3054 1400133623 -884748887  4096 
bcache: 3054 1400133623 -112264379  4096 
bcache: 3054 1400133623 1900792603  4096 
bcache: 3054 1400133623 -394477526  4096 
bcache: 3054 1400133623 -1526789326  4096 
bcache: 3054 1400133623 1021090302  4096 
bcache: 3054 1400133623 -499651125  4096 
bcache: 3054 1400133623 260995075  4096 
bcache: 3054 1400133623 991278355  4096 
bcache: 3054 1400133623 -2008823983  4096 
bcache: 3054 1400133623 -1509814329  4096 
bcache: 3054 1400133623 -1675581554  4096 
bcache: 3054 1400133623 852701231  4096 
1487 sda1 6488736 4096 W 1400133624 -1274337810  
1487 sda 6490784 4096 W 1400133624 -1274337810  
1487 sda1 6488776 4096 W 1400133624 1902734254  
1487 sda 6490824 4096 W 1400133624 1902734254  
230 sda1 144480 4096 W 1400133625 -1168708083  
230 sda 146528 4096 W 1400133625 -1168708083  
230 sda1 142776 4096 W 1400133625 -1494870314  
230 sda 144824 4096 W 1400133625 -1494870314  
230 sda1 6488992 4096 W 1400133625 162021281  
230 sda 6491040 4096 W 1400133625 162021281  
230 sda1 6490168 4096 W 1400133625 1333222726  
230 sda 6492216 4096 W 1400133625 1333222726  
230 sda1 4477400 4096 W 1400133625 220638548  
230 sda 4479448 4096 W 1400133625 220638548  
230 sda1 4477408 4096 W 1400133625 593992469  
230 sda 4479456 4096 W 1400133625 593992469  
230 sda1 4477416 4096 W 1400133625 -1523331893  
230 sda 4479464 4096 W 1400133625 -1523331893  
230 sda1 4477424 4096 W 1400133625 -1397068461  
230 sda 4479472 4096 W 1400133625 -1397068461  
230 sda1 4477432 4096 W 1400133625 -1096655898  
230 sda 4479480 4096 W 1400133625 -1096655898  
230 sda1 4477440 4096 W 1400133625 975111851  
230 sda 4479488 4096 W 1400133625 975111851  
230 sda1 4477448 4096 W 1400133625 793083123  
230 sda 4479496 4096 W 1400133625 793083123  
230 sda1 4477456 4096 W 1400133625 904458961  
230 sda 4479504 4096 W 1400133625 904458961  
230 sda1 4477464 4096 W 1400133625 -795128529  
230 sda 4479512 4096 W 1400133625 -795128529  
230 sda1 4477472 4096 W 1400133625 1290874955  
230 sda 4479520 4096 W 1400133625 1290874955  
230 sda1 4477480 4096 W 1400133625 166799995  
230 sda 4479528 4096 W 1400133625 166799995  
230 sda1 4477488 4096 W 1400133625 -724783764  
230 sda 4479536 4096 W 1400133625 -724783764  
230 sda1 4477496 4096 W 1400133625 1863285340  
230 sda 4479544 4096 W 1400133625 1863285340  
230 sda1 4477504 4096 W 1400133625 -545301858  
230 sda 4479552 4096 W 1400133625 -545301858  
230 sda1 4477512 4096 W 1400133625 1828893540  
230 sda 4479560 4096 W 1400133625 1828893540  
230 sda1 4477520 4096 W 1400133625 1760855480  
230 sda 4479568 4096 W 1400133625 1760855480  
230 sda1 4477528 4096 W 1400133625 -1594175298  
230 sda 4479576 4096 W 1400133625 -1594175298  
230 sda1 4477536 4096 W 1400133625 2124594512  
230 sda 4479584 4096 W 1400133625 2124594512  
230 sda1 4477544 4096 W 1400133625 -1532869190  
230 sda 4479592 4096 W 1400133625 -1532869190  
1981 sdb 229768 4096 W 1400133628 -1675581554  
1981 sdb 229768 4096 W 1400133628 -1675581554  
1981 sdb 229776 4096 W 1400133628 852701231  
1981 sdb 229776 4096 W 1400133628 852701231  
1981 sdb 229376 4096 W 1400133628 -513212428  
1981 sdb 229376 4096 W 1400133628 -513212428  
1981 sdb 229384 4096 W 1400133628 709256903  
1981 sdb 229384 4096 W 1400133628 709256903  
1981 sdb 229392 4096 W 1400133628 -1165880039  
1981 sdb 229392 4096 W 1400133628 -1165880039  
1981 sdb 229400 4096 W 1400133628 -111237689  
1981 sdb 229400 4096 W 1400133628 -111237689  
1981 sdb 229408 4096 W 1400133628 1979070651  
1981 sdb 229408 4096 W 1400133628 1979070651  
1981 sdb 229416 4096 W 1400133628 -1500031420  
1981 sdb 229416 4096 W 1400133628 -1500031420  
1981 sdb 229424 4096 W 1400133628 -919964339  
1981 sdb 229424 4096 W 1400133628 -919964339  
1981 sdb 229432 4096 W 1400133628 20828015  
1981 sdb 229432 4096 W 1400133628 20828015  
1981 sdb 229440 4096 W 1400133628 1106698706  
1981 sdb 229440 4096 W 1400133628 1106698706  
1981 sdb 229448 4096 W 1400133628 -1714416572  
1981 sdb 229448 4096 W 1400133628 -1714416572  
1981 sdb 229456 4096 W 1400133628 1102164284  
1981 sdb 229456 4096 W 1400133628 1102164284  
1981 sdb 229464 4096 W 1400133628 1385877852  
1981 sdb 229464 4096 W 1400133628 1385877852  
1981 sdb 229480 4096 W 1400133628 881651156  
1981 sdb 229480 4096 W 1400133628 881651156  
1981 sdb 229488 4096 W 1400133628 -1250025220  
1981 sdb 229488 4096 W 1400133628 -1250025220  
1981 sdb 229496 4096 W 1400133628 -1549937396  
1981 sdb 229496 4096 W 1400133628 -1549937396  
1981 sdb 229504 4096 W 1400133628 1079773879  
1981 sdb 229504 4096 W 1400133628 1079773879  
1981 sdb 229512 4096 W 1400133628 868976935  
1981 sdb 229512 4096 W 1400133628 868976935  
1981 sdb 229520 4096 W 1400133628 76235696  
1981 sdb 229520 4096 W 1400133628 76235696  
1981 sdb 229528 4096 W 1400133628 1131409942  
1981 sdb 229528 4096 W 1400133628 1131409942  
1981 sdb 229536 4096 W 1400133628 917157867  
1981 sdb 229536 4096 W 1400133628 917157867  
1981 sdb 229544 4096 W 1400133628 -255781258  
1981 sdb 229544 4096 W 1400133628 -255781258  
1981 sdb 229552 4096 W 1400133628 91166620  
1981 sdb 229552 4096 W 1400133628 91166620  
1981 sdb 229560 4096 W 1400133628 1261672376  
1981 sdb 229560 4096 W 1400133628 1261672376  
1981 sdb 229568 4096 W 1400133628 -1320599340  
1981 sdb 229568 4096 W 1400133628 -1320599340  
1981 sdb 229576 4096 W 1400133628 -1041182672  
1981 sdb 229576 4096 W 1400133628 -1041182672  
1981 sdb 229584 4096 W 1400133628 1567624528  
1981 sdb 229584 4096 W 1400133628 1567624528  
1981 sdb 229592 4096 W 1400133628 1338412758  
1981 sdb 229592 4096 W 1400133628 1338412758  
1981 sdb 229600 4096 W 1400133628 1059827504  
1981 sdb 229600 4096 W 1400133628 1059827504  
1981 sdb 229608 4096 W 1400133628 -1949311289  
1981 sdb 229608 4096 W 1400133628 -1949311289  
1981 sdb 229616 4096 W 1400133628 135379405  
1981 sdb 229616 4096 W 1400133628 135379405  
1981 sdb 229624 4096 W 1400133628 1381612364  
1981 sdb 229624 4096 W 1400133628 1381612364  
1981 sdb 229632 4096 W 1400133628 809769734  
1981 sdb 229632 4096 W 1400133628 809769734  
1981 sdb 229640 4096 W 1400133628 -1430157896  
1981 sdb 229640 4096 W 1400133628 -1430157896  
1981 sdb 229648 4096 W 1400133628 1125172913  
1981 sdb 229648 4096 W 1400133628 1125172913  
1981 sdb 229656 4096 W 1400133628 -1295551994  
1981 sdb 229656 4096 W 1400133628 -1295551994  
1981 sdb 229664 4096 W 1400133628 -2098258049  
1981 sdb 229664 4096 W 1400133628 -2098258049  
1981 sdb 229672 4096 W 1400133628 -815701049  
1981 sdb 229672 4096 W 1400133628 -815701049  
1981 sdb 229680 4096 W 1400133628 -884748887  
1981 sdb 229680 4096 W 1400133628 -884748887  
1981 sdb 229688 4096 W 1400133628 -112264379  
1981 sdb 229688 4096 W 1400133628 -112264379  
1981 sdb 229696 4096 W 1400133628 1900792603  
1981 sdb 229696 4096 W 1400133628 1900792603  
1981 sdb 229704 4096 W 1400133628 -394477526  
1981 sdb 229704 4096 W 1400133628 -394477526  
1981 sdb 229712 4096 W 1400133628 -1526789326  
1981 sdb 229712 4096 W 1400133628 -1526789326  
1981 sdb 229720 4096 W 1400133628 1021090302  
1981 sdb 229720 4096 W 1400133628 1021090302  
1981 sdb 229728 4096 W 1400133628 -499651125  
1981 sdb 229728 4096 W 1400133628 -499651125  
1981 sdb 229736 4096 W 1400133628 260995075  
1981 sdb 229736 4096 W 1400133628 260995075  
1981 sdb 229744 4096 W 1400133628 991278355  
1981 sdb 229744 4096 W 1400133628 991278355  
1981 sdb 229752 4096 W 1400133628 -2008823983  
1981 sdb 229752 4096 W 1400133628 -2008823983  
1981 sdb 229760 4096 W 1400133628 -1509814329  
1981 sdb 229760 4096 W 1400133628 -1509814329  
1963 sdb 20713640 4096 W 1400133629 -1792716656  
1963 sdb 20713640 4096 W 1400133629 -1792716656  
1963 sdb 20713648 4096 W 1400133629 214756446  
1963 sdb 20713648 4096 W 1400133629 214756446  
1963 sdb 20713656 4096 W 1400133629 828574604  
1963 sdb 20713656 4096 W 1400133629 828574604  
1963 sdb 20713664 4096 W 1400133629 -1735708035  
1963 sdb 20713664 4096 W 1400133629 -1735708035  
1963 sdb 20713672 4096 W 1400133629 -53350872  
1963 sdb 20713672 4096 W 1400133629 -53350872  
1963 sdb 20713680 4096 W 1400133629 -1967796150  
1963 sdb 20713680 4096 W 1400133629 -1967796150  
1963 sdb 20713688 4096 W 1400133629 -764997404  
1963 sdb 20713688 4096 W 1400133629 -764997404  
1963 sdb 20713696 4096 W 1400133629 1782544130  
1963 sdb 20713696 4096 W 1400133629 1782544130  
1487 sda1 4194320 4096 W 1400133629 793083123  
1487 sda 4196368 4096 W 1400133629 793083123  
1487 sda1 4194368 4096 W 1400133629 1760855480  
1487 sda 4196416 4096 W 1400133629 1760855480  
1487 sda1 4219080 4096 W 1400133629 1828893540  
1487 sda 4221128 4096 W 1400133629 1828893540  
1487 sda1 4219088 4096 W 1400133629 593992469  
1487 sda 4221136 4096 W 1400133629 593992469  
1487 sda1 4219120 4096 W 1400133629 -1594175298  
1487 sda 4221168 4096 W 1400133629 -1594175298  
1487 sda1 8388608 4096 W 1400133629 166799995  
1487 sda 8390656 4096 W 1400133629 166799995  
1487 sda1 8388784 4096 W 1400133629 -795128529  
1487 sda 8390832 4096 W 1400133629 -795128529  
1487 sda1 8388864 4096 W 1400133629 1863285340  
1487 sda 8390912 4096 W 1400133629 1863285340  
1487 sda1 8407464 4096 W 1400133629 -121271111  
1487 sda 8409512 4096 W 1400133629 -121271111  
1487 sda1 8414056 4096 W 1400133629 1290874955  
1487 sda 8416104 4096 W 1400133629 1290874955  
1487 sda1 8414304 4096 W 1400133629 2124594512  
1487 sda 8416352 4096 W 1400133629 2124594512  
1487 sda1 8414320 4096 W 1400133629 -1523331893  
1487 sda 8416368 4096 W 1400133629 -1523331893  
1487 sda1 8417272 4096 W 1400133629 -1397068461  
1487 sda 8419320 4096 W 1400133629 -1397068461  
1487 sda1 8454448 4096 W 1400133629 -545301858  
1487 sda 8456496 4096 W 1400133629 -545301858  
1487 sda1 8518816 4096 W 1400133629 -724783764  
1487 sda 8520864 4096 W 1400133629 -724783764  
1487 sda1 0 4096 W 1400133629 -1096655898  
1487 sda 2048 4096 W 1400133629 -1096655898  
1487 sda1 8 4096 W 1400133629 904458961  
1487 sda 2056 4096 W 1400133629 904458961  
230 sda1 4477552 4096 W 1400133631 1266365818  
230 sda 4479600 4096 W 1400133631 1266365818  
230 sda1 4477560 4096 W 1400133631 -839743243  
230 sda 4479608 4096 W 1400133631 -839743243  
230 sda1 4477568 4096 W 1400133631 -1057582253  
230 sda 4479616 4096 W 1400133631 -1057582253  
1619 sda1 5823928 4096 R 1400133636  
1619 sda 5825976 4096 R 1400133636  
1619 sda1 5823944 8192 R 1400133636  
1619 sda 5825992 8192 R 1400133636  
1619 sda1 5824032 4096 R 1400133636  
1619 sda 5826080 4096 R 1400133636  
1619 sda1 5824048 65536 R 1400133636  
1619 sda 5826096 65536 R 1400133636  
1619 sda1 6398848 16384 R 1400133636  
1619 sda 6400896 16384 R 1400133636  
1619 sda1 5814024 8192 R 1400133637  
1619 sda 5816072 8192 R 1400133637  
1619 sda1 5814048 4096 R 1400133637  
1619 sda 5816096 4096 R 1400133637  
1619 sda1 5814064 12288 R 1400133637  
1619 sda 5816112 12288 R 1400133637  
1619 sda1 5814096 4096 R 1400133637  
1619 sda 5816144 4096 R 1400133637  
1619 sda1 5814112 20480 R 1400133637  
1619 sda 5816160 20480 R 1400133637  
1619 sda1 5814192 20480 R 1400133637  
1619 sda 5816240 20480 R 1400133637  
230 sda1 4477576 4096 W 1400133637 876674940  
230 sda 4479624 4096 W 1400133637 876674940  
230 sda1 4477584 4096 W 1400133637 702660206  
230 sda 4479632 4096 W 1400133637 702660206  
230 sda1 4477592 4096 W 1400133637 -1895083284  
230 sda 4479640 4096 W 1400133637 -1895083284  
1619 sda1 5076528 4096 R 1400133637  
1619 sda 5078576 4096 R 1400133637  
1619 sda1 5076544 8192 R 1400133637  
1619 sda 5078592 8192 R 1400133637  
1619 sda1 5076568 49152 R 1400133637  
1619 sda 5078616 49152 R 1400133637  
1619 sda1 5076688 4096 R 1400133637  
1619 sda 5078736 4096 R 1400133637  
1619 sda1 5076712 36864 R 1400133637  
1619 sda 5078760 36864 R 1400133637  
1619 sda1 5899840 4096 R 1400133637  
1619 sda 5901888 4096 R 1400133637  
1619 sda1 5899856 8192 R 1400133637  
1619 sda 5901904 8192 R 1400133637  
1619 sda1 5899888 12288 R 1400133637  
1619 sda 5901936 12288 R 1400133637  
1619 sda1 5899968 4096 R 1400133637  
1619 sda 5902016 4096 R 1400133637  
1619 sda1 5822712 20480 R 1400133637  
1619 sda 5824760 20480 R 1400133637  
1619 sda1 5822760 8192 R 1400133637  
1619 sda 5824808 8192 R 1400133637  
1619 sda1 5822832 8192 R 1400133637  
1619 sda 5824880 8192 R 1400133637  
1619 sda1 5822872 49152 R 1400133637  
1619 sda 5824920 49152 R 1400133637  
1619 sda1 5815512 12288 R 1400133637  
1619 sda 5817560 12288 R 1400133637  
1619 sda1 5815576 4096 R 1400133637  
1619 sda 5817624 4096 R 1400133637  
1619 sda1 5815592 4096 R 1400133637  
1619 sda 5817640 4096 R 1400133637  
1619 sda1 5815624 8192 R 1400133637  
1619 sda 5817672 8192 R 1400133637  
1619 sda1 5815648 8192 R 1400133637  
1619 sda 5817696 8192 R 1400133637  
1619 sda1 5824544 53248 R 1400133637  
1619 sda 5826592 53248 R 1400133637  
1619 sda1 5824656 12288 R 1400133637  
1619 sda 5826704 12288 R 1400133637  
1619 sda1 5824696 4096 R 1400133637  
1619 sda 5826744 4096 R 1400133637  
1619 sda1 5824712 4096 R 1400133637  
1619 sda 5826760 4096 R 1400133637  
1619 sda1 5824728 8192 R 1400133637  
1619 sda 5826776 8192 R 1400133637  
1619 sda1 5824752 4096 R 1400133637  
1619 sda 5826800 4096 R 1400133637  
1619 sda1 5824776 8192 R 1400133637  
1619 sda 5826824 8192 R 1400133637  
1619 sda1 5820592 131072 R 1400133637  
1619 sda 5822640 131072 R 1400133637  
1619 sda1 5813064 24576 R 1400133637  
1619 sda 5815112 24576 R 1400133637  
1619 sda1 5813152 24576 R 1400133637  
1619 sda 5815200 24576 R 1400133637  
1619 sda1 5813216 32768 R 1400133637  
1619 sda 5815264 32768 R 1400133637  
1619 sda1 5813296 4096 R 1400133637  
1619 sda 5815344 4096 R 1400133637  
1619 sda1 5813312 4096 R 1400133637  
1619 sda 5815360 4096 R 1400133637  
1619 sda1 5816072 53248 R 1400133637  
1619 sda 5818120 53248 R 1400133637  
1619 sda1 5816200 12288 R 1400133637  
1619 sda 5818248 12288 R 1400133637  
1619 sda1 5816232 49152 R 1400133637  
1619 sda 5818280 49152 R 1400133637  
1619 sda1 5824936 4096 R 1400133637  
1619 sda 5826984 4096 R 1400133637  
1619 sda1 5824952 4096 R 1400133637  
1619 sda 5827000 4096 R 1400133637  
1619 sda1 5824968 8192 R 1400133637  
1619 sda 5827016 8192 R 1400133637  
1619 sda1 5825040 8192 R 1400133637  
1619 sda 5827088 8192 R 1400133637  
1619 sda1 5825064 4096 R 1400133637  
1619 sda 5827112 4096 R 1400133637  
1619 sda1 5825080 12288 R 1400133637  
1619 sda 5827128 12288 R 1400133637  
1619 sda1 5825112 4096 R 1400133637  
1619 sda 5827160 4096 R 1400133637  
1619 sda1 5825128 12288 R 1400133637  
1619 sda 5827176 12288 R 1400133637  
1619 sda1 5825160 4096 R 1400133637  
1619 sda 5827208 4096 R 1400133637  
1619 sda1 5822568 24576 R 1400133637  
1619 sda 5824616 24576 R 1400133637  
1619 sda1 5822664 20480 R 1400133637  
1619 sda 5824712 20480 R 1400133637  
1619 sda1 5822968 131072 R 1400133637  
1619 sda 5825016 131072 R 1400133637  
1619 sda1 5813432 77824 R 1400133637  
1619 sda 5815480 77824 R 1400133637  
1619 sda1 5813592 4096 R 1400133637  
1619 sda 5815640 4096 R 1400133637  
1619 sda1 5813632 4096 R 1400133637  
1619 sda 5815680 4096 R 1400133637  
1619 sda1 5813656 4096 R 1400133637  
1619 sda 5815704 4096 R 1400133637  
1619 sda1 5813672 4096 R 1400133637  
1619 sda 5815720 4096 R 1400133637  
1619 sda1 5820848 131072 R 1400133637  
1619 sda 5822896 131072 R 1400133637  
1619 sda1 5815056 81920 R 1400133637  
1619 sda 5817104 81920 R 1400133637  
1619 sda1 5815224 36864 R 1400133637  
1619 sda 5817272 36864 R 1400133637  
1619 sda1 5815304 4096 R 1400133637  
1619 sda 5817352 4096 R 1400133637  
1619 sda1 5824832 8192 R 1400133637  
1619 sda 5826880 8192 R 1400133637  
1619 sda1 5824856 4096 R 1400133637  
1619 sda 5826904 4096 R 1400133637  
1619 sda1 5824872 20480 R 1400133637  
1619 sda 5826920 20480 R 1400133637  
1619 sda1 5822320 20480 R 1400133637  
1619 sda 5824368 20480 R 1400133637  
1619 sda1 5822368 81920 R 1400133637  
1619 sda 5824416 81920 R 1400133637  
1619 sda1 5821536 57344 R 1400133637  
1619 sda 5823584 57344 R 1400133637  
1619 sda1 5821664 8192 R 1400133637  
1619 sda 5823712 8192 R 1400133637  
1619 sda1 5821696 49152 R 1400133637  
1619 sda 5823744 49152 R 1400133637  
1619 sda1 5821104 32768 R 1400133637  
1619 sda 5823152 32768 R 1400133637  
1619 sda1 5821192 12288 R 1400133637  
1619 sda 5823240 12288 R 1400133637  
1619 sda1 5821224 4096 R 1400133637  
1619 sda 5823272 4096 R 1400133637  
1619 sda1 5821240 4096 R 1400133637  
1619 sda 5823288 4096 R 1400133637  
1619 sda1 5821256 4096 R 1400133637  
1619 sda 5823304 4096 R 1400133637  
1619 sda1 5821272 28672 R 1400133637  
1619 sda 5823320 28672 R 1400133637  
1619 sda1 5075992 45056 R 1400133637  
1619 sda 5078040 45056 R 1400133637  
1619 sda1 5076120 4096 R 1400133637  
1619 sda 5078168 4096 R 1400133637  
1619 sda1 5076136 4096 R 1400133637  
1619 sda 5078184 4096 R 1400133637  
1619 sda1 5076152 4096 R 1400133637  
1619 sda 5078200 4096 R 1400133637  
1619 sda1 5076168 12288 R 1400133637  
1619 sda 5078216 12288 R 1400133637  
1619 sda1 5076208 4096 R 1400133637  
1619 sda 5078256 4096 R 1400133637  
1619 sda1 5900312 69632 R 1400133637  
1619 sda 5902360 69632 R 1400133637  
1619 sda1 5900504 12288 R 1400133637  
1619 sda 5902552 12288 R 1400133637  
1619 sda1 5900552 8192 R 1400133637  
1619 sda 5902600 8192 R 1400133637  
1619 sda1 5821792 8192 R 1400133637  
1619 sda 5823840 8192 R 1400133637  
1619 sda1 5821816 32768 R 1400133637  
1619 sda 5823864 32768 R 1400133637  
1619 sda1 5821888 12288 R 1400133637  
1619 sda 5823936 12288 R 1400133637  
1619 sda1 5821928 4096 R 1400133637  
1619 sda 5823976 4096 R 1400133637  
1619 sda1 5821952 32768 R 1400133637  
1619 sda 5824000 32768 R 1400133637  
1619 sda1 5822024 4096 R 1400133637  
1619 sda 5824072 4096 R 1400133637  
1619 sda1 5902200 49152 R 1400133637  
1619 sda 5904248 49152 R 1400133637  
1619 sda1 5902328 4096 R 1400133637  
1619 sda 5904376 4096 R 1400133637  
1619 sda1 5820424 16384 R 1400133637  
1619 sda 5822472 16384 R 1400133637  
1619 sda1 5820512 40960 R 1400133637  
1619 sda 5822560 40960 R 1400133637  
1619 sda1 5900960 77824 R 1400133637  
1619 sda 5903008 77824 R 1400133637  
1619 sda1 5901128 45056 R 1400133637  
1619 sda 5903176 45056 R 1400133637  
1619 sda1 5900568 16384 R 1400133637  
1619 sda 5902616 16384 R 1400133637  
1619 sda1 5900624 8192 R 1400133637  
1619 sda 5902672 8192 R 1400133637  
1619 sda1 5900648 24576 R 1400133637  
1619 sda 5902696 24576 R 1400133637  
1619 sda1 5901768 8192 R 1400133637  
1619 sda 5903816 8192 R 1400133637  
1619 sda1 5901800 4096 R 1400133637  
1619 sda 5903848 4096 R 1400133637  
1619 sda1 5901840 12288 R 1400133637  
1619 sda 5903888 12288 R 1400133637  
1619 sda1 5901880 8192 R 1400133637  
1619 sda 5903928 8192 R 1400133637  
1619 sda1 5901904 4096 R 1400133637  
1619 sda 5903952 4096 R 1400133637  
1619 sda1 5901936 20480 R 1400133637  
1619 sda 5903984 20480 R 1400133637  
1619 sda1 5901992 8192 R 1400133637  
1619 sda 5904040 8192 R 1400133637  
1619 sda1 5900696 24576 R 1400133637  
1619 sda 5902744 24576 R 1400133637  
1619 sda1 5900752 49152 R 1400133637  
1619 sda 5902800 49152 R 1400133637  
1619 sda1 5900872 12288 R 1400133637  
1619 sda 5902920 12288 R 1400133637  
1619 sda1 5821328 106496 R 1400133637  
1619 sda 5823376 106496 R 1400133637  
1619 sda1 5901216 4096 R 1400133637  
1619 sda 5903264 4096 R 1400133637  
1619 sda1 5901232 4096 R 1400133637  
1619 sda 5903280 4096 R 1400133637  
1619 sda1 5901248 12288 R 1400133637  
1619 sda 5903296 12288 R 1400133637  
1619 sda1 5901288 8192 R 1400133637  
1619 sda 5903336 8192 R 1400133637  
1619 sda1 5901320 12288 R 1400133637  
1619 sda 5903368 12288 R 1400133637  
1619 sda1 5823720 98304 R 1400133637  
1619 sda 5825768 98304 R 1400133637  
230 sda1 4477600 4096 W 1400133643 1825783689  
230 sda 4479648 4096 W 1400133643 1825783689  
230 sda1 4477608 4096 W 1400133643 -1412242985  
230 sda 4479656 4096 W 1400133643 -1412242985  
230 sda1 4477616 4096 W 1400133643 -226390887  
230 sda 4479664 4096 W 1400133643 -226390887  
230 sda1 4477624 4096 W 1400133649 334034319  
230 sda 4479672 4096 W 1400133649 334034319  
230 sda1 4477632 4096 W 1400133649 -293025232  
230 sda 4479680 4096 W 1400133649 -293025232  
230 sda1 4477640 4096 W 1400133649 344966314  
230 sda 4479688 4096 W 1400133649 344966314  
1487 sda1 6490352 4096 W 1400133654 -1088017013  
1487 sda 6492400 4096 W 1400133654 -1088017013  
1487 sda1 9550496 106496 W 1400133654 1736876276 415933401 -1537603667 -1239096702 -1341715270 -1231044657 -88575920 -1935773426 318083335 315649902 1685938438 1470222552 1238532309 -1875001902 -1264482396 259815692 1014613459 -485264802 -362411415 -1362231500 -659380451 -1495753390 -729979947 1187205123 1976908983 -1408062251  
1487 sda 9552544 106496 W 1400133654 1736876276 415933401 -1537603667 -1239096702 -1341715270 -1231044657 -88575920 -1935773426 318083335 315649902 1685938438 1470222552 1238532309 -1875001902 -1264482396 259815692 1014613459 -485264802 -362411415 -1362231500 -659380451 -1495753390 -729979947 1187205123 1976908983 -1408062251  
1487 sda1 9970392 524288 W 1400133654 -1989381242 1472733451 713940784 976909746 -1172248752 -88513670 1601482048 1215950833 1416073652 274849555 -1875569396 -1018118084 893898588 1817054653 -1407707578 -1425210743 -427370884 -596178691 -1156563369 1796539082 -1571810266 1879362119 10478538 666863205 1658240736 1429977437 -571676105 -610704549 -1597849394 153042780 1137578094 -1542434807 1598669113 -262938977 -1017836121 903539450 -1680017339 89780052 312052939 -785161887 -1879004794 2030688750 -947993219 -637984711 1766846880 -770718780 17631 
1487 sda 9972440 524288 W 1400133654 -1989381242 1472733451 713940784 976909746 -1172248752 -88513670 1601482048 1215950833 1416073652 274849555 -1875569396 -1018118084 893898588 1817054653 -1407707578 -1425210743 -427370884 -596178691 -1156563369 1796539082 -1571810266 1879362119 10478538 666863205 1658240736 1429977437 -571676105 -610704549 -1597849394 153042780 1137578094 -1542434807 1598669113 -262938977 -1017836121 903539450 -1680017339 89780052 312052939 -785161887 -1879004794 2030688750 -947993219 -637984711 1766846880 -770718780 17631 
1487 sda1 9971416 233472 W 1400133654 -78614520 -2010376155 1196384129 -2018630035 1482028023 -1113613517 -1412856781 -1446104045 1503101491 2019400540 696023817 1979124524 -1483639776 -907465658 -1719832412 304215579 -82954065 1401880787 738021310 -479073577 1532921182 1643816674 558509129 1742611557 214458256 -2000282701 -1197869282 -1008483259 1827561281 194309337 933743810 1714759234 -1071519447 1030055016 348512390 1915571174 944376167 450361804 -1178414418 -418745417 147964206 179267490 -1702431490 538412938 -1420701159 1981718039 -10722 
1487 sda 9973464 233472 W 1400133654 -78614520 -2010376155 1196384129 -2018630035 1482028023 -1113613517 -1412856781 -1446104045 1503101491 2019400540 696023817 1979124524 -1483639776 -907465658 -1719832412 304215579 -82954065 1401880787 738021310 -479073577 1532921182 1643816674 558509129 1742611557 214458256 -2000282701 -1197869282 -1008483259 1827561281 194309337 933743810 1714759234 -1071519447 1030055016 348512390 1915571174 944376167 450361804 -1178414418 -418745417 147964206 179267490 -1702431490 538412938 -1420701159 1981718039 -10722 
230 sda1 4477648 4096 W 1400133654 -2020534692  
230 sda 4479696 4096 W 1400133654 -2020534692  
230 sda1 4477656 4096 W 1400133654 -2119291872  
230 sda 4479704 4096 W 1400133654 -2119291872  
230 sda1 4477664 4096 W 1400133654 -872729739  
230 sda 4479712 4096 W 1400133654 -872729739  
230 sda1 4477672 4096 W 1400133654 -1670706364  
230 sda 4479720 4096 W 1400133654 -1670706364  
230 sda1 4477680 4096 W 1400133654 -54591644  
230 sda 4479728 4096 W 1400133654 -54591644  
230 sda1 4477688 4096 W 1400133654 -32478042  
230 sda 4479736 4096 W 1400133654 -32478042  
230 sda1 4477696 4096 W 1400133654 1117561675  
230 sda 4479744 4096 W 1400133654 1117561675  
230 sda1 4477704 4096 W 1400133654 449743770  
230 sda 4479752 4096 W 1400133654 449743770  
230 sda1 4477712 4096 W 1400133654 -1635756178  
230 sda 4479760 4096 W 1400133654 -1635756178  
230 sda1 4477720 4096 W 1400133654 -355858966  
230 sda 4479768 4096 W 1400133654 -355858966  
1487 sda1 6490360 24576 W 1400133654 -1091764424 -8869956 -417438294 1759940326 -114596018 1102298518  
1487 sda 6492408 24576 W 1400133654 -1091764424 -8869956 -417438294 1759940326 -114596018 1102298518  
1981 sdb 229472 4096 W 1400133659 -764997404  
1981 sdb 229472 4096 W 1400133659 -764997404  
1981 sdb 0 4096 W 1400133659 828574604  
1981 sdb 0 4096 W 1400133659 828574604  
1981 sdb 8 4096 W 1400133659 -1967796150  
1981 sdb 8 4096 W 1400133659 -1967796150  
1981 sdb 8200 4096 W 1400133659 -53350872  
1981 sdb 8200 4096 W 1400133659 -53350872  
1981 sdb 8224 4096 W 1400133659 -1735708035  
1981 sdb 8224 4096 W 1400133659 -1735708035  
230 sda1 6490400 4096 W 1400133660 -1311640127  
230 sda 6492448 4096 W 1400133660 -1311640127  
230 sda1 4477728 4096 W 1400133660 -1054603788  
230 sda 4479776 4096 W 1400133660 -1054603788  
230 sda1 4477736 4096 W 1400133660 1137924529  
230 sda 4479784 4096 W 1400133660 1137924529  
230 sda1 4477744 4096 W 1400133660 -551537297  
230 sda 4479792 4096 W 1400133660 -551537297  
230 sda1 4477752 4096 W 1400133660 1830448712  
230 sda 4479800 4096 W 1400133660 1830448712  
230 sda1 4477760 4096 W 1400133660 -1264543568  
230 sda 4479808 4096 W 1400133660 -1264543568  
1487 sda1 8 4096 W 1400133664 1137924529  
1487 sda 2056 4096 W 1400133664 1137924529  
1487 sda1 4194368 4096 W 1400133664 -551537297  
1487 sda 4196416 4096 W 1400133664 -551537297  
1487 sda1 8388640 4096 W 1400133664 -32478042  
1487 sda 8390688 4096 W 1400133664 -32478042  
1487 sda1 8388656 4096 W 1400133664 449743770  
1487 sda 8390704 4096 W 1400133664 449743770  
1487 sda1 8414304 4096 W 1400133664 1117561675  
1487 sda 8416352 4096 W 1400133664 1117561675  
1487 sda1 8414320 4096 W 1400133664 -54591644  
1487 sda 8416368 4096 W 1400133664 -54591644  
1487 sda1 8417272 4096 W 1400133664 -1635756178  
1487 sda 8419320 4096 W 1400133664 -1635756178  
230 sda1 4477768 4096 W 1400133666 484566396  
230 sda 4479816 4096 W 1400133666 484566396  
230 sda1 4477776 4096 W 1400133666 -1837665517  
230 sda 4479824 4096 W 1400133666 -1837665517  
230 sda1 4477784 4096 W 1400133666 1083883695  
230 sda 4479832 4096 W 1400133666 1083883695  
230 sda1 4477792 4096 W 1400133672 1675243386  
230 sda 4479840 4096 W 1400133672 1675243386  
230 sda1 4477800 4096 W 1400133672 1771841125  
230 sda 4479848 4096 W 1400133672 1771841125  
230 sda1 4477808 4096 W 1400133672 282163717  
230 sda 4479856 4096 W 1400133672 282163717  
230 sda1 4477816 4096 W 1400133678 -702435875  
230 sda 4479864 4096 W 1400133678 -702435875  
230 sda1 4477824 4096 W 1400133678 1943348574  
230 sda 4479872 4096 W 1400133678 1943348574  
230 sda1 4477832 4096 W 1400133678 -1713754167  
230 sda 4479880 4096 W 1400133678 -1713754167  
