292 sda1 3685744 4096 W 1399989637 -1103096880  
292 sda 3687792 4096 W 1399989637 -1103096880  
292 sda1 127112 4096 W 1399989637 -1698003682  
292 sda 129160 4096 W 1399989637 -1698003682  
292 sda1 6861344 4096 W 1399989637 -904567939  
292 sda 6863392 4096 W 1399989637 -904567939  
292 sda1 6861376 4096 W 1399989637 1086016062  
292 sda 6863424 4096 W 1399989637 1086016062  
292 sda1 4465984 4096 W 1399989637 -1182596615  
292 sda 4468032 4096 W 1399989637 -1182596615  
292 sda1 4465992 4096 W 1399989637 -604077974  
292 sda 4468040 4096 W 1399989637 -604077974  
292 sda1 4466000 4096 W 1399989637 805645008  
292 sda 4468048 4096 W 1399989637 805645008  
292 sda1 4466008 4096 W 1399989637 -1443203721  
292 sda 4468056 4096 W 1399989637 -1443203721  
292 sda1 4466016 4096 W 1399989637 1565952623  
292 sda 4468064 4096 W 1399989637 1565952623  
292 sda1 4466024 4096 W 1399989637 -81819998  
292 sda 4468072 4096 W 1399989637 -81819998  
292 sda1 4466032 4096 W 1399989637 -2018512081  
292 sda 4468080 4096 W 1399989637 -2018512081  
292 sda1 4466040 4096 W 1399989637 1036195820  
292 sda 4468088 4096 W 1399989637 1036195820  
292 sda1 4466048 4096 W 1399989637 -1897932281  
292 sda 4468096 4096 W 1399989637 -1897932281  
292 sda1 4466056 4096 W 1399989637 -1582182212  
292 sda 4468104 4096 W 1399989637 -1582182212  
292 sda1 4466064 4096 W 1399989637 66737816  
292 sda 4468112 4096 W 1399989637 66737816  
292 sda1 4466072 4096 W 1399989637 -532308696  
292 sda 4468120 4096 W 1399989637 -532308696  
292 sda1 4466080 4096 W 1399989637 184833647  
292 sda 4468128 4096 W 1399989637 184833647  
292 sda1 4466088 4096 W 1399989637 -1589303819  
292 sda 4468136 4096 W 1399989637 -1589303819  
292 sda1 4466096 4096 W 1399989637 -1966927911  
292 sda 4468144 4096 W 1399989637 -1966927911  
292 sda1 4466104 4096 W 1399989637 -203166338  
292 sda 4468152 4096 W 1399989637 -203166338  
292 sda1 4466112 4096 W 1399989637 -1  
292 sda 4468160 4096 W 1399989637 -1  
292 sda1 4466120 4096 W 1399989637 483307930  
292 sda 4468168 4096 W 1399989637 483307930  
292 sda1 4466128 4096 W 1399989637 -1  
292 sda 4468176 4096 W 1399989637 -1  
292 sda1 4466136 4096 W 1399989637 -1466917360  
292 sda 4468184 4096 W 1399989637 -1466917360  
292 sda1 4466144 4096 W 1399989637 -568265791  
292 sda 4468192 4096 W 1399989637 -568265791  
292 sda1 4466152 4096 W 1399989637 2085831303  
292 sda 4468200 4096 W 1399989637 2085831303  
292 sda1 4466160 4096 W 1399989637 -362370610  
292 sda 4468208 4096 W 1399989637 -362370610  
292 sda1 4466168 4096 W 1399989638 1371522778  
292 sda 4468216 4096 W 1399989638 1371522778  
2038 sdb 105119832 4096 W 1399989641 170087045  
2038 sdb 105119832 4096 W 1399989641 170087045  
2038 sdb 105119840 4096 W 1399989641 648060746  
2038 sdb 105119840 4096 W 1399989641 648060746  
2038 sdb 105119848 4096 W 1399989641 134300918  
2038 sdb 105119848 4096 W 1399989641 134300918  
2038 sdb 105119856 4096 W 1399989641 1044941009  
2038 sdb 105119856 4096 W 1399989641 1044941009  
2038 sdb 105119864 4096 W 1399989641 124201085  
2038 sdb 105119864 4096 W 1399989641 124201085  
2038 sdb 105119872 4096 W 1399989642 -1553293317  
2038 sdb 105119872 4096 W 1399989642 -1553293317  
292 sda1 4466176 4096 W 1399989643 1894550769  
292 sda 4468224 4096 W 1399989643 1894550769  
292 sda1 4466184 4096 W 1399989643 358084856  
292 sda 4468232 4096 W 1399989643 358084856  
292 sda1 4466192 4096 W 1399989643 -1031048219  
292 sda 4468240 4096 W 1399989643 -1031048219  
316 sda1 4910776 4096 W 1399989646 2084320605  
316 sda 4912824 4096 W 1399989646 2084320605  
316 sda1 6861056 4096 W 1399989646 -1180017588  
316 sda 6863104 4096 W 1399989646 -1180017588  
316 sda1 6861096 4096 W 1399989646 -336057883  
316 sda 6863144 4096 W 1399989646 -336057883  
292 sda1 4466200 4096 W 1399989649 -390350933  
292 sda 4468248 4096 W 1399989649 -390350933  
292 sda1 4466208 4096 W 1399989649 -1350911606  
292 sda 4468256 4096 W 1399989649 -1350911606  
292 sda1 4466216 4096 W 1399989649 -2083321438  
292 sda 4468264 4096 W 1399989649 -2083321438  
292 sda1 4466224 4096 W 1399989649 1757779216  
292 sda 4468272 4096 W 1399989649 1757779216  
292 sda1 4466232 4096 W 1399989649 1541385509  
292 sda 4468280 4096 W 1399989649 1541385509  
292 sda1 4466240 4096 W 1399989649 535103336  
292 sda 4468288 4096 W 1399989649 535103336  
292 sda1 4466248 4096 W 1399989655 -1171471280  
292 sda 4468296 4096 W 1399989655 -1171471280  
292 sda1 4466256 4096 W 1399989655 1337146921  
292 sda 4468304 4096 W 1399989655 1337146921  
292 sda1 4466264 4096 W 1399989655 -658186358  
292 sda 4468312 4096 W 1399989655 -658186358  
292 sda1 4466272 4096 W 1399989661 -490797915  
292 sda 4468320 4096 W 1399989661 -490797915  
292 sda1 4466280 4096 W 1399989661 1159929564  
292 sda 4468328 4096 W 1399989661 1159929564  
292 sda1 4466288 4096 W 1399989661 1421198024  
292 sda 4468336 4096 W 1399989661 1421198024  
1825 sdb 270544 102400 W 1399989666 -1847755619 -1364624980 1313373291 -545047975 502012752 540633703 -75944528 311521131 1324070076 -1606518400 -2059148355 -1848235389 1156523536 -1933647133 -1904743614 972739969 -1871020857 -1641768561 -2049578927 -29437596 26034812 -47050782 -1073341575 -1257385166 -1490694068  
1825 sdb 270544 102400 W 1399989666 -1847755619 -1364624980 1313373291 -545047975 502012752 540633703 -75944528 311521131 1324070076 -1606518400 -2059148355 -1848235389 1156523536 -1933647133 -1904743614 972739969 -1871020857 -1641768561 -2049578927 -29437596 26034812 -47050782 -1073341575 -1257385166 -1490694068  
316 sda1 3608 4096 R 1399989666 -1345950359  
316 sda 5656 4096 R 1399989666 -1345950359  
316 sda1 3616 4096 R 1399989667 368246807  
316 sda 5664 4096 R 1399989667 368246807  
316 sda1 836608 61440 W 1399989667 -1679835867 -52238922 -1162110580 993713324 -365700792 -1540099701 2033658881 1890673703 1437927343 -8549780 1481608153 1772381990 1012659504 916367695 1437918476  
316 sda 838656 61440 W 1399989667 -1679835867 -52238922 -1162110580 993713324 -365700792 -1540099701 2033658881 1890673703 1437927343 -8549780 1481608153 1772381990 1012659504 916367695 1437918476  
292 sda1 4466296 4096 W 1399989667 105635578  
292 sda 4468344 4096 W 1399989667 105635578  
292 sda1 4466304 4096 W 1399989667 -1730869250  
292 sda 4468352 4096 W 1399989667 -1730869250  
292 sda1 4466312 4096 W 1399989667 -667787096  
292 sda 4468360 4096 W 1399989667 -667787096  
316 sda1 3624 4096 R 1399989667 -1980855234  
292 sda1 4466320 4096 W 1399989667 -1842632433  
316 sda 5672 4096 R 1399989667 -1980855234  
292 sda 4468368 4096 W 1399989667 -1842632433  
292 sda1 4466328 4096 W 1399989667 -1965680237  
292 sda 4468376 4096 W 1399989667 -1965680237  
292 sda1 4466336 4096 W 1399989667 2125240268  
292 sda 4468384 4096 W 1399989667 2125240268  
316 sda1 3632 4096 R 1399989667 -1381503300  
316 sda 5680 4096 R 1399989667 -1381503300  
292 sda1 4466344 4096 W 1399989667 -24105722  
292 sda 4468392 4096 W 1399989667 -24105722  
316 sda1 3640 4096 R 1399989667 368246807  
316 sda 5688 4096 R 1399989667 368246807  
316 sda1 1893160 524288 W 1399989667 793549353 -129963668 -914982651 -322311483 1356545804 778652293 -1706785216 -1675383891 -801469215 369719956 -1483777856 -1916024074 -1138776013 -1044683611 568383392 -836857486 52755478 1793203569 378314134 -4181150 1117572156 1625339199 -1595602996 376193798 1303389850 -1571140771 1710631308 -1813720787 254945520 1059689305 -608728347 1465641445 758938132 -1072757535 -2038356065 -775903379 1544927247 -618468567 -817227712 -228509647 1303057934 1783910241 217105651 326931699 -55014287 1808973728 154266735 
316 sda 1895208 524288 W 1399989667 793549353 -129963668 -914982651 -322311483 1356545804 778652293 -1706785216 -1675383891 -801469215 369719956 -1483777856 -1916024074 -1138776013 -1044683611 568383392 -836857486 52755478 1793203569 378314134 -4181150 1117572156 1625339199 -1595602996 376193798 1303389850 -1571140771 1710631308 -1813720787 254945520 1059689305 -608728347 1465641445 758938132 -1072757535 -2038356065 -775903379 1544927247 -618468567 -817227712 -228509647 1303057934 1783910241 217105651 326931699 -55014287 1808973728 154266735 
316 sda1 1894184 110592 W 1399989667 1679979570 -658200854 -1119281916 283376613 1714043619 1287046883 -728202767 696919484 -1115565488 -524434948 1023868746 -1157358273 1192666524 1979915982 -559811061 -1013338000 -1373971696 1944514345 -1979351167 -1622655032 -395719350 108577377 1822074274 -259747424 -1680987273 -1738227608 -624103804  
316 sda 1896232 110592 W 1399989667 1679979570 -658200854 -1119281916 283376613 1714043619 1287046883 -728202767 696919484 -1115565488 -524434948 1023868746 -1157358273 1192666524 1979915982 -559811061 -1013338000 -1373971696 1944514345 -1979351167 -1622655032 -395719350 108577377 1822074274 -259747424 -1680987273 -1738227608 -624103804  
316 sda1 6861448 8192 W 1399989667 -1272238376 -1002473080  
316 sda 6863496 8192 W 1399989667 -1272238376 -1002473080  
2038 sdb 105119880 4096 W 1399989671 -816611640  
2038 sdb 105119880 4096 W 1399989671 -816611640  
2038 sdb 105119888 4096 W 1399989671 -1483848188  
2038 sdb 105119888 4096 W 1399989671 -1483848188  
2038 sdb 105119896 4096 W 1399989671 -344798976  
2038 sdb 105119896 4096 W 1399989671 -344798976  
2038 sdb 105119904 4096 W 1399989671 1744385457  
2038 sdb 105119904 4096 W 1399989671 1744385457  
2038 sdb 105119912 4096 W 1399989671 2147471597  
2038 sdb 105119912 4096 W 1399989671 2147471597  
316 sda1 8416216 4096 W 1399989672 -1443203721  
316 sda 8418264 4096 W 1399989672 -1443203721  
316 sda1 8416528 4096 W 1399989672 -667787096  
316 sda 8418576 4096 W 1399989672 -667787096  
316 sda1 0 4096 W 1399989672 -2018512081  
316 sda 2048 4096 W 1399989672 -2018512081  
316 sda1 3592 4096 W 1399989672 -532308696  
316 sda 5640 4096 W 1399989672 -532308696  
316 sda1 3616 4096 W 1399989672 -1842632433  
316 sda 5664 4096 W 1399989672 -1842632433  
316 sda1 3720 4096 W 1399989672 -1  
316 sda 5768 4096 W 1399989672 -1  
316 sda1 3752 4096 W 1399989672 -1  
316 sda 5800 4096 W 1399989672 -1  
316 sda1 3760 4096 W 1399989672 66737816  
316 sda 5808 4096 W 1399989672 66737816  
316 sda1 3848 4096 W 1399989672 -1589303819  
316 sda 5896 4096 W 1399989672 -1589303819  
316 sda1 4552 4096 W 1399989672 2125240268  
316 sda 6600 4096 W 1399989672 2125240268  
316 sda1 25512 4096 W 1399989672 1565952623  
316 sda 27560 4096 W 1399989672 1565952623  
316 sda1 25520 4096 W 1399989672 -81819998  
316 sda 27568 4096 W 1399989672 -81819998  
316 sda1 69464 4096 W 1399989672 -1966927911  
316 sda 71512 4096 W 1399989672 -1966927911  
316 sda1 74248 4096 W 1399989672 184833647  
316 sda 76296 4096 W 1399989672 184833647  
316 sda1 4194320 4096 W 1399989672 -2083321438  
316 sda 4196368 4096 W 1399989672 -2083321438  
316 sda1 4194400 4096 W 1399989672 -1897932281  
316 sda 4196448 4096 W 1399989672 -1897932281  
316 sda1 4218520 4096 W 1399989672 -362370610  
316 sda 4220568 4096 W 1399989672 -362370610  
316 sda1 4219032 4096 W 1399989672 1541385509  
316 sda 4221080 4096 W 1399989672 1541385509  
316 sda1 4221408 4096 W 1399989672 1036195820  
316 sda 4223456 4096 W 1399989672 1036195820  
316 sda1 4221432 4096 W 1399989672 -1582182212  
316 sda 4223480 4096 W 1399989672 -1582182212  
316 sda1 4221944 4096 W 1399989672 2085831303  
316 sda 4223992 4096 W 1399989672 2085831303  
316 sda1 4222032 4096 W 1399989672 -203166338  
316 sda 4224080 4096 W 1399989672 -203166338  
292 sda1 6861456 4096 W 1399989672 -1248313988  
292 sda 6863504 4096 W 1399989672 -1248313988  
292 sda1 4466352 4096 W 1399989672 -697806381  
292 sda 4468400 4096 W 1399989672 -697806381  
292 sda1 4466360 4096 W 1399989672 480037030  
292 sda 4468408 4096 W 1399989672 480037030  
292 sda1 4466368 4096 W 1399989672 -1275294705  
292 sda 4468416 4096 W 1399989672 -1275294705  
292 sda1 4466376 4096 W 1399989672 -1410719889  
292 sda 4468424 4096 W 1399989672 -1410719889  
292 sda1 4466384 4096 W 1399989672 1879652411  
292 sda 4468432 4096 W 1399989672 1879652411  
292 sda1 4466392 4096 W 1399989672 361837009  
292 sda 4468440 4096 W 1399989672 361837009  
292 sda1 4466400 4096 W 1399989672 -129113402  
292 sda 4468448 4096 W 1399989672 -129113402  
1825 sdb 73992 4096 W 1399989676 124201085  
1825 sdb 73992 4096 W 1399989676 124201085  
1825 sdb 8 4096 W 1399989676 -344798976  
1825 sdb 8 4096 W 1399989676 -344798976  
1825 sdb 8208 4096 W 1399989676 -1483848188  
1825 sdb 8208 4096 W 1399989676 -1483848188  
1825 sdb 8328 4096 W 1399989676 648060746  
1825 sdb 8328 4096 W 1399989676 648060746  
1825 sdb 8456 4096 W 1399989676 1744385457  
1825 sdb 8456 4096 W 1399989676 1744385457  
292 sda1 4466408 4096 W 1399989677 1464108546  
292 sda 4468456 4096 W 1399989677 1464108546  
292 sda1 4466416 4096 W 1399989677 -1621476404  
292 sda 4468464 4096 W 1399989677 -1621476404  
292 sda1 4466424 4096 W 1399989677 -1979751850  
292 sda 4468472 4096 W 1399989677 -1979751850  
292 sda1 4466432 4096 W 1399989683 -295964193  
292 sda 4468480 4096 W 1399989683 -295964193  
292 sda1 4466440 4096 W 1399989683 3119495  
292 sda 4468488 4096 W 1399989683 3119495  
292 sda1 4466448 4096 W 1399989683 1829662771  
292 sda 4468496 4096 W 1399989683 1829662771  
292 sda1 4466456 4096 W 1399989689 -1855964199  
292 sda 4468504 4096 W 1399989689 -1855964199  
292 sda1 4466464 4096 W 1399989689 1370936253  
292 sda 4468512 4096 W 1399989689 1370936253  
292 sda1 4466472 4096 W 1399989689 -505907793  
292 sda 4468520 4096 W 1399989689 -505907793  
292 sda1 4466480 4096 W 1399989695 614185342  
292 sda 4468528 4096 W 1399989695 614185342  
292 sda1 4466488 4096 W 1399989695 1681270951  
292 sda 4468536 4096 W 1399989695 1681270951  
292 sda1 4466496 4096 W 1399989695 -150573703  
292 sda 4468544 4096 W 1399989695 -150573703  
