3710 sdb 8328 4096 R 1400290925433742766 1160757224  
3710 sdb 8328 4096 R 1400290925433763199 1160757224  
bcache: 3710 1400290925465255800 676442646  4096 
bcache: 3710 1400290925465663075 1116436232  4096 
bcache: 3710 1400290925466024294 86038514  4096 
bcache: 3710 1400290925466355274 -1828593670  4096 
bcache: 3710 1400290925466720627 1405593853  4096 
bcache: 3710 1400290925467086972 -254910837  4096 
bcache: 3710 1400290925467419154 -745768175  4096 
bcache: 3710 1400290925467748209 2033979574  4096 
bcache: 3710 1400290925468077073 676996528  4096 
bcache: 3710 1400290925468406825 -1081053117  4096 
bcache: 3710 1400290925468736322 -821082209  4096 
bcache: 3710 1400290925469065979 -1719554705  4096 
bcache: 3710 1400290925469420744 -219440434  4096 
bcache: 3710 1400290925469761182 1535926268  4096 
bcache: 3710 1400290925470099951 1099648898  4096 
bcache: 3710 1400290925470430575 1475934505  4096 
bcache: 3710 1400290925470712424 -1607674761  4096 
bcache: 3710 1400290925471144516 -247346584  4096 
bcache: 3710 1400290925471474318 -1687105100  4096 
bcache: 3710 1400290925471804110 47563538  4096 
bcache: 3710 1400290925472133507 1648498867  4096 
bcache: 3710 1400290925472462991 -683089483  4096 
bcache: 3710 1400290925472792281 -474054202  4096 
bcache: 3710 1400290925473144180 -1269501315  4096 
bcache: 3710 1400290925473478354 1501615718  4096 
bcache: 3710 1400290925473813807 1523958153  4096 
bcache: 3710 1400290925474143925 -1601113871  4096 
bcache: 3710 1400290925474473431 738354992  4096 
bcache: 3710 1400290925475625891 1594369653  4096 
bcache: 3710 1400290925475957612 -74200408  4096 
bcache: 3710 1400290925476286731 1800921401  4096 
bcache: 3710 1400290925476616354 -945999633  4096 
bcache: 3710 1400290925476946813 633673819  4096 
bcache: 3710 1400290925477276562 1379792848  4096 
bcache: 3710 1400290925477612401 -155946231  4096 
bcache: 3710 1400290925477953421 -990341997  4096 
bcache: 3710 1400290925478285199 288875343  4096 
bcache: 3710 1400290925478617728 -1611450796  4096 
bcache: 3710 1400290925478701839 471435802  4096 
bcache: 3710 1400290925479069158 -1174871638  4096 
bcache: 3710 1400290925479400223 -1119673701  4096 
bcache: 3710 1400290925479729969 -1233395787  4096 
bcache: 3710 1400290925480059698 -1762869858  4096 
bcache: 3710 1400290925480389756 -344632571  4096 
bcache: 3710 1400290925480718655 -740055454  4096 
bcache: 3710 1400290925481141693 1605107784  4096 
bcache: 3710 1400290925481495646 569100438  4096 
bcache: 3710 1400290925481835633 1367159956  4096 
bcache: 3710 1400290925482096074 -2056681188  4096 
bcache: 3710 1400290925482353827 1049098657  4096 
3679 sdb 25223424 524288 W 1400290926314906136  
3679 sdb 25223424 524288 W 1400290926314926227  
3679 sdb 25224448 524288 W 1400290926315036444  
3679 sdb 25224448 524288 W 1400290926315046111  
3679 sdb 25225472 524288 W 1400290926315111530  
3679 sdb 25225472 524288 W 1400290926315121056  
3679 sdb 25226496 524288 W 1400290926315183307  
3679 sdb 25226496 524288 W 1400290926315191766  
3679 sdb 25227520 524288 W 1400290927318902858  
3679 sdb 25227520 524288 W 1400290927318923750  
3679 sdb 25228544 524288 W 1400290927319035037  
3679 sdb 25228544 524288 W 1400290927319045431  
3679 sdb 25229568 524288 W 1400290927319131558  
3679 sdb 25229568 524288 W 1400290927319141700  
3679 sdb 25230592 524288 W 1400290927319262068  
3679 sdb 25230592 524288 W 1400290927319274403  
3679 sdb 29360384 524288 W 1400290928322910957  
3679 sdb 29360384 524288 W 1400290928322931850  
3679 sdb 29361408 524288 W 1400290928323055422  
3679 sdb 29361408 524288 W 1400290928323072281  
3679 sdb 29362432 524288 W 1400290928323212558  
3679 sdb 29362432 524288 W 1400290928323231606  
3679 sdb 29363456 524288 W 1400290928323360123  
3679 sdb 29363456 524288 W 1400290928323375379  
3677 sdb 21242312 4096 W 1400290928325818763 -329816278  
3677 sdb 21242312 4096 W 1400290928325906117 -329816278  
3677 sdb 21242320 4096 W 1400290928325948837 -551733577  
3677 sdb 21242320 4096 W 1400290928325981709 -551733577  
3677 sdb 21242328 4096 W 1400290928326016865 840656960  
3677 sdb 21242328 4096 W 1400290928326049740 840656960  
3677 sdb 21242336 4096 W 1400290928326083165 -833352777  
3677 sdb 21242336 4096 W 1400290928326115696 -833352777  
3677 sdb 21242344 4096 W 1400290928326149000 1770447563  
3677 sdb 21242344 4096 W 1400290928326181440 1770447563  
3677 sdb 21242352 4096 W 1400290928326550620 -160757152  
3677 sdb 21242352 4096 W 1400290928326587379 -160757152  
3679 sdb 29364480 524288 W 1400290929322916708  
3679 sdb 29364480 524288 W 1400290929322938771  
3679 sdb 29365504 524288 W 1400290929323051007  
3679 sdb 29365504 524288 W 1400290929323059728  
3679 sdb 29366528 524288 W 1400290929323161305  
3679 sdb 29366528 524288 W 1400290929323172282  
3679 sdb 29367552 524288 W 1400290929323263194  
3679 sdb 29367552 524288 W 1400290929323274443  
222 sda1 145064 4096 W 1400290929703398705 -224448713  
222 sda 147112 4096 W 1400290929703446844 -224448713  
222 sda1 6632944 4096 W 1400290929703583284 172221989  
222 sda 6634992 4096 W 1400290929703632854 172221989  
222 sda1 6674632 4096 W 1400290929703875544 -2131748664  
222 sda 6676680 4096 W 1400290929704039811 -2131748664  
222 sda1 6675272 4096 W 1400290929704134941 -1655447358  
222 sda 6677320 4096 W 1400290929704294293 -1655447358  
222 sda1 6675512 4096 W 1400290929704383173 -1508256481  
222 sda 6677560 4096 W 1400290929704541608 -1508256481  
222 sda1 4516664 4096 W 1400290929704972036 -960066001  
222 sda 4518712 4096 W 1400290929705013170 -960066001  
222 sda1 4516672 4096 W 1400290929705106651 -761361053  
222 sda 4518720 4096 W 1400290929705143711 -761361053  
222 sda1 4516680 4096 W 1400290929705180808 2033269616  
222 sda 4518728 4096 W 1400290929705213150 2033269616  
222 sda1 4516688 4096 W 1400290929705246673 -1174154586  
222 sda 4518736 4096 W 1400290929705279049 -1174154586  
222 sda1 4516696 4096 W 1400290929705312199 730437864  
222 sda 4518744 4096 W 1400290929705344512 730437864  
222 sda1 4516704 4096 W 1400290929705377726 703244530  
222 sda 4518752 4096 W 1400290929705410095 703244530  
222 sda1 4516712 4096 W 1400290929705443430 -180732527  
222 sda 4518760 4096 W 1400290929705475806 -180732527  
222 sda1 4516720 4096 W 1400290929705508906 -679985474  
222 sda 4518768 4096 W 1400290929705541101 -679985474  
222 sda1 4516728 4096 W 1400290929705574225 -914430970  
222 sda 4518776 4096 W 1400290929705606426 -914430970  
222 sda1 4516736 4096 W 1400290929705639459 -563755121  
222 sda 4518784 4096 W 1400290929705671594 -563755121  
222 sda1 4516744 4096 W 1400290929705704627 -65302346  
222 sda 4518792 4096 W 1400290929705750026 -65302346  
222 sda1 4516752 4096 W 1400290929705825427 318135011  
222 sda 4518800 4096 W 1400290929705865863 318135011  
222 sda1 4516760 4096 W 1400290929705911998 1945764267  
222 sda 4518808 4096 W 1400290929705926614 1945764267  
222 sda1 4516768 4096 W 1400290929705941236 -1628437638  
222 sda 4518816 4096 W 1400290929705954330 -1628437638  
222 sda1 4516776 4096 W 1400290929705968250 940405182  
222 sda 4518824 4096 W 1400290929705981181 940405182  
222 sda1 4516784 4096 W 1400290929705994614 -1111337111  
222 sda 4518832 4096 W 1400290929706007636 -1111337111  
222 sda1 4516792 4096 W 1400290929706021279 1848380336  
222 sda 4518840 4096 W 1400290929706034202 1848380336  
222 sda1 4516800 4096 W 1400290929706047633 1329986596  
222 sda 4518848 4096 W 1400290929706060506 1329986596  
222 sda1 4516808 4096 W 1400290929706073926 -2110534204  
222 sda 4518856 4096 W 1400290929706086845 -2110534204  
222 sda1 4516816 4096 W 1400290929706100124 1066427746  
222 sda 4518864 4096 W 1400290929706113025 1066427746  
222 sda1 4516824 4096 W 1400290929706126565 1157381750  
222 sda 4518872 4096 W 1400290929706139477 1157381750  
222 sda1 4516832 4096 W 1400290929706153119 1891078677  
222 sda 4518880 4096 W 1400290929706166057 1891078677  
222 sda1 4516840 4096 W 1400290929706179515 -152197645  
222 sda 4518888 4096 W 1400290929706192411 -152197645  
222 sda1 4516848 4096 W 1400290929706205929 1519577833  
222 sda 4518896 4096 W 1400290929706218983 1519577833  
222 sda1 4516856 4096 W 1400290929706232663 -868825685  
222 sda 4518904 4096 W 1400290929706245537 -868825685  
222 sda1 4516864 4096 W 1400290929706481605 -2125210433  
222 sda 4518912 4096 W 1400290929706497049 -2125210433  
3679 sdb 29368576 524288 W 1400290930322909164  
3679 sdb 29368576 524288 W 1400290930322930700  
3679 sdb 29369600 524288 W 1400290930323046065  
3679 sdb 29369600 524288 W 1400290930323055386  
3679 sdb 29370624 524288 W 1400290930323164822  
3679 sdb 29370624 524288 W 1400290930323175921  
3679 sdb 29371648 524288 W 1400290930323276411  
3679 sdb 29371648 524288 W 1400290930323288137  
3679 sdb 29372672 524288 W 1400290931326914098  
3679 sdb 29372672 524288 W 1400290931326936056  
3679 sdb 29373696 524288 W 1400290931327047477  
3679 sdb 29373696 524288 W 1400290931327057030  
3679 sdb 29374720 524288 W 1400290931327162439  
3679 sdb 29374720 524288 W 1400290931327173488  
3679 sdb 29375744 524288 W 1400290931327271725  
3679 sdb 29375744 524288 W 1400290931327284339  
3679 sdb 29376768 524288 W 1400290932330926905  
3679 sdb 29376768 524288 W 1400290932330947191  
3679 sdb 29377792 524288 W 1400290932331057931  
3679 sdb 29377792 524288 W 1400290932331066474  
3679 sdb 29378816 524288 W 1400290932331149295  
3679 sdb 29378816 524288 W 1400290932331158828  
3679 sdb 29379840 524288 W 1400290932331251339  
3679 sdb 29379840 524288 W 1400290932331262889  
3679 sdb 29380864 524288 W 1400290933335676356  
3679 sdb 29380864 524288 W 1400290933335697744  
3679 sdb 29381888 524288 W 1400290933335807790  
3679 sdb 29381888 524288 W 1400290933335816793  
3679 sdb 29382912 524288 W 1400290933335901287  
3679 sdb 29382912 524288 W 1400290933335911956  
3679 sdb 29383936 524288 W 1400290933336010462  
3679 sdb 29383936 524288 W 1400290933336024333  
3679 sdb 29384960 524288 W 1400290934338920439  
3679 sdb 29384960 524288 W 1400290934338940985  
3679 sdb 29385984 524288 W 1400290934339067250  
3679 sdb 29385984 524288 W 1400290934339081698  
3679 sdb 29387008 524288 W 1400290934339228912  
3679 sdb 29387008 524288 W 1400290934339249479  
3679 sdb 29388032 524288 W 1400290934339364099  
3679 sdb 29388032 524288 W 1400290934339380006  
3677 sdb 21242360 4096 W 1400290934341449933 -681020641  
3677 sdb 21242360 4096 W 1400290934341491509 -681020641  
3677 sdb 21242368 4096 W 1400290934341531842 -391409743  
3677 sdb 21242368 4096 W 1400290934341589760 -391409743  
3677 sdb 21242376 4096 W 1400290934342069720 1715249165  
3677 sdb 21242376 4096 W 1400290934342106669 1715249165  
3679 sdb 29389056 524288 W 1400290935338910943  
3679 sdb 29389056 524288 W 1400290935338932874  
3679 sdb 29390080 524288 W 1400290935339041329  
3679 sdb 29390080 524288 W 1400290935339050687  
3679 sdb 29391104 524288 W 1400290935339157837  
3679 sdb 29391104 524288 W 1400290935339168975  
3679 sdb 29392128 524288 W 1400290935339271008  
3679 sdb 29392128 524288 W 1400290935339285148  
222 sda1 4516872 4096 W 1400290935453847616 -423942441  
222 sda 4518920 4096 W 1400290935453892720 -423942441  
222 sda1 4516880 4096 W 1400290935453938604 -1268836972  
222 sda 4518928 4096 W 1400290935453972841 -1268836972  
222 sda1 4516888 4096 W 1400290935454516689 1667655904  
222 sda 4518936 4096 W 1400290935454560085 1667655904  
3679 sdb 29393152 524288 W 1400290936339661673  
3679 sdb 29393152 524288 W 1400290936339683236  
3679 sdb 29394176 524288 W 1400290936339791436  
3679 sdb 29394176 524288 W 1400290936339800660  
3679 sdb 29395200 524288 W 1400290936339906736  
3679 sdb 29395200 524288 W 1400290936339917911  
3679 sdb 29396224 524288 W 1400290936340016220  
3679 sdb 29396224 524288 W 1400290936340028981  
3679 sdb 29397248 524288 W 1400290937342908748  
3679 sdb 29397248 524288 W 1400290937342930757  
3679 sdb 29398272 524288 W 1400290937343048254  
3679 sdb 29398272 524288 W 1400290937343058202  
3679 sdb 29399296 524288 W 1400290937343164426  
3679 sdb 29399296 524288 W 1400290937343176866  
3679 sdb 29400320 524288 W 1400290937343281990  
3679 sdb 29400320 524288 W 1400290937343293913  
3679 sdb 29401344 524288 W 1400290938346913616  
3679 sdb 29401344 524288 W 1400290938346934494  
3679 sdb 29402368 524288 W 1400290938347057118  
3679 sdb 29402368 524288 W 1400290938347072953  
3679 sdb 29403392 524288 W 1400290938347214226  
3679 sdb 29403392 524288 W 1400290938347234528  
3679 sdb 29404416 524288 W 1400290938347399848  
3679 sdb 29404416 524288 W 1400290938347414239  
3679 sdb 29405440 524288 W 1400290939351002868  
3679 sdb 29405440 524288 W 1400290939351033857  
3679 sdb 29406464 524288 W 1400290939351205131  
3679 sdb 29406464 524288 W 1400290939351225564  
3679 sdb 29407488 524288 W 1400290939351444806  
3679 sdb 29407488 524288 W 1400290939351466858  
3679 sdb 29408512 524288 W 1400290939351642150  
3679 sdb 29408512 524288 W 1400290939351672903  
3679 sdb 29409536 524288 W 1400290940354910855  
3679 sdb 29409536 524288 W 1400290940354931733  
3679 sdb 29410560 524288 W 1400290940355040057  
3679 sdb 29410560 524288 W 1400290940355050170  
3679 sdb 29411584 524288 W 1400290940355133704  
3679 sdb 29411584 524288 W 1400290940355143998  
3679 sdb 29412608 524288 W 1400290940355239955  
3679 sdb 29412608 524288 W 1400290940355251460  
3677 sdb 21242384 4096 W 1400290940356920546 -1470908135  
3677 sdb 21242384 4096 W 1400290940356965489 -1470908135  
3677 sdb 21242392 4096 W 1400290940357005805 -1872149330  
3677 sdb 21242392 4096 W 1400290940357038790 -1872149330  
3677 sdb 21242400 4096 W 1400290940357291856 127713612  
3677 sdb 21242400 4096 W 1400290940357327841 127713612  
222 sda1 4516896 4096 W 1400290940694914865 -1719604015  
222 sda 4518944 4096 W 1400290940694966127 -1719604015  
222 sda1 4516904 4096 W 1400290940695014299 1333279364  
222 sda 4518952 4096 W 1400290940695051178 1333279364  
222 sda1 4516912 4096 W 1400290940695477954 274949405  
222 sda 4518960 4096 W 1400290940695518066 274949405  
3679 sdb 29413632 524288 W 1400290941354926655  
3679 sdb 29413632 524288 W 1400290941354948465  
3679 sdb 29414656 524288 W 1400290941355058831  
3679 sdb 29414656 524288 W 1400290941355068178  
3679 sdb 29415680 524288 W 1400290941355154171  
3679 sdb 29415680 524288 W 1400290941355164981  
3679 sdb 29416704 524288 W 1400290941355284980  
3679 sdb 29416704 524288 W 1400290941355299588  
3679 sdb 29417728 524288 W 1400290942354900788  
3679 sdb 29417728 524288 W 1400290942354922002  
3679 sdb 29418752 524288 W 1400290942355029678  
3679 sdb 29418752 524288 W 1400290942355040987  
3679 sdb 29419776 524288 W 1400290942355130279  
3679 sdb 29419776 524288 W 1400290942355142383  
3679 sdb 29420800 524288 W 1400290942355239236  
3679 sdb 29420800 524288 W 1400290942355252386  
3679 sdb 29421824 524288 W 1400290943358906424  
3679 sdb 29421824 524288 W 1400290943358927417  
3679 sdb 29422848 524288 W 1400290943359050282  
3679 sdb 29422848 524288 W 1400290943359066437  
3679 sdb 29423872 524288 W 1400290943359211243  
3679 sdb 29423872 524288 W 1400290943359229335  
3679 sdb 29424896 524288 W 1400290943359358907  
3679 sdb 29424896 524288 W 1400290943359374856  
3679 sdb 33554688 524288 W 1400290944363704931  
3679 sdb 33554688 524288 W 1400290944363725777  
3679 sdb 33555712 524288 W 1400290944363835961  
3679 sdb 33555712 524288 W 1400290944363844638  
3679 sdb 33556736 524288 W 1400290944363929011  
3679 sdb 33556736 524288 W 1400290944363940294  
3679 sdb 33557760 524288 W 1400290944364053060  
3679 sdb 33557760 524288 W 1400290944364064950  
3679 sdb 33558784 524288 W 1400290945366906766  
3679 sdb 33558784 524288 W 1400290945366927711  
3679 sdb 33559808 524288 W 1400290945367037446  
3679 sdb 33559808 524288 W 1400290945367046606  
3679 sdb 33560832 524288 W 1400290945367131935  
3679 sdb 33560832 524288 W 1400290945367142772  
3679 sdb 33561856 524288 W 1400290945367261747  
3679 sdb 33561856 524288 W 1400290945367274482  
3679 sdb 33562880 524288 W 1400290946370938158  
3679 sdb 33562880 524288 W 1400290946370959329  
3679 sdb 33563904 524288 W 1400290946371067045  
3679 sdb 33563904 524288 W 1400290946371076772  
3679 sdb 33564928 524288 W 1400290946371163998  
3679 sdb 33564928 524288 W 1400290946371174114  
3679 sdb 33565952 524288 W 1400290946371274323  
3679 sdb 33565952 524288 W 1400290946371288034  
3677 sdb 21242408 4096 W 1400290946373247037 697737148  
3677 sdb 21242408 4096 W 1400290946373287953 697737148  
3677 sdb 21242416 4096 W 1400290946373327216 -1416723763  
3677 sdb 21242416 4096 W 1400290946373360275 -1416723763  
3677 sdb 21242424 4096 W 1400290946373395401 874163946  
3677 sdb 21242424 4096 W 1400290946373427958 874163946  
3677 sdb 21242432 4096 W 1400290946373693956 -1633521352  
3677 sdb 21242432 4096 W 1400290946373730262 -1633521352  
3660 sdb 8328 4096 W 1400290946398866970 840656960  
3660 sdb 8328 4096 W 1400290946398889999 840656960  
3660 sdb 8456 4096 W 1400290946398911167 -833352777  
3660 sdb 8456 4096 W 1400290946398923773 -833352777  
3660 sdb 73992 4096 W 1400290946398938519 1770447563  
3660 sdb 73992 4096 W 1400290946398950972 1770447563  
222 sda1 4516920 4096 W 1400290946477053092 746286710  
222 sda 4518968 4096 W 1400290946477098594 746286710  
222 sda1 4516928 4096 W 1400290946477143447 -1485305672  
222 sda 4518976 4096 W 1400290946477177056 -1485305672  
222 sda1 4516936 4096 W 1400290946477654445 -572042071  
222 sda 4518984 4096 W 1400290946477694824 -572042071  
3679 sdb 33566976 524288 W 1400290947370909334  
3679 sdb 33566976 524288 W 1400290947370930025  
3679 sdb 33568000 524288 W 1400290947371046440  
3679 sdb 33568000 524288 W 1400290947371059657  
3679 sdb 33569024 524288 W 1400290947371206700  
3679 sdb 33569024 524288 W 1400290947371228296  
3679 sdb 33570048 524288 W 1400290947371359591  
3679 sdb 33570048 524288 W 1400290947371373985  
3679 sdb 33571072 524288 W 1400290948370933387  
3679 sdb 33571072 524288 W 1400290948370954017  
3679 sdb 33572096 524288 W 1400290948371063799  
3679 sdb 33572096 524288 W 1400290948371074308  
3679 sdb 33573120 524288 W 1400290948371161732  
3679 sdb 33573120 524288 W 1400290948371172401  
3679 sdb 33574144 524288 W 1400290948371292922  
3679 sdb 33574144 524288 W 1400290948371305757  
3679 sdb 33575168 524288 W 1400290949374910456  
3679 sdb 33575168 524288 W 1400290949374932210  
3679 sdb 33576192 524288 W 1400290949375050743  
3679 sdb 33576192 524288 W 1400290949375063393  
3679 sdb 33577216 524288 W 1400290949375204937  
3679 sdb 33577216 524288 W 1400290949375224854  
3679 sdb 33578240 524288 W 1400290949375345932  
3679 sdb 33578240 524288 W 1400290949375361510  
3679 sdb 33579264 524288 W 1400290950378944490  
3679 sdb 33579264 524288 W 1400290950378965761  
3679 sdb 33580288 524288 W 1400290950379080318  
3679 sdb 33580288 524288 W 1400290950379089877  
3679 sdb 33581312 524288 W 1400290950379196322  
3679 sdb 33581312 524288 W 1400290950379208447  
3679 sdb 33582336 524288 W 1400290950379311570  
3679 sdb 33582336 524288 W 1400290950379323204  
3679 sdb 33583360 524288 W 1400290951382901815  
3679 sdb 33583360 524288 W 1400290951382923347  
3679 sdb 33584384 524288 W 1400290951383043725  
3679 sdb 33584384 524288 W 1400290951383059074  
3679 sdb 33585408 524288 W 1400290951383194733  
3679 sdb 33585408 524288 W 1400290951383213849  
3679 sdb 33586432 524288 W 1400290951383341515  
3679 sdb 33586432 524288 W 1400290951383355792  
222 sda1 4516944 4096 W 1400290951490305576 1396745328  
222 sda 4518992 4096 W 1400290951490402315 1396745328  
222 sda1 4516952 4096 W 1400290951490451998 -125896179  
222 sda 4519000 4096 W 1400290951490485615 -125896179  
222 sda1 4516960 4096 W 1400290951491091078 1945959190  
222 sda 4519008 4096 W 1400290951491131259 1945959190  
3679 sdb 33587456 524288 W 1400290952386896496  
3679 sdb 33587456 524288 W 1400290952386917422  
3679 sdb 33588480 524288 W 1400290952387041735  
3679 sdb 33588480 524288 W 1400290952387058668  
3679 sdb 33589504 524288 W 1400290952387201399  
3679 sdb 33589504 524288 W 1400290952387220829  
3679 sdb 33590528 524288 W 1400290952387333615  
3679 sdb 33590528 524288 W 1400290952387351838  
3677 sdb 21242440 4096 W 1400290952389412958 -834520398  
3677 sdb 21242440 4096 W 1400290952389456010 -834520398  
3677 sdb 21242448 4096 W 1400290952389497747 -488774025  
3677 sdb 21242448 4096 W 1400290952389531179 -488774025  
3677 sdb 21242456 4096 W 1400290952389989192 -632892098  
3677 sdb 21242456 4096 W 1400290952390028871 -632892098  
3679 sdb 33591552 524288 W 1400290953386917343  
3679 sdb 33591552 524288 W 1400290953386938557  
3679 sdb 33592576 524288 W 1400290953387047460  
3679 sdb 33592576 524288 W 1400290953387056758  
3679 sdb 33593600 524288 W 1400290953387139364  
3679 sdb 33593600 524288 W 1400290953387150694  
3679 sdb 33594624 524288 W 1400290953387243785  
3679 sdb 33594624 524288 W 1400290953387254212  
3679 sdb 33595648 524288 W 1400290954386947050  
3679 sdb 33595648 524288 W 1400290954386968468  
3679 sdb 33596672 524288 W 1400290954387081084  
3679 sdb 33596672 524288 W 1400290954387090780  
3679 sdb 33597696 524288 W 1400290954387193182  
3679 sdb 33597696 524288 W 1400290954387204760  
3679 sdb 33598720 524288 W 1400290954387302545  
3679 sdb 33598720 524288 W 1400290954387314572  
3590 sda1 6675864 4096 W 1400290955251045176 -694071861  
3590 sda 6677912 4096 W 1400290955251093284 -694071861  
3679 sdb 33599744 524288 W 1400290955386906711  
3679 sdb 33599744 524288 W 1400290955386927878  
3679 sdb 33600768 524288 W 1400290955387035430  
3679 sdb 33600768 524288 W 1400290955387044620  
3679 sdb 33601792 524288 W 1400290955387150315  
3679 sdb 33601792 524288 W 1400290955387160933  
3679 sdb 33602816 524288 W 1400290955387256492  
3679 sdb 33602816 524288 W 1400290955387268104  
3679 sdb 33603840 524288 W 1400290956390907886  
3679 sdb 33603840 524288 W 1400290956390929525  
3679 sdb 33604864 524288 W 1400290956391039623  
3679 sdb 33604864 524288 W 1400290956391050158  
3679 sdb 33605888 524288 W 1400290956391137790  
3679 sdb 33605888 524288 W 1400290956391149187  
3679 sdb 33606912 524288 W 1400290956391272933  
3679 sdb 33606912 524288 W 1400290956391286235  
3660 sdb 8208 4096 R 1400290956398972509 -1550497194  
3660 sdb 8208 4096 R 1400290956399017294 -1550497194  
3660 sdb 270344 204800 W 1400290956434384978 676442646 1116436232 86038514 -1828593670 1405593853 -254910837 -745768175 2033979574 676996528 -1081053117 -821082209 -1719554705 -219440434 1535926268 1099648898 1475934505 -1607674761 -247346584 -1687105100 47563538 1648498867 -683089483 -474054202 -1269501315 1501615718 1523958153 -1601113871 738354992 1594369653 -74200408 1800921401 -945999633 633673819 1379792848 -155946231 -990341997 288875343 -1611450796 471435802 -1174871638 -1119673701 -1233395787 -1762869858 -344632571 -740055454 1605107784 5691 
3660 sdb 270344 204800 W 1400290956436650978 676442646 1116436232 86038514 -1828593670 1405593853 -254910837 -745768175 2033979574 676996528 -1081053117 -821082209 -1719554705 -219440434 1535926268 1099648898 1475934505 -1607674761 -247346584 -1687105100 47563538 1648498867 -683089483 -474054202 -1269501315 1501615718 1523958153 -1601113871 738354992 1594369653 -74200408 1800921401 -945999633 633673819 1379792848 -155946231 -990341997 288875343 -1611450796 471435802 -1174871638 -1119673701 -1233395787 -1762869858 -344632571 -740055454 1605107784 5691 
222 sda1 4516968 4096 W 1400290956502919240 -516589917  
222 sda 4519016 4096 W 1400290956502964512 -516589917  
222 sda1 4516976 4096 W 1400290956503007761 -124689267  
222 sda 4519024 4096 W 1400290956503040757 -124689267  
222 sda1 4516984 4096 W 1400290956503077103 708705524  
222 sda 4519032 4096 W 1400290956503110143 708705524  
222 sda1 4516992 4096 W 1400290956503143847 -1473323926  
222 sda 4519040 4096 W 1400290956503176544 -1473323926  
222 sda1 4517000 4096 W 1400290956503209997 -1004056328  
222 sda 4519048 4096 W 1400290956503242373 -1004056328  
222 sda1 4517008 4096 W 1400290956503276103 -1078131404  
222 sda 4519056 4096 W 1400290956503308550 -1078131404  
222 sda1 4517016 4096 W 1400290956503775675 -1010567945  
222 sda 4519064 4096 W 1400290956503815444 -1010567945  
3679 sdb 33607936 524288 W 1400290957395717616  
3679 sdb 33607936 524288 W 1400290957395742706  
3679 sdb 33608960 524288 W 1400290957395846885  
3679 sdb 33608960 524288 W 1400290957395856558  
3679 sdb 33609984 524288 W 1400290957395958859  
3679 sdb 33609984 524288 W 1400290957395971466  
3679 sdb 33611008 524288 W 1400290957396080920  
3679 sdb 33611008 524288 W 1400290957396092323  
3679 sdb 33612032 524288 W 1400290958398903731  
3679 sdb 33612032 524288 W 1400290958398924831  
3679 sdb 33613056 524288 W 1400290958399036367  
3679 sdb 33613056 524288 W 1400290958399048029  
3679 sdb 33614080 524288 W 1400290958399136818  
3679 sdb 33614080 524288 W 1400290958399147372  
3679 sdb 33615104 524288 W 1400290958399249708  
3679 sdb 33615104 524288 W 1400290958399260869  
3677 sdb 21242464 4096 W 1400290958401125361 2132874760  
3677 sdb 21242464 4096 W 1400290958401170854 2132874760  
3677 sdb 21242472 4096 W 1400290958401211454 -453276251  
3677 sdb 21242472 4096 W 1400290958401244300 -453276251  
3677 sdb 21242480 4096 W 1400290958401295808 -1483848188  
3677 sdb 21242480 4096 W 1400290958401329904 -1483848188  
3677 sdb 21242488 4096 W 1400290958401363882 -2037966536  
3677 sdb 21242488 4096 W 1400290958401396496 -2037966536  
3677 sdb 21242496 4096 W 1400290958401429775 1349126472  
3677 sdb 21242496 4096 W 1400290958401462295 1349126472  
3677 sdb 21242504 4096 W 1400290958401778133 -698501717  
3677 sdb 21242504 4096 W 1400290958401814335 -698501717  
3679 sdb 33616128 524288 W 1400290959398910057  
3679 sdb 33616128 524288 W 1400290959398931412  
3679 sdb 33617152 524288 W 1400290959399039528  
3679 sdb 33617152 524288 W 1400290959399049603  
3679 sdb 33618176 524288 W 1400290959399155486  
3679 sdb 33618176 524288 W 1400290959399167335  
3679 sdb 33619200 524288 W 1400290959399269130  
3679 sdb 33619200 524288 W 1400290959399281958  
3590 sda1 9546848 102400 W 1400290960252769446 1736876276 415933401 -1537603667 -1239096702 1752029486 -300512040 -904198973 1045977163 1832839675 -184344336 1814988276 1004977070 1102771909 -1750383625 1003216352 1321680701 1179157475 798823110 79160091 -26135663 -1706309191 -1714781352 -1349784983 414883613 1180733610  
3590 sda 9548896 102400 W 1400290960253508828 1736876276 415933401 -1537603667 -1239096702 1752029486 -300512040 -904198973 1045977163 1832839675 -184344336 1814988276 1004977070 1102771909 -1750383625 1003216352 1321680701 1179157475 798823110 79160091 -26135663 -1706309191 -1714781352 -1349784983 414883613 1180733610  
3590 sda1 9967616 524288 W 1400290960257473001 -1774563439 1472733451 713940784 976909746 -1954948954 1265850131 -1451082184 1987231053 -1006885368 437394247 1492475005 -1121236307 665217637 -803466407 212673882 -795442850 -1798388162 1273081865 2132691308 -270222593 1199517888 604450698 -1070968860 -581032084 1347142689 -618193601 1023534516 -226841818 1535100950 -1194201900 789952262 -1398902457 476343647 -319453485 -654318929 -617595509 1918051981 462645548 856727538 1825634323 -1482268722 -1567387242 183842580 1880071726 974025229 -1981744761 -1897 
3590 sda 9969664 524288 W 1400290960261262920 -1774563439 1472733451 713940784 976909746 -1954948954 1265850131 -1451082184 1987231053 -1006885368 437394247 1492475005 -1121236307 665217637 -803466407 212673882 -795442850 -1798388162 1273081865 2132691308 -270222593 1199517888 604450698 -1070968860 -581032084 1347142689 -618193601 1023534516 -226841818 1535100950 -1194201900 789952262 -1398902457 476343647 -319453485 -654318929 -617595509 1918051981 462645548 856727538 1825634323 -1482268722 -1567387242 183842580 1880071726 974025229 -1981744761 -1897 
3590 sda1 9968640 229376 W 1400290960263076887 862303060 -1151675551 322512983 59390201 -1667684369 1835304794 -1481686889 1910054221 1050604684 1875966600 1205696000 -267388758 -71657796 -613848767 1506270742 1214342609 227322131 933493367 -1878181761 -549637190 1009062054 1270061551 -156220875 1556917625 -983636324 -975864330 -674957848 2011151008 1751009276 1967351954 -244327485 1901175596 314891564 1602852099 -1311315507 -18411064 770804176 -1148109037 1636724952 349001293 835822688 663534126 1271492620 -1682894617 475281368 -1932059885 2080893265  
3590 sda 9970688 229376 W 1400290960264745700 862303060 -1151675551 322512983 59390201 -1667684369 1835304794 -1481686889 1910054221 1050604684 1875966600 1205696000 -267388758 -71657796 -613848767 1506270742 1214342609 227322131 933493367 -1878181761 -549637190 1009062054 1270061551 -156220875 1556917625 -983636324 -975864330 -674957848 2011151008 1751009276 1967351954 -244327485 1901175596 314891564 1602852099 -1311315507 -18411064 770804176 -1148109037 1636724952 349001293 835822688 663534126 1271492620 -1682894617 475281368 -1932059885 2080893265  
3590 sda1 6675872 28672 W 1400290960265106358 689325656 -1811729921 -944670211 218042831 876295034 -1757895746 1148553483  
3590 sda 6677920 28672 W 1400290960265312939 689325656 -1811729921 -944670211 218042831 876295034 -1757895746 1148553483  
3590 sda1 4323720 4096 W 1400290960265444378 940405182  
3590 sda 4325768 4096 W 1400290960265479419 940405182  
3590 sda1 4326280 4096 W 1400290960265518129 1519577833  
3590 sda 4328328 4096 W 1400290960265551413 1519577833  
3590 sda1 5751176 4096 W 1400290960265587750 -2110534204  
3590 sda 5753224 4096 W 1400290960265621477 -2110534204  
3590 sda1 8388608 4096 W 1400290960265657246 -679985474  
3590 sda 8390656 4096 W 1400290960265692854 -679985474  
3590 sda1 8388784 4096 W 1400290960265745173 730437864  
3590 sda 8390832 4096 W 1400290960265782545 730437864  
3590 sda1 8388864 4096 W 1400290960265826954 -563755121  
3590 sda 8390912 4096 W 1400290960265864269 -563755121  
3590 sda1 8414656 4096 W 1400290960265907874 -1078131404  
3590 sda 8416704 4096 W 1400290960265945159 -1078131404  
3590 sda1 8414664 4096 W 1400290960265984978 -1174154586  
3590 sda 8416712 4096 W 1400290960266018072 -1174154586  
3590 sda1 8454448 4096 W 1400290960266058555 -65302346  
3590 sda 8456496 4096 W 1400290960266112953 -65302346  
3590 sda1 8525816 4096 W 1400290960266153141 -914430970  
3590 sda 8527864 4096 W 1400290960266186778 -914430970  
3590 sda1 9107944 4096 W 1400290960266224301 -1004056328  
3590 sda 9109992 4096 W 1400290960266256938 -1004056328  
3590 sda1 0 4096 W 1400290960266303940 -1111337111  
3590 sda 2048 4096 W 1400290960266336467 -1111337111  
3590 sda1 4194480 4096 W 1400290960266375199 318135011  
3590 sda 4196528 4096 W 1400290960266407847 318135011  
3590 sda1 4194656 4096 W 1400290960266444220 1066427746  
3590 sda 4196704 4096 W 1400290960266476928 1066427746  
3590 sda1 4195992 4096 W 1400290960266512562 -868825685  
3590 sda 4198040 4096 W 1400290960266545180 -868825685  
3590 sda1 4216672 4096 W 1400290960266580617 -1628437638  
3590 sda 4218720 4096 W 1400290960266613452 -1628437638  
3590 sda1 4219080 4096 W 1400290960266649412 1848380336  
3590 sda 4221128 4096 W 1400290960266688840 1848380336  
3590 sda1 4219088 4096 W 1400290960266725685 -761361053  
3590 sda 4221136 4096 W 1400290960266763335 -761361053  
3590 sda1 4219256 4096 W 1400290960266798360 1945764267  
3590 sda 4221304 4096 W 1400290960267545622 1945764267  
3590 sda1 4219312 4096 W 1400290960268064883 1157381750  
3590 sda 4221360 4096 W 1400290960268099864 1157381750  
3679 sdb 37748992 524288 W 1400290960398942260  
3679 sdb 37748992 524288 W 1400290960398964014  
3679 sdb 37750016 524288 W 1400290960399073702  
3679 sdb 37750016 524288 W 1400290960399084438  
3679 sdb 37751040 524288 W 1400290960399188697  
3679 sdb 37751040 524288 W 1400290960399199484  
3679 sdb 37752064 524288 W 1400290960399300511  
3679 sdb 37752064 524288 W 1400290960399312518  
3679 sdb 37753088 524288 W 1400290961398969213  
3679 sdb 37753088 524288 W 1400290961398990211  
3679 sdb 37754112 524288 W 1400290961399116409  
3679 sdb 37754112 524288 W 1400290961399132729  
3679 sdb 37755136 524288 W 1400290961399292660  
3679 sdb 37755136 524288 W 1400290961399313864  
3679 sdb 37756160 524288 W 1400290961399468743  
3679 sdb 37756160 524288 W 1400290961399484551  
222 sda1 6675920 4096 W 1400290961514972665 -839835530  
222 sda 6677968 4096 W 1400290961515017152 -839835530  
222 sda1 4517024 4096 W 1400290961515188219 1544947716  
222 sda 4519072 4096 W 1400290961515374359 1544947716  
222 sda1 4517032 4096 W 1400290961515413156 1789605690  
222 sda 4519080 4096 W 1400290961515445759 1789605690  
222 sda1 4517040 4096 W 1400290961515481079 -1438684059  
222 sda 4519088 4096 W 1400290961515513690 -1438684059  
222 sda1 4517048 4096 W 1400290961515547041 -2026564377  
222 sda 4519096 4096 W 1400290961515579454 -2026564377  
222 sda1 4517056 4096 W 1400290961515612786 2119218377  
222 sda 4519104 4096 W 1400290961515645202 2119218377  
222 sda1 4517064 4096 W 1400290961515678296 -2084558740  
222 sda 4519112 4096 W 1400290961515710628 -2084558740  
222 sda1 4517072 4096 W 1400290961515743704 -770750852  
222 sda 4519120 4096 W 1400290961515775957 -770750852  
222 sda1 4517080 4096 W 1400290961515808929 2058706004  
222 sda 4519128 4096 W 1400290961515841302 2058706004  
222 sda1 4517088 4096 W 1400290961516176728 495196775  
222 sda 4519136 4096 W 1400290961516213869 495196775  
3679 sdb 37757184 524288 W 1400290962402956364  
3679 sdb 37757184 524288 W 1400290962402977649  
3679 sdb 37758208 524288 W 1400290962403087695  
3679 sdb 37758208 524288 W 1400290962403096511  
3679 sdb 37759232 524288 W 1400290962403179914  
3679 sdb 37759232 524288 W 1400290962403190399  
3679 sdb 37760256 524288 W 1400290962403308510  
3679 sdb 37760256 524288 W 1400290962403321572  
3679 sdb 37761280 524288 W 1400290963406902495  
3679 sdb 37761280 524288 W 1400290963406923719  
3679 sdb 37762304 524288 W 1400290963407045668  
3679 sdb 37762304 524288 W 1400290963407061712  
3679 sdb 37763328 524288 W 1400290963407199441  
3679 sdb 37763328 524288 W 1400290963407218928  
3679 sdb 37764352 524288 W 1400290963407346426  
3679 sdb 37764352 524288 W 1400290963407360901  
3679 sdb 37765376 524288 W 1400290964411019374  
3679 sdb 37765376 524288 W 1400290964411039522  
3679 sdb 37766400 524288 W 1400290964411155449  
3679 sdb 37766400 524288 W 1400290964411171436  
3679 sdb 37767424 524288 W 1400290964411310157  
3679 sdb 37767424 524288 W 1400290964411331016  
3679 sdb 37768448 524288 W 1400290964411459054  
3679 sdb 37768448 524288 W 1400290964411472449  
3677 sdb 21242512 4096 W 1400290964416150543 -370528191  
3677 sdb 21242512 4096 W 1400290964416192260 -370528191  
3677 sdb 21242520 4096 W 1400290964416231902 2102464550  
3677 sdb 21242520 4096 W 1400290964416264560 2102464550  
3677 sdb 21242528 4096 W 1400290964416560403 -1523252994  
3677 sdb 21242528 4096 W 1400290964416597305 -1523252994  
3679 sdb 37769472 524288 W 1400290965414912221  
3679 sdb 37769472 524288 W 1400290965414933207  
3679 sdb 37770496 524288 W 1400290965415044574  
3679 sdb 37770496 524288 W 1400290965415053466  
3679 sdb 37771520 524288 W 1400290965415140402  
3679 sdb 37771520 524288 W 1400290965415151238  
3679 sdb 37772544 524288 W 1400290965415248661  
3679 sdb 37772544 524288 W 1400290965415261698  
3679 sdb 37773568 524288 W 1400290966414911161  
3679 sdb 37773568 524288 W 1400290966414932512  
3679 sdb 37774592 524288 W 1400290966415045067  
3679 sdb 37774592 524288 W 1400290966415055236  
3679 sdb 37775616 524288 W 1400290966415138875  
3679 sdb 37775616 524288 W 1400290966415149786  
3679 sdb 37776640 524288 W 1400290966415251222  
3679 sdb 37776640 524288 W 1400290966415264855  
222 sda1 4517096 4096 W 1400290966526475258 1548334211  
222 sda 4519144 4096 W 1400290966526519912 1548334211  
222 sda1 4517104 4096 W 1400290966526564859 1829516957  
222 sda 4519152 4096 W 1400290966526597787 1829516957  
222 sda1 4517112 4096 W 1400290966527132734 -1434231635  
222 sda 4519160 4096 W 1400290966527179830 -1434231635  
3679 sdb 37777664 524288 W 1400290967418911456  
3679 sdb 37777664 524288 W 1400290967418933152  
3679 sdb 37778688 524288 W 1400290967419045905  
3679 sdb 37778688 524288 W 1400290967419055598  
3679 sdb 37779712 524288 W 1400290967419142400  
3679 sdb 37779712 524288 W 1400290967419153437  
3679 sdb 37780736 524288 W 1400290967419270753  
3679 sdb 37780736 524288 W 1400290967419284051  
3679 sdb 37781760 524288 W 1400290968422907918  
3679 sdb 37781760 524288 W 1400290968422928844  
3679 sdb 37782784 524288 W 1400290968423035521  
3679 sdb 37782784 524288 W 1400290968423044792  
3679 sdb 37783808 524288 W 1400290968423128595  
3679 sdb 37783808 524288 W 1400290968423138191  
3679 sdb 37784832 524288 W 1400290968423240841  
3679 sdb 37784832 524288 W 1400290968423254230  
3679 sdb 37785856 524288 W 1400290969422897516  
3679 sdb 37785856 524288 W 1400290969422918803  
3679 sdb 37786880 524288 W 1400290969423028934  
3679 sdb 37786880 524288 W 1400290969423039352  
3679 sdb 37787904 524288 W 1400290969423138353  
3679 sdb 37787904 524288 W 1400290969423150059  
3679 sdb 37788928 524288 W 1400290969423249687  
3679 sdb 37788928 524288 W 1400290969423262439  
3679 sdb 37789952 524288 W 1400290970426993944  
3679 sdb 37789952 524288 W 1400290970427015947  
3679 sdb 37790976 524288 W 1400290970427128263  
3679 sdb 37790976 524288 W 1400290970427138677  
3679 sdb 37792000 524288 W 1400290970427227282  
3679 sdb 37792000 524288 W 1400290970427237860  
3679 sdb 37793024 524288 W 1400290970427337587  
3679 sdb 37793024 524288 W 1400290970427349648  
3677 sdb 21242536 4096 W 1400290970429246652 1544663782  
3677 sdb 21242536 4096 W 1400290970429288050 1544663782  
3677 sdb 21242544 4096 W 1400290970429327749 -29516611  
3677 sdb 21242544 4096 W 1400290970429360732 -29516611  
3677 sdb 21242552 4096 W 1400290970429602552 -217028745  
3677 sdb 21242552 4096 W 1400290970429638385 -217028745  
3679 sdb 37794048 524288 W 1400290971426920700  
3679 sdb 37794048 524288 W 1400290971426941713  
3679 sdb 37795072 524288 W 1400290971427098040  
3679 sdb 37795072 524288 W 1400290971427111016  
3679 sdb 37796096 524288 W 1400290971427218122  
3679 sdb 37796096 524288 W 1400290971427231611  
3679 sdb 37797120 524288 W 1400290971427322244  
3679 sdb 37797120 524288 W 1400290971427332374  
222 sda1 4517120 4096 W 1400290971538173946 594706053  
222 sda 4519168 4096 W 1400290971538219200 594706053  
222 sda1 4517128 4096 W 1400290971538263992 2063297224  
222 sda 4519176 4096 W 1400290971538297438 2063297224  
222 sda1 4517136 4096 W 1400290971539105836 1586200359  
222 sda 4519184 4096 W 1400290971539147459 1586200359  
3679 sdb 37798144 524288 W 1400290972426895685  
3679 sdb 37798144 524288 W 1400290972426916503  
3679 sdb 37799168 524288 W 1400290972427024394  
3679 sdb 37799168 524288 W 1400290972427034225  
3679 sdb 37800192 524288 W 1400290972427122108  
3679 sdb 37800192 524288 W 1400290972427132389  
3679 sdb 37801216 524288 W 1400290972427230535  
3679 sdb 37801216 524288 W 1400290972427243445  
3679 sdb 37802240 524288 W 1400290973430952321  
3679 sdb 37802240 524288 W 1400290973430973213  
3679 sdb 37803264 524288 W 1400290973431083460  
3679 sdb 37803264 524288 W 1400290973431093372  
3679 sdb 37804288 524288 W 1400290973431182654  
3679 sdb 37804288 524288 W 1400290973431193437  
3679 sdb 37805312 524288 W 1400290973431305643  
3679 sdb 37805312 524288 W 1400290973431318710  
3679 sdb 37806336 524288 W 1400290974434909256  
3679 sdb 37806336 524288 W 1400290974434930604  
3679 sdb 37807360 524288 W 1400290974435092980  
3679 sdb 37807360 524288 W 1400290974435106918  
3679 sdb 37808384 524288 W 1400290974435200264  
3679 sdb 37808384 524288 W 1400290974435211081  
3679 sdb 37809408 524288 W 1400290974435309707  
3679 sdb 37809408 524288 W 1400290974435322706  
3679 sdb 37810432 524288 W 1400290975438933220  
3679 sdb 37810432 524288 W 1400290975438953918  
3679 sdb 37811456 524288 W 1400290975439073527  
3679 sdb 37811456 524288 W 1400290975439088628  
3679 sdb 37812480 524288 W 1400290975439229274  
3679 sdb 37812480 524288 W 1400290975439250713  
3679 sdb 37813504 524288 W 1400290975439366432  
3679 sdb 37813504 524288 W 1400290975439382328  
3677 sdb 21242560 4096 W 1400290976694948304 589986016  
3677 sdb 21242560 4096 W 1400290976695000985 589986016  
3677 sdb 21242568 4096 W 1400290976695050444 -1950531804  
3677 sdb 21242568 4096 W 1400290976695088068 -1950531804  
222 sda1 4517144 4096 W 1400290976695263054 2078391920  
222 sda 4519192 4096 W 1400290976695312272 2078391920  
222 sda1 4517152 4096 W 1400290976695355119 1214502258  
222 sda 4519200 4096 W 1400290976695601819 1214502258  
222 sda1 4517160 4096 W 1400290976695939792 -1785225687  
222 sda 4519208 4096 W 1400290976695979736 -1785225687  
3677 sdb 21242576 4096 W 1400290976696338098 258105560  
3677 sdb 21242576 4096 W 1400290976696379886 258105560  
3660 sdb 8 4096 W 1400290981434982393 -2037966536  
3660 sdb 8 4096 W 1400290981435031578 -2037966536  
3660 sdb 16 4096 W 1400290981435079417 -1950531804  
3660 sdb 16 4096 W 1400290981435113201 -1950531804  
3660 sdb 8208 4096 W 1400290981435150221 -1483848188  
3660 sdb 8208 4096 W 1400290981435183378 -1483848188  
3660 sdb 8456 4096 W 1400290981435220176 1349126472  
3660 sdb 8456 4096 W 1400290981435252988 1349126472  
222 sda1 4517168 4096 W 1400290982694886586 81425526  
222 sda 4519216 4096 W 1400290982694934396 81425526  
222 sda1 4517176 4096 W 1400290982694977340 1044908501  
222 sda 4519224 4096 W 1400290982695010853 1044908501  
222 sda1 4517184 4096 W 1400290982695392324 1035005024  
222 sda 4519232 4096 W 1400290982695429712 1035005024  
