2278 sdb 8328 4096 R 1399686553 -283042162  
2278 sdb 8328 4096 R 1399686553 -283042162  
276 sda1 3687888 4096 W 1399686554 283423483  
276 sda 3689936 4096 W 1399686554 283423483  
276 sda1 1996032 4096 W 1399686554 -1120569688  
276 sda 1998080 4096 W 1399686554 -1120569688  
276 sda1 2019616 4096 W 1399686554 1819037968  
276 sda 2021664 4096 W 1399686554 1819037968  
276 sda1 2019696 4096 W 1399686554 -69692783  
276 sda 2021744 4096 W 1399686554 -69692783  
276 sda1 2002984 4096 W 1399686554 1734691365  
276 sda 2005032 4096 W 1399686554 1734691365  
276 sda1 4470456 4096 W 1399686554 -1836063747  
276 sda 4472504 4096 W 1399686554 -1836063747  
276 sda1 4470464 4096 W 1399686554 -1045769531  
276 sda 4472512 4096 W 1399686554 -1045769531  
276 sda1 4470472 4096 W 1399686554 -1178999623  
276 sda 4472520 4096 W 1399686554 -1178999623  
276 sda1 4470480 4096 W 1399686554 245079354  
276 sda 4472528 4096 W 1399686554 245079354  
276 sda1 4470488 4096 W 1399686554 1738472210  
276 sda 4472536 4096 W 1399686554 1738472210  
276 sda1 4470496 4096 W 1399686554 -748449567  
276 sda 4472544 4096 W 1399686554 -748449567  
276 sda1 4470504 4096 W 1399686554 -809331838  
276 sda 4472552 4096 W 1399686554 -809331838  
276 sda1 4470512 4096 W 1399686554 668858642  
276 sda 4472560 4096 W 1399686554 668858642  
276 sda1 4470520 4096 W 1399686554 1734435475  
276 sda 4472568 4096 W 1399686554 1734435475  
276 sda1 4470528 4096 W 1399686554 364041656  
276 sda 4472576 4096 W 1399686554 364041656  
276 sda1 4470536 4096 W 1399686554 -540948583  
276 sda 4472584 4096 W 1399686554 -540948583  
276 sda1 4470544 4096 W 1399686554 -813349844  
276 sda 4472592 4096 W 1399686554 -813349844  
276 sda1 4470552 4096 W 1399686554 401458922  
276 sda 4472600 4096 W 1399686554 401458922  
276 sda1 4470560 4096 W 1399686554 -444345113  
276 sda 4472608 4096 W 1399686554 -444345113  
276 sda1 4470568 4096 W 1399686554 -576092260  
276 sda 4472616 4096 W 1399686554 -576092260  
276 sda1 4470576 4096 W 1399686554 -494762313  
276 sda 4472624 4096 W 1399686554 -494762313  
276 sda1 4470584 4096 W 1399686554 -1128792746  
276 sda 4472632 4096 W 1399686554 -1128792746  
276 sda1 4470592 4096 W 1399686554 1010130687  
276 sda 4472640 4096 W 1399686554 1010130687  
276 sda1 4470600 4096 W 1399686554 2065703997  
276 sda 4472648 4096 W 1399686554 2065703997  
276 sda1 4470608 4096 W 1399686554 1890418114  
276 sda 4472656 4096 W 1399686554 1890418114  
276 sda1 4470616 4096 W 1399686555 518745169  
276 sda 4472664 4096 W 1399686555 518745169  
1526 sda1 22312 4096 W 1399686556 -1178999623  
1526 sda 24360 4096 W 1399686556 -1178999623  
1526 sda1 25512 4096 W 1399686556 -809331838  
1526 sda 27560 4096 W 1399686556 -809331838  
1526 sda1 25520 4096 W 1399686556 245079354  
1526 sda 27568 4096 W 1399686556 245079354  
1526 sda1 69464 4096 W 1399686556 -540948583  
1526 sda 71512 4096 W 1399686556 -540948583  
1526 sda1 73944 4096 W 1399686556 1734435475  
1526 sda 75992 4096 W 1399686556 1734435475  
1526 sda1 4194360 4096 W 1399686556 714881141  
1526 sda 4196408 4096 W 1399686556 714881141  
1526 sda1 4194480 4096 W 1399686556 1192003021  
1526 sda 4196528 4096 W 1399686556 1192003021  
1526 sda1 4194696 4096 W 1399686556 2065703997  
1526 sda 4196744 4096 W 1399686556 2065703997  
1526 sda1 4217536 4096 W 1399686556 -2079956785  
1526 sda 4219584 4096 W 1399686556 -2079956785  
1526 sda1 4219848 4096 W 1399686556 1890418114  
1526 sda 4221896 4096 W 1399686556 1890418114  
1526 sda1 4221352 4096 W 1399686556 -1045769531  
1526 sda 4223400 4096 W 1399686556 -1045769531  
1526 sda1 4221408 4096 W 1399686556 401458922  
1526 sda 4223456 4096 W 1399686556 401458922  
1526 sda1 4221432 4096 W 1399686556 -576092260  
1526 sda 4223480 4096 W 1399686556 -576092260  
1526 sda1 4221944 4096 W 1399686556 1010130687  
1526 sda 4223992 4096 W 1399686556 1010130687  
1526 sda1 4222032 4096 W 1399686556 -494762313  
1526 sda 4224080 4096 W 1399686556 -494762313  
1526 sda1 4222064 4096 W 1399686556 -201091465  
1526 sda 4224112 4096 W 1399686556 -201091465  
1526 sda1 4222080 4096 W 1399686556 -502196107  
1526 sda 4224128 4096 W 1399686556 -502196107  
1526 sda1 4334368 4096 W 1399686556 1644861424  
1526 sda 4336416 4096 W 1399686556 1644861424  
1526 sda1 4354600 4096 W 1399686556 -1395537634  
1526 sda 4356648 4096 W 1399686556 -1395537634  
1526 sda1 0 4096 W 1399686556 -813349844  
1526 sda 2048 4096 W 1399686556 -813349844  
1526 sda1 8 4096 W 1399686556 -748449567  
1526 sda 2056 4096 W 1399686556 -748449567  
1526 sda1 3592 4096 W 1399686556 668858642  
1526 sda 5640 4096 W 1399686556 668858642  
1526 sda1 3648 4096 W 1399686556 -444345113  
1526 sda 5696 4096 W 1399686556 -444345113  
1526 sda1 3760 4096 W 1399686556 1738472210  
1526 sda 5808 4096 W 1399686556 1738472210  
1526 sda1 3848 4096 W 1399686556 364041656  
1526 sda 5896 4096 W 1399686556 364041656  
2016 sdb 105119744 4096 W 1399686558 418428415  
2016 sdb 105119744 4096 W 1399686558 418428415  
2016 sdb 105119752 4096 W 1399686558 -973764324  
2016 sdb 105119752 4096 W 1399686558 -973764324  
2016 sdb 105119760 4096 W 1399686558 840656960  
2016 sdb 105119760 4096 W 1399686558 840656960  
2016 sdb 105119768 4096 W 1399686558 1481214089  
2016 sdb 105119768 4096 W 1399686558 1481214089  
2016 sdb 105119776 4096 W 1399686558 -465011235  
2016 sdb 105119776 4096 W 1399686558 -465011235  
2016 sdb 105119784 4096 W 1399686558 -2017391042  
2016 sdb 105119784 4096 W 1399686558 -2017391042  
2016 sdb 105119792 4096 W 1399686558 435524668  
2016 sdb 105119792 4096 W 1399686558 435524668  
2280 sdb 8208 4096 R 1399686559 1010874005  
2280 sdb 8208 4096 R 1399686559 1010874005  
2280 sdb 270344 102400 W 1399686559 -1399592357 -1297359278 -1343128351 -1203897119 -1723938357 -245487706 -173410236 2001537394 1894544071 -2038726914 -1660505070 -988150463 1074458947 -1154824688 317535435 -1097025911 162364681 -1897198520 -1660845843 648617738 -1821766693 1642254672 -416131701 97391735 -2008828331  
2280 sdb 270344 102400 W 1399686559 -1399592357 -1297359278 -1343128351 -1203897119 -1723938357 -245487706 -173410236 2001537394 1894544071 -2038726914 -1660505070 -988150463 1074458947 -1154824688 317535435 -1097025911 162364681 -1897198520 -1660845843 648617738 -1821766693 1642254672 -416131701 97391735 -2008828331  
2280 sdb 8328 4096 W 1399686559 840656960  
2280 sdb 8328 4096 W 1399686559 840656960  
2280 sdb 73992 4096 W 1399686559 -2017391042  
2280 sdb 73992 4096 W 1399686559 -2017391042  
276 sda1 4470624 4096 W 1399686560 365080529  
276 sda 4472672 4096 W 1399686560 365080529  
276 sda1 4470632 4096 W 1399686560 710927689  
276 sda 4472680 4096 W 1399686560 710927689  
276 sda1 4470640 4096 W 1399686560 2088483414  
276 sda 4472688 4096 W 1399686560 2088483414  
1526 sda1 6263072 12288 W 1399686561 1865145440 -572232118 -281182462  
1526 sda 6265120 12288 W 1399686561 1865145440 -572232118 -281182462  
2016 sdb 105119800 4096 W 1399686564 -901386768  
2016 sdb 105119800 4096 W 1399686564 -901386768  
2016 sdb 105119808 4096 W 1399686564 -396936954  
2016 sdb 105119808 4096 W 1399686564 -396936954  
2016 sdb 105119816 4096 W 1399686564 -1775001974  
2016 sdb 105119816 4096 W 1399686564 -1775001974  
2016 sdb 105119824 4096 W 1399686564 -37094693  
2016 sdb 105119824 4096 W 1399686564 -37094693  
2016 sdb 105119832 4096 W 1399686564 -853074232  
2016 sdb 105119832 4096 W 1399686564 -853074232  
276 sda1 4470648 4096 W 1399686566 2044547510  
276 sda 4472696 4096 W 1399686566 2044547510  
276 sda1 4470656 4096 W 1399686566 353907483  
276 sda 4472704 4096 W 1399686566 353907483  
276 sda1 4470664 4096 W 1399686566 2018829068  
276 sda 4472712 4096 W 1399686566 2018829068  
276 sda1 4470672 4096 W 1399686566 1579300788  
276 sda 4472720 4096 W 1399686566 1579300788  
276 sda1 4470680 4096 W 1399686566 1908027108  
276 sda 4472728 4096 W 1399686566 1908027108  
276 sda1 4470688 4096 W 1399686566 -1719109059  
276 sda 4472736 4096 W 1399686566 -1719109059  
276 sda1 4470696 4096 W 1399686572 -222990776  
276 sda 4472744 4096 W 1399686572 -222990776  
276 sda1 4470704 4096 W 1399686572 1952275045  
276 sda 4472752 4096 W 1399686572 1952275045  
276 sda1 4470712 4096 W 1399686572 514092520  
276 sda 4472760 4096 W 1399686572 514092520  
276 sda1 4470720 4096 W 1399686578 1196354799  
276 sda 4472768 4096 W 1399686578 1196354799  
276 sda1 4470728 4096 W 1399686578 -1438229343  
276 sda 4472776 4096 W 1399686578 -1438229343  
276 sda1 4470736 4096 W 1399686578 -1283519628  
276 sda 4472784 4096 W 1399686578 -1283519628  
834 sda1 8666040 4096 W 1399686580 -1352648159  
834 sda 8668088 4096 W 1399686580 -1352648159  
276 sda1 4470744 4096 W 1399686580 296244218  
276 sda 4472792 4096 W 1399686580 296244218  
276 sda1 4470752 4096 W 1399686580 1059155930  
276 sda 4472800 4096 W 1399686580 1059155930  
276 sda1 4470760 4096 W 1399686580 -474430851  
276 sda 4472808 4096 W 1399686580 -474430851  
276 sda1 4470768 4096 W 1399686580 -2050715209  
276 sda 4472816 4096 W 1399686580 -2050715209  
276 sda1 4470776 4096 W 1399686580 -313720599  
276 sda 4472824 4096 W 1399686580 -313720599  
276 sda1 4470784 4096 W 1399686580 1761156113  
276 sda 4472832 4096 W 1399686580 1761156113  
276 sda1 4470792 4096 W 1399686580 -177392855  
276 sda 4472840 4096 W 1399686580 -177392855  
276 sda1 4470800 4096 W 1399686580 -989488085  
276 sda 4472848 4096 W 1399686580 -989488085  
276 sda1 4470808 4096 W 1399686580 1414575636  
276 sda 4472856 4096 W 1399686580 1414575636  
276 sda1 4470816 4096 W 1399686580 119207329  
276 sda 4472864 4096 W 1399686580 119207329  
834 sda1 8666040 4096 W 1399686580 1010874005  
834 sda 8668088 4096 W 1399686580 1010874005  
276 sda1 4470824 4096 W 1399686580 875437945  
276 sda 4472872 4096 W 1399686580 875437945  
276 sda1 4470832 4096 W 1399686580 455210719  
276 sda 4472880 4096 W 1399686580 455210719  
276 sda1 4470840 4096 W 1399686580 1441391128  
276 sda 4472888 4096 W 1399686580 1441391128  
834 sda1 8666040 4096 W 1399686580 540457593  
834 sda 8668088 4096 W 1399686580 540457593  
276 sda1 4470848 4096 W 1399686580 1259722111  
276 sda 4472896 4096 W 1399686580 1259722111  
276 sda1 4470856 4096 W 1399686580 847657638  
276 sda 4472904 4096 W 1399686580 847657638  
276 sda1 4470864 4096 W 1399686580 869308288  
276 sda 4472912 4096 W 1399686580 869308288  
834 sda1 8666040 4096 W 1399686580 -158004959  
834 sda 8668088 4096 W 1399686580 -158004959  
276 sda1 4470872 4096 W 1399686580 -17934376  
276 sda 4472920 4096 W 1399686580 -17934376  
276 sda1 4470880 4096 W 1399686580 -8977282  
276 sda 4472928 4096 W 1399686580 -8977282  
276 sda1 4470888 4096 W 1399686581 1429012843  
276 sda 4472936 4096 W 1399686581 1429012843  
834 sda1 8666040 4096 W 1399686581 1010874005  
834 sda 8668088 4096 W 1399686581 1010874005  
276 sda1 4470896 4096 W 1399686581 -2116706850  
276 sda 4472944 4096 W 1399686581 -2116706850  
276 sda1 4470904 4096 W 1399686581 -294512705  
276 sda 4472952 4096 W 1399686581 -294512705  
276 sda1 4470912 4096 W 1399686581 2018079847  
276 sda 4472960 4096 W 1399686581 2018079847  
834 sda1 8666040 4096 W 1399686581 540457593  
834 sda 8668088 4096 W 1399686581 540457593  
276 sda1 4470920 4096 W 1399686581 1680284684  
276 sda 4472968 4096 W 1399686581 1680284684  
276 sda1 4470928 4096 W 1399686581 -732762983  
276 sda 4472976 4096 W 1399686581 -732762983  
276 sda1 4470936 4096 W 1399686581 1397745852  
276 sda 4472984 4096 W 1399686581 1397745852  
276 sda1 4470944 4096 W 1399686581 1631422516  
276 sda 4472992 4096 W 1399686581 1631422516  
834 sda1 8666040 4096 W 1399686581 -741215853  
834 sda 8668088 4096 W 1399686581 -741215853  
276 sda1 4470952 4096 W 1399686581 992415626  
276 sda 4473000 4096 W 1399686581 992415626  
276 sda1 4470960 4096 W 1399686581 74928631  
276 sda 4473008 4096 W 1399686581 74928631  
276 sda1 4470968 4096 W 1399686581 661103706  
276 sda 4473016 4096 W 1399686581 661103706  
1526 sda1 2019712 4096 W 1399686586 -1803158171  
1526 sda 2021760 4096 W 1399686586 -1803158171  
276 sda1 4470976 4096 W 1399686586 -545969438  
276 sda 4473024 4096 W 1399686586 -545969438  
276 sda1 4470984 4096 W 1399686586 -131101965  
276 sda 4473032 4096 W 1399686586 -131101965  
276 sda1 4470992 4096 W 1399686586 -870484628  
276 sda 4473040 4096 W 1399686586 -870484628  
276 sda1 4471000 4096 W 1399686586 -2100880729  
276 sda 4473048 4096 W 1399686586 -2100880729  
276 sda1 4471008 4096 W 1399686586 -813349844  
276 sda 4473056 4096 W 1399686586 -813349844  
276 sda1 4471016 4096 W 1399686586 1829888314  
276 sda 4473064 4096 W 1399686586 1829888314  
276 sda1 4471024 4096 W 1399686586 1959801967  
276 sda 4473072 4096 W 1399686586 1959801967  
276 sda1 4471032 4096 W 1399686586 -96486746  
276 sda 4473080 4096 W 1399686586 -96486746  
276 sda1 4471040 4096 W 1399686586 -548928858  
276 sda 4473088 4096 W 1399686586 -548928858  
276 sda1 4471048 4096 W 1399686586 1393777822  
276 sda 4473096 4096 W 1399686586 1393777822  
276 sda1 4471056 4096 W 1399686586 -1015426792  
276 sda 4473104 4096 W 1399686586 -1015426792  
276 sda1 4471064 4096 W 1399686586 1499326346  
276 sda 4473112 4096 W 1399686586 1499326346  
276 sda1 4471072 4096 W 1399686586 -601701475  
276 sda 4473120 4096 W 1399686586 -601701475  
276 sda1 4471080 4096 W 1399686586 1902285850  
276 sda 4473128 4096 W 1399686586 1902285850  
276 sda1 4471088 4096 W 1399686586 2121504036  
276 sda 4473136 4096 W 1399686586 2121504036  
1526 sda1 1152048 61440 W 1399686586 -1679835867 -52238922 -1162110580 993713324 -365700792 -1540099701 2033658881 1890673703 1437927343 -8549780 1481608153 1772381990 1012659504 916367695 1437918476  
1526 sda 1154096 61440 W 1399686586 -1679835867 -52238922 -1162110580 993713324 -365700792 -1540099701 2033658881 1890673703 1437927343 -8549780 1481608153 1772381990 1012659504 916367695 1437918476  
1526 sda1 1857512 524288 W 1399686586 793549353 -129963668 -914982651 -322311483 1356545804 778652293 -1706785216 -1675383891 -801469215 369719956 -1483777856 -1916024074 -1138776013 -1044683611 568383392 -836857486 52755478 1793203569 378314134 -4181150 1117572156 1625339199 -1595602996 376193798 1303389850 -1571140771 1710631308 -1813720787 254945520 1059689305 -608728347 1465641445 758938132 -1072757535 -2038356065 -775903379 1544927247 -618468567 -817227712 -228509647 1303057934 1783910241 217105651 326931699 -55014287 1808973728 154266735 
1526 sda 1859560 524288 W 1399686586 793549353 -129963668 -914982651 -322311483 1356545804 778652293 -1706785216 -1675383891 -801469215 369719956 -1483777856 -1916024074 -1138776013 -1044683611 568383392 -836857486 52755478 1793203569 378314134 -4181150 1117572156 1625339199 -1595602996 376193798 1303389850 -1571140771 1710631308 -1813720787 254945520 1059689305 -608728347 1465641445 758938132 -1072757535 -2038356065 -775903379 1544927247 -618468567 -817227712 -228509647 1303057934 1783910241 217105651 326931699 -55014287 1808973728 154266735 
1526 sda1 1858536 110592 W 1399686586 1679979570 -658200854 -1119281916 283376613 1714043619 1287046883 -728202767 696919484 -1115565488 -524434948 1023868746 -1157358273 1192666524 1979915982 -559811061 -1013338000 -1373971696 1944514345 -1979351167 -1622655032 -395719350 108577377 1822074274 -259747424 -1680987273 -1738227608 -624103804  
1526 sda 1860584 110592 W 1399686586 1679979570 -658200854 -1119281916 283376613 1714043619 1287046883 -728202767 696919484 -1115565488 -524434948 1023868746 -1157358273 1192666524 1979915982 -559811061 -1013338000 -1373971696 1944514345 -1979351167 -1622655032 -395719350 108577377 1822074274 -259747424 -1680987273 -1738227608 -624103804  
1526 sda1 2019720 12288 W 1399686586 1748220150 -2007509436 -147478444  
1526 sda 2021768 12288 W 1399686586 1748220150 -2007509436 -147478444  
1526 sda1 22312 4096 W 1399686591 1902285850  
1526 sda 24360 4096 W 1399686591 1902285850  
1526 sda1 319896 4096 W 1399686591 -601701475  
1526 sda 321944 4096 W 1399686591 -601701475  
1526 sda1 4194360 4096 W 1399686591 2018829068  
1526 sda 4196408 4096 W 1399686591 2018829068  
1526 sda1 4222080 4096 W 1399686591 1908027108  
1526 sda 4224128 4096 W 1399686591 1908027108  
1526 sda1 8388616 4096 W 1399686591 -870484628  
1526 sda 8390664 4096 W 1399686591 -870484628  
1526 sda1 8388784 4096 W 1399686591 1829888314  
1526 sda 8390832 4096 W 1399686591 1829888314  
1526 sda1 8388968 4096 W 1399686591 1959801967  
1526 sda 8391016 4096 W 1399686591 1959801967  
1526 sda1 8416936 4096 W 1399686591 -131101965  
1526 sda 8418984 4096 W 1399686591 -131101965  
1526 sda1 8416952 4096 W 1399686591 -548928858  
1526 sda 8419000 4096 W 1399686591 -548928858  
1526 sda1 8417112 4096 W 1399686591 1393777822  
1526 sda 8419160 4096 W 1399686591 1393777822  
1526 sda1 8454672 4096 W 1399686591 -96486746  
1526 sda 8456720 4096 W 1399686591 -96486746  
1526 sda1 0 4096 W 1399686591 -813349844  
1526 sda 2048 4096 W 1399686591 -813349844  
276 sda1 2019736 4096 W 1399686591 -1516478616  
276 sda 2021784 4096 W 1399686591 -1516478616  
276 sda1 4471096 4096 W 1399686591 136137885  
276 sda 4473144 4096 W 1399686591 136137885  
276 sda1 4471104 4096 W 1399686591 2065345544  
276 sda 4473152 4096 W 1399686591 2065345544  
276 sda1 4471112 4096 W 1399686591 -839267766  
276 sda 4473160 4096 W 1399686591 -839267766  
276 sda1 4471120 4096 W 1399686591 -310928424  
276 sda 4473168 4096 W 1399686591 -310928424  
276 sda1 4471128 4096 W 1399686591 -857848718  
276 sda 4473176 4096 W 1399686591 -857848718  
276 sda1 4471136 4096 W 1399686591 1701221868  
276 sda 4473184 4096 W 1399686591 1701221868  
276 sda1 4471144 4096 W 1399686591 -495153725  
276 sda 4473192 4096 W 1399686591 -495153725  
2280 sdb 8 4096 W 1399686594 -1775001974  
2280 sdb 8 4096 W 1399686594 -1775001974  
2280 sdb 8208 4096 W 1399686594 -396936954  
2280 sdb 8208 4096 W 1399686594 -396936954  
2280 sdb 8456 4096 W 1399686594 -37094693  
2280 sdb 8456 4096 W 1399686594 -37094693  
276 sda1 4471152 4096 W 1399686596 -37978437  
276 sda 4473200 4096 W 1399686596 -37978437  
276 sda1 4471160 4096 W 1399686596 1043271397  
276 sda 4473208 4096 W 1399686596 1043271397  
276 sda1 4471168 4096 W 1399686596 1942913726  
276 sda 4473216 4096 W 1399686596 1942913726  
276 sda1 4471176 4096 W 1399686602 -2105035587  
276 sda 4473224 4096 W 1399686602 -2105035587  
276 sda1 4471184 4096 W 1399686602 477181359  
276 sda 4473232 4096 W 1399686602 477181359  
276 sda1 4471192 4096 W 1399686602 222814523  
276 sda 4473240 4096 W 1399686602 222814523  
276 sda1 4471200 4096 W 1399686608 930887194  
276 sda 4473248 4096 W 1399686608 930887194  
276 sda1 4471208 4096 W 1399686608 -363170406  
276 sda 4473256 4096 W 1399686608 -363170406  
276 sda1 4471216 4096 W 1399686608 327465075  
276 sda 4473264 4096 W 1399686608 327465075  
1526 sda1 8666040 4096 W 1399686611 -1730236691  
1526 sda 8668088 4096 W 1399686611 -1730236691  
