bcache: 2441 1400118189 1507789779  4096 
bcache: 2441 1400118189 -964542516  4096 
bcache: 2441 1400118189 749345934  4096 
bcache: 2441 1400118189 367705599  4096 
bcache: 2441 1400118189 1599093660  4096 
bcache: 2441 1400118189 2080513687  4096 
bcache: 2441 1400118189 -1666094125  4096 
bcache: 2441 1400118189 1360436264  4096 
bcache: 2441 1400118189 410577555  4096 
bcache: 2441 1400118189 1413080435  4096 
bcache: 2441 1400118189 120070945  4096 
bcache: 2441 1400118189 -1681212582  4096 
bcache: 2441 1400118189 -1129998297  4096 
bcache: 2441 1400118189 377349067  4096 
bcache: 2441 1400118189 1729830317  4096 
bcache: 2441 1400118189 -1656084400  4096 
bcache: 2441 1400118189 -1286857532  4096 
bcache: 2441 1400118189 869537587  4096 
bcache: 2441 1400118189 1612215568  4096 
bcache: 2441 1400118189 1841198545  4096 
bcache: 2441 1400118189 -1438973339  4096 
bcache: 2441 1400118189 -1296620337  4096 
bcache: 2441 1400118189 -1610095306  4096 
bcache: 2441 1400118189 -1360317138  4096 
bcache: 2441 1400118189 -68134414  4096 
bcache: 2441 1400118189 482716565  4096 
bcache: 2441 1400118189 -276832364  4096 
bcache: 2441 1400118189 1366945741  4096 
bcache: 2441 1400118189 1422936497  4096 
bcache: 2441 1400118189 -1861235735  4096 
bcache: 2441 1400118189 835335062  4096 
bcache: 2441 1400118189 1064820663  4096 
bcache: 2441 1400118189 -1814522070  4096 
bcache: 2441 1400118189 -544052509  4096 
bcache: 2441 1400118189 682723879  4096 
bcache: 2441 1400118189 -160474045  4096 
bcache: 2441 1400118189 -413237011  4096 
bcache: 2441 1400118189 -2090455260  4096 
bcache: 2441 1400118189 -346893615  4096 
bcache: 2441 1400118189 -1266107393  4096 
bcache: 2441 1400118189 744757161  4096 
bcache: 2441 1400118189 889630242  4096 
bcache: 2441 1400118189 1271819333  4096 
bcache: 2441 1400118189 443311138  4096 
bcache: 2441 1400118189 2092513638  4096 
bcache: 2441 1400118189 1340290486  4096 
bcache: 2441 1400118189 -19280769  4096 
bcache: 2441 1400118189 -1330221070  4096 
bcache: 2441 1400118189 1990270720  4096 
bcache: 2441 1400118189 -721362789  4096 
18 sdb 279328 4096 W 1400118192 1507789779  
18 sdb 279328 4096 W 1400118192 1507789779  
18 sdb 279336 4096 W 1400118192 -964542516  
18 sdb 279336 4096 W 1400118192 -964542516  
18 sdb 279344 4096 W 1400118192 749345934  
18 sdb 279344 4096 W 1400118192 749345934  
18 sdb 279352 4096 W 1400118192 367705599  
18 sdb 279352 4096 W 1400118192 367705599  
18 sdb 279360 4096 W 1400118192 1599093660  
18 sdb 279360 4096 W 1400118192 1599093660  
18 sdb 279368 4096 W 1400118192 2080513687  
18 sdb 279368 4096 W 1400118192 2080513687  
18 sdb 279376 4096 W 1400118192 -1666094125  
18 sdb 279376 4096 W 1400118192 -1666094125  
18 sdb 279384 4096 W 1400118192 1360436264  
18 sdb 279384 4096 W 1400118192 1360436264  
18 sdb 279392 4096 W 1400118192 410577555  
18 sdb 279392 4096 W 1400118192 410577555  
18 sdb 279400 4096 W 1400118192 1413080435  
18 sdb 279400 4096 W 1400118192 1413080435  
18 sdb 279408 4096 W 1400118192 120070945  
18 sdb 279408 4096 W 1400118192 120070945  
18 sdb 279416 4096 W 1400118192 -1681212582  
18 sdb 279416 4096 W 1400118192 -1681212582  
18 sdb 279424 4096 W 1400118192 -1129998297  
18 sdb 279424 4096 W 1400118192 -1129998297  
18 sdb 279432 4096 W 1400118192 377349067  
18 sdb 279432 4096 W 1400118192 377349067  
18 sdb 279440 4096 W 1400118192 1729830317  
18 sdb 279440 4096 W 1400118192 1729830317  
18 sdb 279448 4096 W 1400118192 -1656084400  
18 sdb 279448 4096 W 1400118192 -1656084400  
18 sdb 279456 4096 W 1400118192 -1286857532  
18 sdb 279456 4096 W 1400118192 -1286857532  
18 sdb 279464 4096 W 1400118192 869537587  
18 sdb 279464 4096 W 1400118192 869537587  
18 sdb 279472 4096 W 1400118192 1612215568  
18 sdb 279472 4096 W 1400118192 1612215568  
18 sdb 279480 4096 W 1400118192 1841198545  
18 sdb 279480 4096 W 1400118192 1841198545  
18 sdb 279488 4096 W 1400118192 -1438973339  
18 sdb 279488 4096 W 1400118192 -1438973339  
18 sdb 279496 4096 W 1400118192 -1296620337  
18 sdb 279496 4096 W 1400118192 -1296620337  
18 sdb 279504 4096 W 1400118192 -1610095306  
18 sdb 279504 4096 W 1400118192 -1610095306  
18 sdb 279512 4096 W 1400118192 -1360317138  
18 sdb 279512 4096 W 1400118192 -1360317138  
18 sdb 279520 4096 W 1400118192 -68134414  
18 sdb 279520 4096 W 1400118192 -68134414  
18 sdb 279528 4096 W 1400118192 482716565  
18 sdb 279528 4096 W 1400118192 482716565  
18 sdb 279536 4096 W 1400118192 -276832364  
18 sdb 279536 4096 W 1400118192 -276832364  
18 sdb 279544 4096 W 1400118192 1366945741  
18 sdb 279544 4096 W 1400118192 1366945741  
18 sdb 279552 4096 W 1400118192 1422936497  
18 sdb 279552 4096 W 1400118192 1422936497  
18 sdb 279560 4096 W 1400118192 -1861235735  
18 sdb 279560 4096 W 1400118192 -1861235735  
18 sdb 279568 4096 W 1400118192 835335062  
18 sdb 279568 4096 W 1400118192 835335062  
18 sdb 279576 4096 W 1400118192 1064820663  
18 sdb 279576 4096 W 1400118192 1064820663  
18 sdb 279584 4096 W 1400118192 -1814522070  
18 sdb 279584 4096 W 1400118192 -1814522070  
18 sdb 279592 4096 W 1400118192 -544052509  
18 sdb 279592 4096 W 1400118192 -544052509  
18 sdb 279600 4096 W 1400118192 682723879  
18 sdb 279600 4096 W 1400118192 682723879  
18 sdb 279608 4096 W 1400118192 -160474045  
18 sdb 279608 4096 W 1400118192 -160474045  
18 sdb 279616 4096 W 1400118192 -413237011  
18 sdb 279616 4096 W 1400118192 -413237011  
18 sdb 279624 4096 W 1400118192 -2090455260  
18 sdb 279624 4096 W 1400118192 -2090455260  
18 sdb 279632 4096 W 1400118192 -346893615  
18 sdb 279632 4096 W 1400118192 -346893615  
18 sdb 279640 4096 W 1400118192 -1266107393  
18 sdb 279640 4096 W 1400118192 -1266107393  
18 sdb 279648 4096 W 1400118192 744757161  
18 sdb 279648 4096 W 1400118192 744757161  
18 sdb 279656 4096 W 1400118192 889630242  
18 sdb 279656 4096 W 1400118192 889630242  
18 sdb 279664 4096 W 1400118192 1271819333  
18 sdb 279664 4096 W 1400118192 1271819333  
18 sdb 279672 4096 W 1400118192 443311138  
18 sdb 279672 4096 W 1400118192 443311138  
18 sdb 279680 4096 W 1400118192 2092513638  
18 sdb 279680 4096 W 1400118192 2092513638  
18 sdb 279688 4096 W 1400118192 1340290486  
18 sdb 279688 4096 W 1400118192 1340290486  
18 sdb 279696 4096 W 1400118192 -19280769  
18 sdb 279696 4096 W 1400118192 -19280769  
18 sdb 279704 4096 W 1400118192 -1330221070  
18 sdb 279704 4096 W 1400118192 -1330221070  
18 sdb 279712 4096 W 1400118192 1990270720  
18 sdb 279712 4096 W 1400118192 1990270720  
18 sdb 279720 4096 W 1400118192 -721362789  
18 sdb 279720 4096 W 1400118192 -721362789  
18 sdb 384 4096 W 1400118193 -1953869971  
18 sdb 384 4096 W 1400118193 -1953869971  
18 sdb 392 4096 W 1400118193 1174178907  
18 sdb 392 4096 W 1400118193 1174178907  
18 sdb 400 4096 W 1400118193 491796503  
18 sdb 400 4096 W 1400118193 491796503  
18 sdb 408 4096 W 1400118193 -412330555  
18 sdb 408 4096 W 1400118193 -412330555  
18 sdb 416 4096 W 1400118193 -838041742  
18 sdb 416 4096 W 1400118193 -838041742  
297 sda1 885472 4096 W 1400118193 1534673903  
297 sda 887520 4096 W 1400118193 1534673903  
297 sda1 899104 4096 W 1400118193 -295341475  
297 sda 901152 4096 W 1400118193 -295341475  
297 sda1 9705040 4096 W 1400118193 1543242083  
297 sda 9707088 4096 W 1400118193 1543242083  
297 sda1 9705048 4096 W 1400118193 -584874283  
297 sda 9707096 4096 W 1400118193 -584874283  
297 sda1 4477856 4096 W 1400118193 1076507562  
297 sda 4479904 4096 W 1400118193 1076507562  
297 sda1 4477864 4096 W 1400118193 -1411232993  
297 sda 4479912 4096 W 1400118193 -1411232993  
297 sda1 4477872 4096 W 1400118193 1662895398  
297 sda 4479920 4096 W 1400118193 1662895398  
297 sda1 4477880 4096 W 1400118193 1578156999  
297 sda 4479928 4096 W 1400118193 1578156999  
297 sda1 4477888 4096 W 1400118193 1443550544  
297 sda 4479936 4096 W 1400118193 1443550544  
297 sda1 4477896 4096 W 1400118193 -1882935424  
297 sda 4479944 4096 W 1400118193 -1882935424  
297 sda1 4477904 4096 W 1400118193 1772165208  
297 sda 4479952 4096 W 1400118193 1772165208  
297 sda1 4477912 4096 W 1400118193 -1517829798  
297 sda 4479960 4096 W 1400118193 -1517829798  
297 sda1 4477920 4096 W 1400118193 -1304664286  
297 sda 4479968 4096 W 1400118193 -1304664286  
297 sda1 4477928 4096 W 1400118193 309220795  
297 sda 4479976 4096 W 1400118193 309220795  
297 sda1 4477936 4096 W 1400118193 -1733263222  
297 sda 4479984 4096 W 1400118193 -1733263222  
297 sda1 4477944 4096 W 1400118193 -1717232738  
297 sda 4479992 4096 W 1400118193 -1717232738  
297 sda1 4477952 4096 W 1400118193 1786156024  
297 sda 4480000 4096 W 1400118193 1786156024  
297 sda1 4477960 4096 W 1400118193 1234270565  
297 sda 4480008 4096 W 1400118193 1234270565  
297 sda1 4477968 4096 W 1400118193 998737511  
297 sda 4480016 4096 W 1400118193 998737511  
297 sda1 4477976 4096 W 1400118193 968051543  
297 sda 4480024 4096 W 1400118193 968051543  
297 sda1 4477984 4096 W 1400118193 -2017442155  
297 sda 4480032 4096 W 1400118193 -2017442155  
297 sda1 4477992 4096 W 1400118193 514127670  
297 sda 4480040 4096 W 1400118193 514127670  
297 sda1 4478000 4096 W 1400118193 1761524788  
297 sda 4480048 4096 W 1400118193 1761524788  
297 sda1 4478008 4096 W 1400118199 841345975  
297 sda 4480056 4096 W 1400118199 841345975  
297 sda1 4478016 4096 W 1400118199 504034219  
297 sda 4480064 4096 W 1400118199 504034219  
297 sda1 4478024 4096 W 1400118199 136197566  
297 sda 4480072 4096 W 1400118199 136197566  
297 sda1 4478032 4096 W 1400118205 -2015467248  
297 sda 4480080 4096 W 1400118205 -2015467248  
297 sda1 4478040 4096 W 1400118205 2095625980  
297 sda 4480088 4096 W 1400118205 2095625980  
1507 sda1 5744000 8192 W 1400118205 1791262044 282997126  
1507 sda 5746048 8192 W 1400118205 1791262044 282997126  
297 sda1 4478048 4096 W 1400118205 1236834838  
297 sda 4480096 4096 W 1400118205 1236834838  
1507 sda1 4218520 4096 W 1400118210 514127670  
1507 sda 4220568 4096 W 1400118210 514127670  
1507 sda1 4221368 4096 W 1400118210 968051543  
1507 sda 4223416 4096 W 1400118210 968051543  
1507 sda1 4226232 4096 W 1400118210 -2017442155  
1507 sda 4228280 4096 W 1400118210 -2017442155  
1507 sda1 4226256 4096 W 1400118210 -1882935424  
1507 sda 4228304 4096 W 1400118210 -1882935424  
1507 sda1 4334368 4096 W 1400118210 1881161555  
1507 sda 4336416 4096 W 1400118210 1881161555  
1507 sda1 4354600 4096 W 1400118210 928969702  
1507 sda 4356648 4096 W 1400118210 928969702  
1507 sda1 8388648 4096 W 1400118210 998737511  
1507 sda 8390696 4096 W 1400118210 998737511  
1507 sda1 0 4096 W 1400118210 1443550544  
1507 sda 2048 4096 W 1400118210 1443550544  
1507 sda1 3592 4096 W 1400118210 -1733263222  
1507 sda 5640 4096 W 1400118210 -1733263222  
1507 sda1 3760 4096 W 1400118210 -1304664286  
1507 sda 5808 4096 W 1400118210 -1304664286  
1507 sda1 3848 4096 W 1400118210 1786156024  
1507 sda 5896 4096 W 1400118210 1786156024  
1507 sda1 4552 4096 W 1400118210 1662895398  
1507 sda 6600 4096 W 1400118210 1662895398  
1507 sda1 25512 4096 W 1400118210 309220795  
1507 sda 27560 4096 W 1400118210 309220795  
1507 sda1 25520 4096 W 1400118210 1578156999  
1507 sda 27568 4096 W 1400118210 1578156999  
1507 sda1 69464 4096 W 1400118210 1234270565  
1507 sda 71512 4096 W 1400118210 1234270565  
1507 sda1 74248 4096 W 1400118210 -1717232738  
1507 sda 76296 4096 W 1400118210 -1717232738  
1507 sda1 4194408 4096 W 1400118210 1772165208  
1507 sda 4196456 4096 W 1400118210 1772165208  
1507 sda1 4194488 4096 W 1400118210 1706944109  
1507 sda 4196536 4096 W 1400118210 1706944109  
1507 sda1 4217536 4096 W 1400118210 755306137  
1507 sda 4219584 4096 W 1400118210 755306137  
297 sda1 4478056 4096 W 1400118211 -572655969  
297 sda 4480104 4096 W 1400118211 -572655969  
297 sda1 4478064 4096 W 1400118211 -1  
297 sda 4480112 4096 W 1400118211 -1  
297 sda1 4478072 4096 W 1400118211 51455912  
297 sda 4480120 4096 W 1400118211 51455912  
297 sda1 4478080 4096 W 1400118211 824007048  
297 sda 4480128 4096 W 1400118211 824007048  
297 sda1 4478088 4096 W 1400118211 1341696440  
297 sda 4480136 4096 W 1400118211 1341696440  
297 sda1 4478096 4096 W 1400118211 -309016417  
297 sda 4480144 4096 W 1400118211 -309016417  
297 sda1 4478104 4096 W 1400118216 -1602853917  
297 sda 4480152 4096 W 1400118216 -1602853917  
297 sda1 4478112 4096 W 1400118216 -1543413880  
297 sda 4480160 4096 W 1400118216 -1543413880  
297 sda1 4478120 4096 W 1400118216 -1007282999  
297 sda 4480168 4096 W 1400118216 -1007282999  
1507 sda1 9705056 4096 W 1400118220 68360884  
1507 sda 9707104 4096 W 1400118220 68360884  
1507 sda1 838656 106496 W 1400118220 1736876276 415933401 -1537603667 -1239096702 -1341715270 1030318891 -1458391952 1870147959 -1975765746 315649902 1685938438 -196794567 -486789020 883484143 1266800070 259815692 -1208976272 -485264802 -362411415 -1362231500 -659380451 -1495753390 -729979947 1187205123 1976908983 -1408062251  
1507 sda 840704 106496 W 1400118220 1736876276 415933401 -1537603667 -1239096702 -1341715270 1030318891 -1458391952 1870147959 -1975765746 315649902 1685938438 -196794567 -486789020 883484143 1266800070 259815692 -1208976272 -485264802 -362411415 -1362231500 -659380451 -1495753390 -729979947 1187205123 1976908983 -1408062251  
1507 sda1 1851392 524288 W 1400118220 -924568458 1472733451 713940784 976909746 -1172248752 -88513670 1601482048 1215950833 1252223595 274849555 -695031948 -1608340955 893898588 1817054653 -1407707578 -1425210743 -427370884 -596178691 -1156563369 1796539082 -1571810266 1879362119 10478538 666863205 1658240736 1429977437 -571676105 -610704549 -1597849394 153042780 1137578094 -1542434807 1598669113 -262938977 -1017836121 903539450 -1680017339 1086006527 312052939 -785161887 -1879004794 2030688750 -947993219 -637984711 1766846880 -770718780 17631 
1507 sda 1853440 524288 W 1400118220 -924568458 1472733451 713940784 976909746 -1172248752 -88513670 1601482048 1215950833 1252223595 274849555 -695031948 -1608340955 893898588 1817054653 -1407707578 -1425210743 -427370884 -596178691 -1156563369 1796539082 -1571810266 1879362119 10478538 666863205 1658240736 1429977437 -571676105 -610704549 -1597849394 153042780 1137578094 -1542434807 1598669113 -262938977 -1017836121 903539450 -1680017339 1086006527 312052939 -785161887 -1879004794 2030688750 -947993219 -637984711 1766846880 -770718780 17631 
1507 sda1 1852416 233472 W 1400118220 855227499 -1128217993 -1292655562 766771920 2140496137 2055639175 1821121389 399110365 -56268239 2019400540 696023817 1979124524 -1483639776 -907465658 -1719832412 304215579 -82954065 1401880787 738021310 -479073577 1532921182 1643816674 558509129 1742611557 214458256 -2000282701 -1197869282 -1008483259 1827561281 194309337 933743810 1714759234 -1071519447 1030055016 348512390 1915571174 944376167 450361804 -1178414418 -418745417 147964206 179267490 -1702431490 538412938 -1420701159 1981718039 -1072231327  
1507 sda 1854464 233472 W 1400118220 855227499 -1128217993 -1292655562 766771920 2140496137 2055639175 1821121389 399110365 -56268239 2019400540 696023817 1979124524 -1483639776 -907465658 -1719832412 304215579 -82954065 1401880787 738021310 -479073577 1532921182 1643816674 558509129 1742611557 214458256 -2000282701 -1197869282 -1008483259 1827561281 194309337 933743810 1714759234 -1071519447 1030055016 348512390 1915571174 944376167 450361804 -1178414418 -418745417 147964206 179267490 -1702431490 538412938 -1420701159 1981718039 -1072231327  
1507 sda1 9705064 16384 W 1400118220 1394868508 -1326160214 -619832850 149165695  
1507 sda 9707112 16384 W 1400118220 1394868508 -1326160214 -619832850 149165695  
297 sda1 9705088 4096 W 1400118222 -846814225  
297 sda 9707136 4096 W 1400118222 -846814225  
297 sda1 4478128 4096 W 1400118222 759966157  
297 sda 4480176 4096 W 1400118222 759966157  
297 sda1 4478136 4096 W 1400118222 -333998606  
297 sda 4480184 4096 W 1400118222 -333998606  
297 sda1 4478144 4096 W 1400118222 -51903199  
297 sda 4480192 4096 W 1400118222 -51903199  
297 sda1 4478152 4096 W 1400118222 70361276  
297 sda 4480200 4096 W 1400118222 70361276  
297 sda1 4478160 4096 W 1400118222 -509168857  
297 sda 4480208 4096 W 1400118222 -509168857  
297 sda1 4478168 4096 W 1400118222 1209279475  
297 sda 4480216 4096 W 1400118222 1209279475  
297 sda1 4478176 4096 W 1400118222 69296359  
297 sda 4480224 4096 W 1400118222 69296359  
297 sda1 4478184 4096 W 1400118222 1119586577  
297 sda 4480232 4096 W 1400118222 1119586577  
297 sda1 4478192 4096 W 1400118222 -2004979919  
297 sda 4480240 4096 W 1400118222 -2004979919  
2223 sdb 128 4096 W 1400118224 1174178907  
2223 sdb 128 4096 W 1400118224 1174178907  
2223 sdb 65688 4096 W 1400118224 491796503  
2223 sdb 65688 4096 W 1400118224 491796503  
2223 sdb 262144 4096 W 1400118224 -412330555  
2223 sdb 262144 4096 W 1400118224 -412330555  
297 sda1 9705088 4096 W 1400118228 -86897000  
297 sda 9707136 4096 W 1400118228 -86897000  
297 sda1 4478200 4096 W 1400118228 1790323522  
297 sda 4480248 4096 W 1400118228 1790323522  
297 sda1 4478208 4096 W 1400118228 -1430406582  
297 sda 4480256 4096 W 1400118228 -1430406582  
297 sda1 4478216 4096 W 1400118228 -1621656127  
297 sda 4480264 4096 W 1400118228 -1621656127  
297 sda1 4478224 4096 W 1400118234 361619780  
297 sda 4480272 4096 W 1400118234 361619780  
297 sda1 4478232 4096 W 1400118234 -497181947  
297 sda 4480280 4096 W 1400118234 -497181947  
297 sda1 4478240 4096 W 1400118234 -350721008  
297 sda 4480288 4096 W 1400118234 -350721008  
297 sda1 4478248 4096 W 1400118240 -800802538  
297 sda 4480296 4096 W 1400118240 -800802538  
297 sda1 4478256 4096 W 1400118240 -652443362  
297 sda 4480304 4096 W 1400118240 -652443362  
297 sda1 4478264 4096 W 1400118240 421294397  
297 sda 4480312 4096 W 1400118240 421294397  
1507 sda1 4226248 4096 W 1400118245 824007048  
1507 sda 4228296 4096 W 1400118245 824007048  
1507 sda1 8388648 4096 W 1400118245 -51903199  
1507 sda 8390696 4096 W 1400118245 -51903199  
1507 sda1 8 4096 W 1400118245 70361276  
1507 sda 2056 4096 W 1400118245 70361276  
1507 sda1 3616 4096 W 1400118245 1209279475  
1507 sda 5664 4096 W 1400118245 1209279475  
1507 sda1 3648 4096 W 1400118245 1119586577  
1507 sda 5696 4096 W 1400118245 1119586577  
1507 sda1 4552 4096 W 1400118245 -509168857  
1507 sda 6600 4096 W 1400118245 -509168857  
1507 sda1 25520 4096 W 1400118245 69296359  
1507 sda 27568 4096 W 1400118245 69296359  
1507 sda1 4194344 4096 W 1400118245 -1  
1507 sda 4196392 4096 W 1400118245 -1  
297 sda1 4478272 4096 W 1400118246 -1350601968  
297 sda 4480320 4096 W 1400118246 -1350601968  
297 sda1 4478280 4096 W 1400118246 -1276225614  
297 sda 4480328 4096 W 1400118246 -1276225614  
297 sda1 4478288 4096 W 1400118246 1090166452  
297 sda 4480336 4096 W 1400118246 1090166452  
