bcache: 4947 1400101766 -276565194  4096 
bcache: 4947 1400101766 1450126545  4096 
bcache: 4947 1400101766 -1743956508  4096 
bcache: 4947 1400101766 -1047287298  4096 
bcache: 4947 1400101766 -344985387  4096 
bcache: 4947 1400101766 -1557710817  4096 
bcache: 4947 1400101766 144353345  4096 
bcache: 4947 1400101766 -1195250645  4096 
bcache: 4947 1400101766 -838663911  4096 
bcache: 4947 1400101766 1591134615  4096 
bcache: 4947 1400101766 -339578741  4096 
bcache: 4947 1400101766 -950176965  4096 
bcache: 4947 1400101766 -2139622314  4096 
bcache: 4947 1400101766 983568158  4096 
bcache: 4947 1400101766 -360371779  4096 
bcache: 4947 1400101766 -2041214906  4096 
bcache: 4947 1400101766 -2000653209  4096 
bcache: 4947 1400101766 1530859764  4096 
bcache: 4947 1400101766 -59883562  4096 
bcache: 4947 1400101766 1188407176  4096 
bcache: 4947 1400101766 -480034843  4096 
bcache: 4947 1400101766 -1103125491  4096 
bcache: 4947 1400101766 -1004099755  4096 
bcache: 4947 1400101766 -1983548178  4096 
bcache: 4947 1400101766 -140021690  4096 
bcache: 4947 1400101766 -1183972597  4096 
bcache: 4947 1400101766 -2109177102  4096 
bcache: 4947 1400101766 849220035  4096 
bcache: 4947 1400101766 -107280216  4096 
bcache: 4947 1400101766 993931003  4096 
bcache: 4947 1400101766 567826421  4096 
bcache: 4947 1400101766 208105561  4096 
bcache: 4947 1400101766 -792136641  4096 
bcache: 4947 1400101766 136270992  4096 
bcache: 4947 1400101766 -1063878824  4096 
bcache: 4947 1400101766 -1211893700  4096 
bcache: 4947 1400101766 -1910696656  4096 
bcache: 4947 1400101766 -1122129688  4096 
bcache: 4947 1400101766 -816726319  4096 
bcache: 4947 1400101766 1493057433  4096 
bcache: 4947 1400101766 -942217104  4096 
bcache: 4947 1400101766 585345012  4096 
bcache: 4947 1400101766 236453134  4096 
bcache: 4947 1400101766 -1726404508  4096 
bcache: 4947 1400101766 -1873357197  4096 
bcache: 4947 1400101766 2032610899  4096 
bcache: 4947 1400101766 666119441  4096 
bcache: 4947 1400101766 -1523962111  4096 
bcache: 4947 1400101766 -1120747765  4096 
bcache: 4947 1400101766 207533205  4096 
bcache: 4947 1400101766 1642585329  4096 
bcache: 4947 1400101766 1962897884  4096 
bcache: 4947 1400101766 -1174484190  4096 
bcache: 4947 1400101766 -1378755328  4096 
bcache: 4947 1400101766 -1688156757  4096 
bcache: 4947 1400101766 -1680583151  4096 
bcache: 4947 1400101766 -1179287287  4096 
bcache: 4947 1400101766 -594086163  4096 
bcache: 4947 1400101766 22198374  4096 
bcache: 4947 1400101766 -334333449  4096 
bcache: 4947 1400101766 -1439974504  4096 
bcache: 4947 1400101766 1910037298  4096 
bcache: 4947 1400101766 2098837342  4096 
bcache: 4947 1400101766 730446394  4096 
bcache: 4947 1400101766 -145012266  4096 
bcache: 4947 1400101766 1003822046  4096 
bcache: 4947 1400101766 207970699  4096 
bcache: 4947 1400101766 -822155111  4096 
bcache: 4947 1400101766 1628557965  4096 
bcache: 4947 1400101766 417939842  4096 
bcache: 4947 1400101766 -925885858  4096 
bcache: 4947 1400101766 -1852957462  4096 
bcache: 4947 1400101766 -80500451  4096 
bcache: 4947 1400101766 -936162882  4096 
bcache: 4947 1400101766 1412846990  4096 
bcache: 4947 1400101766 -381382154  4096 
bcache: 4947 1400101766 1149493952  4096 
bcache: 4947 1400101766 -990883231  4096 
bcache: 4947 1400101766 -1114922905  4096 
bcache: 4947 1400101766 -660775059  4096 
bcache: 4947 1400101766 474860658  4096 
bcache: 4947 1400101766 -1246315834  4096 
bcache: 4947 1400101766 2016819872  4096 
bcache: 4947 1400101766 -1751183821  4096 
bcache: 4947 1400101766 -840034414  4096 
bcache: 4947 1400101766 -489720205  4096 
bcache: 4947 1400101766 -1929451131  4096 
bcache: 4947 1400101766 -1501166811  4096 
bcache: 4947 1400101766 1621188571  4096 
bcache: 4947 1400101766 -1491403383  4096 
bcache: 4947 1400101766 -276912846  4096 
bcache: 4947 1400101766 -30470508  4096 
bcache: 4947 1400101766 1814782449  4096 
bcache: 4947 1400101766 -1344545098  4096 
bcache: 4947 1400101766 1018837086  4096 
bcache: 4947 1400101766 1658023969  4096 
bcache: 4947 1400101766 -706343387  4096 
bcache: 4947 1400101766 1660945545  4096 
bcache: 4947 1400101766 1702722110  4096 
bcache: 4947 1400101766 -1174521175  4096 
