2097 sda1 9826728 4096 R 1400045285  
2097 sda 9828776 4096 R 1400045285  
2097 sda1 8657728 20480 R 1400045285  
2097 sda 8659776 20480 R 1400045285  
2100 sda1 9015120 4096 R 1400045285  
2100 sda 9017168 4096 R 1400045285  
2100 sda1 9015152 53248 R 1400045285  
2100 sda 9017200 53248 R 1400045285  
2100 sda1 9022992 8192 R 1400045285  
2100 sda 9025040 8192 R 1400045285  
2100 sda1 9022800 40960 R 1400045285  
2100 sda 9024848 40960 R 1400045285  
2100 sda1 9022888 4096 R 1400045285  
2100 sda 9024936 4096 R 1400045285  
2100 sda1 9022904 16384 R 1400045285  
2100 sda 9024952 16384 R 1400045285  
2100 sda1 9023272 4096 R 1400045285  
2100 sda 9025320 4096 R 1400045285  
2100 sda1 9023304 4096 R 1400045285  
2100 sda 9025352 4096 R 1400045285  
2100 sda1 9023320 12288 R 1400045285  
2100 sda 9025368 12288 R 1400045285  
2100 sda1 9023128 4096 R 1400045285  
2100 sda 9025176 4096 R 1400045285  
2100 sda1 9023160 8192 R 1400045285  
2100 sda 9025208 8192 R 1400045285  
2100 sda1 9023184 12288 R 1400045285  
2100 sda 9025232 12288 R 1400045285  
1542 sda1 7586088 4096 W 1400045285 -590675163  
1542 sda 7588136 4096 W 1400045285 -590675163  
1542 sda1 7586128 4096 W 1400045285 -1242414303  
1542 sda 7588176 4096 W 1400045285 -1242414303  
1542 sda1 7586344 4096 W 1400045285 1376490945  
1542 sda 7588392 4096 W 1400045285 1376490945  
1542 sda1 7586352 4096 W 1400045285 1372919132  
1542 sda 7588400 4096 W 1400045285 1372919132  
1542 sda1 3608 4096 R 1400045285 181698379  
1542 sda 5656 4096 R 1400045285 181698379  
1542 sda1 837496 69632 W 1400045285 1736876276 570618357 -1966260938 -1226992444 -462063583 2054906716 -418089250 -1216845728 1336116067 1338478312 -932791463 -899594573 -715514133 108774027 -672944948 1268667431 529877818  
1542 sda 839544 69632 W 1400045285 1736876276 570618357 -1966260938 -1226992444 -462063583 2054906716 -418089250 -1216845728 1336116067 1338478312 -932791463 -899594573 -715514133 108774027 -672944948 1268667431 529877818  
1542 sda1 3624 4096 R 1400045285 -48309312  
1542 sda 5672 4096 R 1400045285 -48309312  
1542 sda1 3632 4096 R 1400045285 -1798320437  
1542 sda 5680 4096 R 1400045285 -1798320437  
1542 sda1 3640 4096 R 1400045285 1440106276  
1542 sda 5688 4096 R 1400045285 1440106276  
1542 sda1 3648 4096 R 1400045285 1051493336  
1542 sda 5696 4096 R 1400045285 1051493336  
1542 sda1 1841784 524288 W 1400045285 -639352293 1214321462 -1465247226 330886911 1694510757 805441087 -1184781653 1246040918 -1361016443 -688103576 -967554246 -1032397162 -665564693 1611504827 392658923 836118385 -1500955870 -308876046 -856044982 1861088171 -1955008645 489194892 -342546642 802332064 493567262 107048693 -1466063126 -1734202074 503161118 1257311488 1814207178 1509216748 -1307472612 444049372 1642725313 1289880554 508453389 -1978112185 -1974913576 -1632666313 -796272814 -774996211 2058924506 -1221061362 155161844 506858109 -1118 
1542 sda 1843832 524288 W 1400045285 -639352293 1214321462 -1465247226 330886911 1694510757 805441087 -1184781653 1246040918 -1361016443 -688103576 -967554246 -1032397162 -665564693 1611504827 392658923 836118385 -1500955870 -308876046 -856044982 1861088171 -1955008645 489194892 -342546642 802332064 493567262 107048693 -1466063126 -1734202074 503161118 1257311488 1814207178 1509216748 -1307472612 444049372 1642725313 1289880554 508453389 -1978112185 -1974913576 -1632666313 -796272814 -774996211 2058924506 -1221061362 155161844 506858109 -1118 
1542 sda1 1842808 122880 W 1400045285 -1343129201 22122515 -1784458740 -1834585322 -449715028 -1230121042 1926733821 531976018 1448885117 -1622673006 110485678 637935677 1735392231 1192737491 -594025693 -211933054 -951538934 211721386 -154140481 -1439992505 505210623 -2134612005 -317111749 -1102246248 1770899303 1558311264 -1073023782 2145111862 -802246301 -102619105  
1542 sda 1844856 122880 W 1400045285 -1343129201 22122515 -1784458740 -1834585322 -449715028 -1230121042 1926733821 531976018 1448885117 -1622673006 110485678 637935677 1735392231 1192737491 -594025693 -211933054 -951538934 211721386 -154140481 -1439992505 505210623 -2134612005 -317111749 -1102246248 1770899303 1558311264 -1073023782 2145111862 -802246301 -102619105  
2100 sda1 7586360 4096 W 1400045286 1603070703  
2100 sda 7588408 4096 W 1400045286 1603070703  
2100 sdc1 113313760 4096 R 1400045286 1792767356  
2100 sdc 113313823 4096 R 1400045286 1792767356  
2100 sdc1 113313792 4096 R 1400045286 -960521461  
2100 sdc 113313855 4096 R 1400045286 -960521461  
2100 sda1 7586368 4096 W 1400045286 1603070703  
2100 sda 7588416 4096 W 1400045286 1603070703  
2100 sda1 7586376 4096 W 1400045286 1603070703  
2100 sda 7588424 4096 W 1400045286 1603070703  
2100 sda1 7586384 4096 W 1400045286 1603070703  
2100 sda 7588432 4096 W 1400045286 1603070703  
2100 sda1 7586392 4096 W 1400045286 1603070703  
2100 sda 7588440 4096 W 1400045286 1603070703  
2100 sda1 7586400 4096 W 1400045286 1603070703  
2100 sda 7588448 4096 W 1400045286 1603070703  
2100 sda1 7586408 4096 W 1400045286 1603070703  
2100 sda 7588456 4096 W 1400045286 1603070703  
2100 sda1 7586416 4096 W 1400045286 1603070703  
2100 sda 7588464 4096 W 1400045286 1603070703  
2100 sda1 7586424 4096 W 1400045286 1603070703  
2100 sda 7588472 4096 W 1400045286 1603070703  
2100 sda1 7586432 4096 W 1400045286 1603070703  
2100 sda 7588480 4096 W 1400045286 1603070703  
2100 sda1 7586440 4096 W 1400045286 1603070703  
2100 sda 7588488 4096 W 1400045286 1603070703  
2100 sda1 7586448 4096 W 1400045286 1603070703  
2100 sda 7588496 4096 W 1400045286 1603070703  
2100 sda1 7586456 4096 W 1400045286 1603070703  
2100 sda 7588504 4096 W 1400045286 1603070703  
2100 sda1 7586464 4096 W 1400045286 1603070703  
2100 sda 7588512 4096 W 1400045286 1603070703  
2100 sda1 7586472 4096 W 1400045286 1603070703  
2100 sda 7588520 4096 W 1400045286 1603070703  
2100 sda1 7586480 4096 W 1400045286 1603070703  
2100 sda 7588528 4096 W 1400045286 1603070703  
2100 sda1 7586488 4096 W 1400045286 1603070703  
2100 sda 7588536 4096 W 1400045286 1603070703  
2100 sda1 7586496 16384 W 1400045286 -2032234651 1906207418 547109309 217930722  
2100 sda 7588544 16384 W 1400045286 -2032234651 1906207418 547109309 217930722  
2101 sda1 5896808 69632 R 1400045286  
2101 sda 5898856 69632 R 1400045286  
2101 sda1 5983856 24576 R 1400045286  
2101 sda 5985904 24576 R 1400045286  
2101 sda1 5983912 45056 R 1400045286  
2101 sda 5985960 45056 R 1400045286  
2101 sda1 5894712 4096 R 1400045286  
2101 sda 5896760 4096 R 1400045286  
2101 sda1 5894728 4096 R 1400045286  
2101 sda 5896776 4096 R 1400045286  
2101 sda1 5894744 53248 R 1400045286  
2101 sda 5896792 53248 R 1400045286  
2101 sda1 5990184 8192 R 1400045286  
2101 sda 5992232 8192 R 1400045286  
2101 sda1 5990208 61440 R 1400045286  
2101 sda 5992256 61440 R 1400045286  
2101 sda1 5897120 4096 R 1400045286  
2101 sda 5899168 4096 R 1400045286  
2101 sda1 5897136 4096 R 1400045286  
2101 sda 5899184 4096 R 1400045286  
2101 sda1 5897176 40960 R 1400045286  
2101 sda 5899224 40960 R 1400045286  
2101 sda1 5898224 8192 R 1400045286  
2101 sda 5900272 8192 R 1400045286  
2101 sda1 5965680 8192 R 1400045286  
2101 sda 5967728 8192 R 1400045286  
2101 sda1 5894600 12288 R 1400045286  
2101 sda 5896648 12288 R 1400045286  
2101 sda1 5894632 4096 R 1400045286  
2101 sda 5896680 4096 R 1400045286  
2101 sda1 5894648 12288 R 1400045286  
2101 sda 5896696 12288 R 1400045286  
2101 sda1 5894704 4096 R 1400045286  
2101 sda 5896752 4096 R 1400045286  
2101 sda1 5894472 8192 R 1400045286  
2101 sda 5896520 8192 R 1400045286  
2101 sda1 5894512 4096 R 1400045286  
2101 sda 5896560 4096 R 1400045286  
2101 sda1 5894544 8192 R 1400045286  
2101 sda 5896592 8192 R 1400045286  
2102 sdc1 8328 4096 R 1400045286 192174507  
2102 sdc 8391 4096 R 1400045286 192174507  
2102 sda1 12593152 4096 R 1400045286 -523437101  
2102 sda 12595200 4096 R 1400045286 -523437101  
2102 sda1 12593160 4096 R 1400045286 -1217254254  
2102 sda 12595208 4096 R 1400045286 -1217254254  
2102 sda1 12593168 4096 R 1400045286 -38570010  
2102 sda 12595216 4096 R 1400045286 -38570010  
2102 sda1 12593176 4096 R 1400045286 -1657655297  
2102 sda 12595224 4096 R 1400045286 -1657655297  
2102 sda1 12593184 4096 R 1400045286 -1820434361  
2102 sda 12595232 4096 R 1400045286 -1820434361  
2102 sda1 12593192 4096 R 1400045286 2021025011  
2102 sda 12595240 4096 R 1400045286 2021025011  
2102 sda1 12593200 4096 R 1400045286 1750507589  
2102 sda 12595248 4096 R 1400045286 1750507589  
2102 sda1 12593208 4096 R 1400045286 -1638330782  
2102 sda 12595256 4096 R 1400045286 -1638330782  
2102 sda1 12593216 4096 R 1400045286 1476246610  
2102 sda 12595264 4096 R 1400045286 1476246610  
2102 sda1 12593224 4096 R 1400045286 -1627354511  
2102 sda 12595272 4096 R 1400045286 -1627354511  
2102 sda1 12593232 4096 R 1400045286 -369417248  
2102 sda 12595280 4096 R 1400045286 -369417248  
2102 sda1 12593240 4096 R 1400045286 1014859724  
2102 sda 12595288 4096 R 1400045286 1014859724  
2102 sda1 12593248 4096 R 1400045286 -603258466  
2102 sda 12595296 4096 R 1400045286 -603258466  
2102 sda1 12593256 4096 R 1400045286 1379951352  
2102 sda 12595304 4096 R 1400045286 1379951352  
2102 sda1 12593264 4096 R 1400045286 -1198883453  
2102 sda 12595312 4096 R 1400045286 -1198883453  
2102 sda1 12593272 4096 R 1400045286 1961616649  
2102 sda 12595320 4096 R 1400045286 1961616649  
2102 sda1 12593280 4096 R 1400045286 -1035761153  
2102 sda 12595328 4096 R 1400045286 -1035761153  
2102 sda1 12593288 4096 R 1400045286 -1979417650  
2102 sda 12595336 4096 R 1400045286 -1979417650  
2102 sda1 12593296 4096 R 1400045286 -1975900207  
2102 sda 12595344 4096 R 1400045286 -1975900207  
2102 sda1 12593304 4096 R 1400045286 149177214  
2102 sda 12595352 4096 R 1400045286 149177214  
2102 sda1 12593312 4096 R 1400045286 661377889  
2102 sda 12595360 4096 R 1400045286 661377889  
2102 sda1 12593320 4096 R 1400045286 1885350992  
2102 sda 12595368 4096 R 1400045286 1885350992  
2102 sda1 12593328 4096 R 1400045286 -1977155290  
2102 sda 12595376 4096 R 1400045286 -1977155290  
2102 sda1 12593336 4096 R 1400045286 49953807  
2102 sda 12595384 4096 R 1400045286 49953807  
2102 sda1 12593344 4096 R 1400045286 1316827096  
2102 sda 12595392 4096 R 1400045286 1316827096  
2102 sda1 12593352 4096 R 1400045286 2035916093  
2102 sda 12595400 4096 R 1400045286 2035916093  
2102 sda1 12593360 4096 R 1400045286 -1725788425  
2102 sda 12595408 4096 R 1400045286 -1725788425  
2102 sda1 12593368 4096 R 1400045286 1962925151  
2102 sda 12595416 4096 R 1400045286 1962925151  
2102 sda1 12593376 4096 R 1400045286 1998892547  
2102 sda 12595424 4096 R 1400045286 1998892547  
2102 sda1 12593392 4096 R 1400045286 1271550888  
2102 sda 12595440 4096 R 1400045286 1271550888  
2102 sda1 12593400 4096 R 1400045286 -1654093813  
2102 sda 12595448 4096 R 1400045286 -1654093813  
2102 sda1 12593408 4096 R 1400045286 -993971600  
2102 sda 12595456 4096 R 1400045286 -993971600  
2102 sda1 12593384 4096 R 1400045286 -1630138162  
2102 sda 12595432 4096 R 1400045286 -1630138162  
2102 sda1 6540960 4096 R 1400045286  
2102 sda 6543008 4096 R 1400045286  
278 sda1 7586352 4096 W 1400045290 -1182551742  
278 sda 7588400 4096 W 1400045290 -1182551742  
278 sda1 7586344 4096 W 1400045290 1820554853  
278 sda 7588392 4096 W 1400045290 1820554853  
278 sda1 4464936 4096 W 1400045290 -1907356358  
278 sda 4466984 4096 W 1400045290 -1907356358  
278 sda1 4464944 4096 W 1400045290 -690471211  
278 sda 4466992 4096 W 1400045290 -690471211  
278 sda1 4464952 4096 W 1400045290 -1380468287  
278 sda 4467000 4096 W 1400045290 -1380468287  
278 sda1 4464960 4096 W 1400045290 -780850043  
278 sda 4467008 4096 W 1400045290 -780850043  
278 sda1 4464968 4096 W 1400045290 483804919  
278 sda 4467016 4096 W 1400045290 483804919  
278 sda1 4464976 4096 W 1400045290 -1  
278 sda 4467024 4096 W 1400045290 -1  
278 sda1 4464984 4096 W 1400045290 869379584  
278 sda 4467032 4096 W 1400045290 869379584  
278 sda1 4464992 4096 W 1400045290 838828374  
278 sda 4467040 4096 W 1400045290 838828374  
278 sda1 4465000 4096 W 1400045290 1257415665  
278 sda 4467048 4096 W 1400045290 1257415665  
278 sda1 4465008 4096 W 1400045290 -1  
278 sda 4467056 4096 W 1400045290 -1  
278 sda1 4465016 4096 W 1400045290 2068276371  
278 sda 4467064 4096 W 1400045290 2068276371  
278 sda1 4465024 4096 W 1400045290 -675268154  
278 sda 4467072 4096 W 1400045290 -675268154  
278 sda1 4465032 4096 W 1400045290 -1304664286  
278 sda 4467080 4096 W 1400045290 -1304664286  
278 sda1 4465040 4096 W 1400045290 1988754923  
278 sda 4467088 4096 W 1400045290 1988754923  
278 sda1 4465048 4096 W 1400045290 -170186053  
278 sda 4467096 4096 W 1400045290 -170186053  
278 sda1 4465056 4096 W 1400045290 97231016  
278 sda 4467104 4096 W 1400045290 97231016  
278 sda1 4465064 4096 W 1400045290 1452938837  
278 sda 4467112 4096 W 1400045290 1452938837  
278 sda1 4465072 4096 W 1400045290 -1704177735  
278 sda 4467120 4096 W 1400045290 -1704177735  
278 sda1 4465080 4096 W 1400045290 -1134814015  
278 sda 4467128 4096 W 1400045290 -1134814015  
278 sda1 4465088 4096 W 1400045290 648480492  
278 sda 4467136 4096 W 1400045290 648480492  
278 sda1 4465096 4096 W 1400045290 117144233  
278 sda 4467144 4096 W 1400045290 117144233  
278 sda1 4465104 4096 W 1400045290 960316297  
278 sda 4467152 4096 W 1400045290 960316297  
278 sda1 4465112 4096 W 1400045290 888086300  
278 sda 4467160 4096 W 1400045290 888086300  
278 sda1 4465120 4096 W 1400045290 -893181332  
278 sda 4467168 4096 W 1400045290 -893181332  
278 sda1 4465128 4096 W 1400045290 86417030  
278 sda 4467176 4096 W 1400045290 86417030  
2077 sdc1 100925440 4096 W 1400045291 -387489876  
2077 sdc 100925503 4096 W 1400045291 -387489876  
2077 sdc1 100925448 4096 W 1400045291 243362558  
2077 sdc 100925511 4096 W 1400045291 243362558  
2077 sdc1 100925456 4096 W 1400045291 840656960  
2077 sdc 100925519 4096 W 1400045291 840656960  
2077 sdc1 100925464 4096 W 1400045291 79305934  
2077 sdc 100925527 4096 W 1400045291 79305934  
2077 sdc1 100925472 4096 W 1400045291 5709024  
2077 sdc 100925535 4096 W 1400045291 5709024  
2077 sdc1 100925480 4096 W 1400045291 -1193865133  
2077 sdc 100925543 4096 W 1400045291 -1193865133  
2077 sdc1 100925488 4096 W 1400045291 -1341036426  
2077 sdc 100925551 4096 W 1400045291 -1341036426  
278 sda1 4465136 4096 W 1400045296 -292642656  
278 sda 4467184 4096 W 1400045296 -292642656  
278 sda1 4465144 4096 W 1400045296 505462630  
278 sda 4467192 4096 W 1400045296 505462630  
278 sda1 4465152 4096 W 1400045296 339957479  
278 sda 4467200 4096 W 1400045296 339957479  
