2086 sdb 8208 4096 R 1400133380 794034194  
2086 sdb 8208 4096 R 1400133380 794034194  
2069 sda1 1732048 131072 R 1400133380  
2069 sda 1734096 131072 R 1400133380  
2086 sdb 8224 4096 R 1400133380 -1654821085  
2086 sdb 8224 4096 R 1400133380 -1654821085  
2086 sdb 8200 4096 R 1400133380 -1240331482  
2086 sdb 8200 4096 R 1400133380 -1240331482  
bcache: 2086 1400133380 -1860140817  4096 
bcache: 2086 1400133380 -1471538426  4096 
bcache: 2086 1400133380 1371787137  4096 
bcache: 2086 1400133380 -1509012052  4096 
bcache: 2086 1400133380 42374744  4096 
bcache: 2086 1400133380 -1803210208  4096 
bcache: 2086 1400133380 -922273806  4096 
bcache: 2086 1400133380 1395157349  4096 
bcache: 2086 1400133380 1755369400  4096 
bcache: 2086 1400133380 1578193086  4096 
bcache: 2086 1400133380 1234071571  4096 
bcache: 2086 1400133380 -258165152  4096 
bcache: 2086 1400133380 -282785272  4096 
bcache: 2086 1400133380 475053341  4096 
bcache: 2086 1400133380 82148774  4096 
bcache: 2086 1400133380 2000740531  4096 
bcache: 2086 1400133380 -474371574  4096 
bcache: 2086 1400133380 -97809996  4096 
bcache: 2086 1400133380 1969766776  4096 
bcache: 2086 1400133380 -2042700070  4096 
bcache: 2086 1400133380 771434169  4096 
bcache: 2086 1400133380 -1196805581  4096 
bcache: 2086 1400133380 -1498675453  4096 
bcache: 2086 1400133380 81075838  4096 
bcache: 2086 1400133380 -1526005486  4096 
bcache: 2086 1400133380 -1264764233  4096 
bcache: 2086 1400133380 -463881973  4096 
bcache: 2086 1400133380 1037282340  4096 
bcache: 2086 1400133380 156091782  4096 
bcache: 2086 1400133380 85965532  4096 
bcache: 2086 1400133380 -1072827869  4096 
bcache: 2086 1400133380 -517482862  4096 
bcache: 2086 1400133380 1669459805  4096 
bcache: 2086 1400133380 1677257044  4096 
bcache: 2086 1400133380 382555821  4096 
bcache: 2086 1400133380 -710175482  4096 
bcache: 2086 1400133380 587628303  4096 
bcache: 2086 1400133380 -1480450809  4096 
bcache: 2086 1400133380 225412908  4096 
bcache: 2086 1400133380 1149769308  4096 
bcache: 2086 1400133380 -290114695  4096 
bcache: 2086 1400133380 473223202  4096 
bcache: 2086 1400133380 546391867  4096 
bcache: 2086 1400133380 465145765  4096 
bcache: 2086 1400133380 -1461237063  4096 
bcache: 2086 1400133380 126600915  4096 
bcache: 2086 1400133380 -845598059  4096 
bcache: 2086 1400133380 -381232831  4096 
bcache: 2086 1400133380 -1563828213  4096 
bcache: 2086 1400133380 209537961  4096 
2086 sda1 12593408 4096 R 1400133380 872235821  
2086 sda 12595456 4096 R 1400133380 872235821  
2086 sda1 12593416 4096 R 1400133380 -512610183  
2086 sda 12595464 4096 R 1400133380 -512610183  
2086 sda1 12593424 4096 R 1400133380 -1509222188  
2086 sda 12595472 4096 R 1400133380 -1509222188  
2086 sda1 12593432 4096 R 1400133380 34038891  
2086 sda 12595480 4096 R 1400133380 34038891  
2086 sda1 12593448 4096 R 1400133380 -1107800598  
2086 sda 12595496 4096 R 1400133380 -1107800598  
2086 sda1 12593456 4096 R 1400133380 -2055442034  
2086 sda 12595504 4096 R 1400133380 -2055442034  
2086 sda1 12593464 4096 R 1400133380 212977038  
2086 sda 12595512 4096 R 1400133380 212977038  
2086 sda1 12593472 4096 R 1400133380 -1261061194  
2086 sda 12595520 4096 R 1400133380 -1261061194  
2086 sda1 12593480 4096 R 1400133380 1417730329  
2086 sda 12595528 4096 R 1400133380 1417730329  
2086 sda1 12593488 4096 R 1400133380 -192864320  
2086 sda 12595536 4096 R 1400133380 -192864320  
2086 sda1 12593496 4096 R 1400133380 648401077  
2086 sda 12595544 4096 R 1400133380 648401077  
2086 sda1 12593504 4096 R 1400133380 1694170247  
2086 sda 12595552 4096 R 1400133380 1694170247  
2086 sda1 12593512 4096 R 1400133380 -776136799  
2086 sda 12595560 4096 R 1400133380 -776136799  
2086 sda1 12593520 4096 R 1400133380 667240715  
2086 sda 12595568 4096 R 1400133380 667240715  
2086 sda1 12593528 4096 R 1400133380 -927669756  
2069 sda1 1621976 20480 R 1400133380  
2069 sda 1624024 20480 R 1400133380  
2069 sda1 1605632 241664 R 1400133380  
2069 sda 1607680 241664 R 1400133380  
2086 sda 12595576 4096 R 1400133380 -927669756  
2086 sda1 12593536 4096 R 1400133380 694693613  
2086 sda 12595584 4096 R 1400133380 694693613  
2086 sda1 12593544 4096 R 1400133380 -1536853798  
2086 sda 12595592 4096 R 1400133380 -1536853798  
2086 sda1 12593552 4096 R 1400133380 1599905125  
2086 sda 12595600 4096 R 1400133380 1599905125  
2086 sda1 12593560 4096 R 1400133380 320151552  
2086 sda 12595608 4096 R 1400133380 320151552  
2086 sda1 12593568 4096 R 1400133380 805202842  
2086 sda 12595616 4096 R 1400133380 805202842  
2086 sda1 12593576 4096 R 1400133380 -1677689967  
2086 sda 12595624 4096 R 1400133380 -1677689967  
2086 sda1 12593584 4096 R 1400133380 -2040205091  
2086 sda 12595632 4096 R 1400133380 -2040205091  
2086 sda1 12593592 4096 R 1400133380 -1558677488  
2086 sda 12595640 4096 R 1400133380 -1558677488  
2086 sda1 12593600 4096 R 1400133380 -1875541816  
2086 sda 12595648 4096 R 1400133380 -1875541816  
2086 sda1 12593608 4096 R 1400133380 818102339  
2086 sda 12595656 4096 R 1400133380 818102339  
2086 sda1 12593616 4096 R 1400133380 221643238  
2086 sda 12595664 4096 R 1400133380 221643238  
2086 sda1 12593624 4096 R 1400133380 -1689951261  
2086 sda 12595672 4096 R 1400133380 -1689951261  
2086 sda1 12593632 4096 R 1400133380 386021181  
2086 sda 12595680 4096 R 1400133380 386021181  
2086 sda1 12593640 4096 R 1400133380 432583736  
2086 sda 12595688 4096 R 1400133380 432583736  
2086 sda1 12593648 4096 R 1400133380 1619119664  
2086 sda 12595696 4096 R 1400133380 1619119664  
2086 sda1 12593656 4096 R 1400133380 -1442377015  
2086 sda 12595704 4096 R 1400133380 -1442377015  
2086 sda1 12593664 4096 R 1400133380 -2122538202  
2086 sda 12595712 4096 R 1400133380 -2122538202  
2086 sda1 12593440 4096 R 1400133380 -666780913  
2086 sda 12595488 4096 R 1400133380 -666780913  
2086 sda1 6201096 4096 R 1400133380  
2086 sda 6203144 4096 R 1400133380  
