bcache: 2058 1400114636 246940558  4096 
bcache: 2058 1400114636 -783390457  4096 
bcache: 2058 1400114636 1092754144  4096 
bcache: 2058 1400114636 1970278569  4096 
bcache: 2058 1400114636 722233868  4096 
bcache: 2058 1400114636 1141494371  4096 
bcache: 2058 1400114636 -439165937  4096 
bcache: 2058 1400114636 1526378895  4096 
bcache: 2058 1400114636 1563607008  4096 
bcache: 2058 1400114636 186171263  4096 
bcache: 2058 1400114636 -420571135  4096 
bcache: 2058 1400114636 -750775304  4096 
bcache: 2058 1400114636 1370743877  4096 
bcache: 2058 1400114636 -869961716  4096 
bcache: 2058 1400114636 132672761  4096 
bcache: 2058 1400114636 -895527508  4096 
bcache: 2058 1400114636 -1302146623  4096 
bcache: 2058 1400114636 1224620543  4096 
bcache: 2058 1400114636 -1847566883  4096 
bcache: 2058 1400114636 -405419702  4096 
bcache: 2058 1400114636 -237805620  4096 
bcache: 2058 1400114636 -1571390978  4096 
bcache: 2058 1400114636 -1828443215  4096 
bcache: 2058 1400114636 -1049026803  4096 
bcache: 2058 1400114636 -559065495  4096 
bcache: 2058 1400114636 -1751257324  4096 
bcache: 2058 1400114636 1320723459  4096 
bcache: 2058 1400114636 -431189441  4096 
bcache: 2058 1400114636 -669059190  4096 
bcache: 2058 1400114636 -576984202  4096 
bcache: 2058 1400114636 1460809449  4096 
bcache: 2058 1400114636 -979864041  4096 
bcache: 2058 1400114636 -1910689605  4096 
bcache: 2058 1400114636 1702585231  4096 
bcache: 2058 1400114636 418439063  4096 
bcache: 2058 1400114636 -418698671  4096 
bcache: 2058 1400114636 998077179  4096 
bcache: 2058 1400114636 2005602516  4096 
bcache: 2058 1400114636 611675719  4096 
bcache: 2058 1400114636 440926844  4096 
bcache: 2058 1400114636 774524727  4096 
bcache: 2058 1400114636 -734333439  4096 
bcache: 2058 1400114636 -2118909066  4096 
bcache: 2058 1400114636 -1303160924  4096 
bcache: 2058 1400114636 831291811  4096 
bcache: 2058 1400114636 783356649  4096 
bcache: 2058 1400114636 1426756875  4096 
bcache: 2058 1400114636 -588925448  4096 
bcache: 2058 1400114636 -684858407  4096 
bcache: 2058 1400114636 1093469675  4096 
297 sda1 885456 4096 W 1400114640 1616616663  
297 sda 887504 4096 W 1400114640 1616616663  
297 sda1 899088 4096 W 1400114640 -709160588  
297 sda 901136 4096 W 1400114640 -709160588  
297 sda1 9703952 4096 W 1400114640 431905447  
297 sda 9706000 4096 W 1400114640 431905447  
297 sda1 9703944 4096 W 1400114640 -1622157287  
297 sda 9705992 4096 W 1400114640 -1622157287  
297 sda1 4463816 4096 W 1400114640 -1450015342  
297 sda 4465864 4096 W 1400114640 -1450015342  
297 sda1 4463824 4096 W 1400114640 1865482927  
297 sda 4465872 4096 W 1400114640 1865482927  
297 sda1 4463832 4096 W 1400114640 1997431660  
297 sda 4465880 4096 W 1400114640 1997431660  
297 sda1 4463840 4096 W 1400114640 -940654455  
297 sda 4465888 4096 W 1400114640 -940654455  
297 sda1 4463848 4096 W 1400114640 1973636744  
297 sda 4465896 4096 W 1400114640 1973636744  
297 sda1 4463856 4096 W 1400114640 292006639  
297 sda 4465904 4096 W 1400114640 292006639  
297 sda1 4463864 4096 W 1400114640 761646057  
297 sda 4465912 4096 W 1400114640 761646057  
297 sda1 4463872 4096 W 1400114640 -148620570  
297 sda 4465920 4096 W 1400114640 -148620570  
297 sda1 4463880 4096 W 1400114640 66737816  
297 sda 4465928 4096 W 1400114640 66737816  
297 sda1 4463888 4096 W 1400114640 -1733263222  
297 sda 4465936 4096 W 1400114640 -1733263222  
297 sda1 4463896 4096 W 1400114640 -550322379  
297 sda 4465944 4096 W 1400114640 -550322379  
297 sda1 4463904 4096 W 1400114640 -405731558  
297 sda 4465952 4096 W 1400114640 -405731558  
297 sda1 4463912 4096 W 1400114640 -583615844  
297 sda 4465960 4096 W 1400114640 -583615844  
297 sda1 4463920 4096 W 1400114640 -1957506586  
297 sda 4465968 4096 W 1400114640 -1957506586  
297 sda1 4463928 4096 W 1400114640 -743341007  
297 sda 4465976 4096 W 1400114640 -743341007  
297 sda1 4463936 4096 W 1400114640 -296323722  
297 sda 4465984 4096 W 1400114640 -296323722  
297 sda1 4463944 4096 W 1400114640 653934512  
297 sda 4465992 4096 W 1400114640 653934512  
297 sda1 4463952 4096 W 1400114640 -1  
297 sda 4466000 4096 W 1400114640 -1  
297 sda1 4463960 4096 W 1400114640 -2115587593  
297 sda 4466008 4096 W 1400114640 -2115587593  
297 sda1 4463968 4096 W 1400114640 1240382607  
297 sda 4466016 4096 W 1400114640 1240382607  
297 sda1 4463976 4096 W 1400114640 1542103712  
297 sda 4466024 4096 W 1400114640 1542103712  
297 sda1 4463984 4096 W 1400114640 -1790277710  
297 sda 4466032 4096 W 1400114640 -1790277710  
297 sda1 4463992 4096 W 1400114641 969603355  
297 sda 4466040 4096 W 1400114641 969603355  
1854 sdb 164240 4096 W 1400114641 1093469675  
1854 sdb 164240 4096 W 1400114641 1093469675  
1854 sdb 163840 4096 W 1400114641 246940558  
1854 sdb 163840 4096 W 1400114641 246940558  
1854 sdb 163848 4096 W 1400114641 -783390457  
1854 sdb 163848 4096 W 1400114641 -783390457  
1854 sdb 163856 4096 W 1400114641 1092754144  
1854 sdb 163856 4096 W 1400114641 1092754144  
1854 sdb 163864 4096 W 1400114641 1970278569  
1854 sdb 163864 4096 W 1400114641 1970278569  
1854 sdb 163872 4096 W 1400114641 722233868  
1854 sdb 163872 4096 W 1400114641 722233868  
1854 sdb 163880 4096 W 1400114641 1141494371  
1854 sdb 163880 4096 W 1400114641 1141494371  
1854 sdb 163888 4096 W 1400114641 -439165937  
1854 sdb 163888 4096 W 1400114641 -439165937  
1854 sdb 163896 4096 W 1400114641 1526378895  
1854 sdb 163896 4096 W 1400114641 1526378895  
1854 sdb 163904 4096 W 1400114641 1563607008  
1854 sdb 163904 4096 W 1400114641 1563607008  
1854 sdb 163912 4096 W 1400114641 186171263  
1854 sdb 163912 4096 W 1400114641 186171263  
1854 sdb 163920 4096 W 1400114641 -420571135  
1854 sdb 163920 4096 W 1400114641 -420571135  
1854 sdb 163928 4096 W 1400114641 -750775304  
1854 sdb 163928 4096 W 1400114641 -750775304  
1854 sdb 163944 4096 W 1400114641 1370743877  
1854 sdb 163944 4096 W 1400114641 1370743877  
1854 sdb 163952 4096 W 1400114641 -869961716  
1854 sdb 163952 4096 W 1400114641 -869961716  
1854 sdb 163960 4096 W 1400114641 132672761  
1854 sdb 163960 4096 W 1400114641 132672761  
1854 sdb 163968 4096 W 1400114641 -895527508  
1854 sdb 163968 4096 W 1400114641 -895527508  
1854 sdb 163976 4096 W 1400114641 -1302146623  
1854 sdb 163976 4096 W 1400114641 -1302146623  
1854 sdb 163984 4096 W 1400114641 1224620543  
1854 sdb 163984 4096 W 1400114641 1224620543  
1854 sdb 163992 4096 W 1400114641 -1847566883  
1854 sdb 163992 4096 W 1400114641 -1847566883  
1854 sdb 164000 4096 W 1400114641 -405419702  
1854 sdb 164000 4096 W 1400114641 -405419702  
1854 sdb 164008 4096 W 1400114641 -237805620  
1854 sdb 164008 4096 W 1400114641 -237805620  
1854 sdb 164016 4096 W 1400114641 -1571390978  
1854 sdb 164016 4096 W 1400114641 -1571390978  
1854 sdb 164024 4096 W 1400114641 -1828443215  
1854 sdb 164024 4096 W 1400114641 -1828443215  
1854 sdb 164032 4096 W 1400114641 -1049026803  
1854 sdb 164032 4096 W 1400114641 -1049026803  
1854 sdb 164040 4096 W 1400114641 -559065495  
1854 sdb 164040 4096 W 1400114641 -559065495  
1854 sdb 164048 4096 W 1400114641 -1751257324  
1854 sdb 164048 4096 W 1400114641 -1751257324  
1854 sdb 164056 4096 W 1400114641 1320723459  
1854 sdb 164056 4096 W 1400114641 1320723459  
1854 sdb 164064 4096 W 1400114641 -431189441  
1854 sdb 164064 4096 W 1400114641 -431189441  
1854 sdb 164072 4096 W 1400114641 -669059190  
1854 sdb 164072 4096 W 1400114641 -669059190  
1854 sdb 164080 4096 W 1400114641 -576984202  
1854 sdb 164080 4096 W 1400114641 -576984202  
1854 sdb 164088 4096 W 1400114641 1460809449  
1854 sdb 164088 4096 W 1400114641 1460809449  
1854 sdb 164096 4096 W 1400114641 -979864041  
1854 sdb 164096 4096 W 1400114641 -979864041  
1854 sdb 164104 4096 W 1400114641 -1910689605  
1854 sdb 164104 4096 W 1400114641 -1910689605  
1854 sdb 164112 4096 W 1400114641 1702585231  
1854 sdb 164112 4096 W 1400114641 1702585231  
1854 sdb 164120 4096 W 1400114641 418439063  
1854 sdb 164120 4096 W 1400114641 418439063  
1854 sdb 164128 4096 W 1400114641 -418698671  
1854 sdb 164128 4096 W 1400114641 -418698671  
1854 sdb 164136 4096 W 1400114641 998077179  
1854 sdb 164136 4096 W 1400114641 998077179  
1854 sdb 164144 4096 W 1400114641 2005602516  
1854 sdb 164144 4096 W 1400114641 2005602516  
1854 sdb 164152 4096 W 1400114641 611675719  
1854 sdb 164152 4096 W 1400114641 611675719  
1854 sdb 164160 4096 W 1400114641 440926844  
1854 sdb 164160 4096 W 1400114641 440926844  
1854 sdb 164168 4096 W 1400114641 774524727  
1854 sdb 164168 4096 W 1400114641 774524727  
1854 sdb 164176 4096 W 1400114641 -734333439  
1854 sdb 164176 4096 W 1400114641 -734333439  
1854 sdb 164184 4096 W 1400114641 -2118909066  
1854 sdb 164184 4096 W 1400114641 -2118909066  
1854 sdb 164192 4096 W 1400114641 -1303160924  
1854 sdb 164192 4096 W 1400114641 -1303160924  
1854 sdb 164200 4096 W 1400114641 831291811  
1854 sdb 164200 4096 W 1400114641 831291811  
1854 sdb 164208 4096 W 1400114641 783356649  
1854 sdb 164208 4096 W 1400114641 783356649  
1854 sdb 164216 4096 W 1400114641 1426756875  
1854 sdb 164216 4096 W 1400114641 1426756875  
1854 sdb 164224 4096 W 1400114641 -588925448  
1854 sdb 164224 4096 W 1400114641 -588925448  
1854 sdb 164232 4096 W 1400114641 -684858407  
1854 sdb 164232 4096 W 1400114641 -684858407  
1852 sdb 104599640 4096 W 1400114641 -2141767253  
1852 sdb 104599640 4096 W 1400114641 -2141767253  
1852 sdb 104599648 4096 W 1400114641 -1267379156  
1852 sdb 104599648 4096 W 1400114641 -1267379156  
1852 sdb 104599656 4096 W 1400114641 185773806  
1852 sdb 104599656 4096 W 1400114641 185773806  
1852 sdb 104599672 4096 W 1400114641 -1886632394  
1852 sdb 104599672 4096 W 1400114641 -1886632394  
1852 sdb 104599680 4096 W 1400114641 -361172061  
1852 sdb 104599680 4096 W 1400114641 -361172061  
1852 sdb 104599688 4096 W 1400114641 1761930072  
1852 sdb 104599688 4096 W 1400114641 1761930072  
1852 sdb 104599696 4096 W 1400114641 -1818822387  
1852 sdb 104599696 4096 W 1400114641 -1818822387  
1852 sdb 104599704 4096 W 1400114641 -1365765842  
1852 sdb 104599704 4096 W 1400114641 -1365765842  
297 sda1 4464000 4096 W 1400114646 -1723675329  
297 sda 4466048 4096 W 1400114646 -1723675329  
297 sda1 4464008 4096 W 1400114646 -2013509509  
297 sda 4466056 4096 W 1400114646 -2013509509  
297 sda1 4464016 4096 W 1400114647 2033462427  
297 sda 4466064 4096 W 1400114647 2033462427  
297 sda1 4464024 4096 W 1400114652 -428275911  
297 sda 4466072 4096 W 1400114652 -428275911  
297 sda1 4464032 4096 W 1400114652 -1341434492  
297 sda 4466080 4096 W 1400114652 -1341434492  
297 sda1 4464040 4096 W 1400114652 -1184288073  
297 sda 4466088 4096 W 1400114652 -1184288073  
297 sda1 4464048 4096 W 1400114658 -116080533  
297 sda 4466096 4096 W 1400114658 -116080533  
297 sda1 4464056 4096 W 1400114658 -942915688  
297 sda 4466104 4096 W 1400114658 -942915688  
297 sda1 4464064 4096 W 1400114658 107087970  
297 sda 4466112 4096 W 1400114658 107087970  
297 sda1 4464072 4096 W 1400114658 -476259981  
297 sda 4466120 4096 W 1400114658 -476259981  
1507 sda1 8388648 4096 W 1400114660 -296323722  
1507 sda 8390696 4096 W 1400114660 -296323722  
1507 sda1 8417040 4096 W 1400114660 -942915688  
1507 sda 8419088 4096 W 1400114660 -942915688  
1507 sda1 0 4096 W 1400114660 1865482927  
1507 sda 2048 4096 W 1400114660 1865482927  
1507 sda1 8 4096 W 1400114660 761646057  
1507 sda 2056 4096 W 1400114660 761646057  
1507 sda1 3592 4096 W 1400114660 -1733263222  
1507 sda 5640 4096 W 1400114660 -1733263222  
1507 sda1 3720 4096 W 1400114660 -1  
1507 sda 5768 4096 W 1400114660 -1  
1507 sda1 3760 4096 W 1400114660 66737816  
1507 sda 5808 4096 W 1400114660 66737816  
1507 sda1 3848 4096 W 1400114660 -405731558  
1507 sda 5896 4096 W 1400114660 -405731558  
1507 sda1 4552 4096 W 1400114660 -2115587593  
1507 sda 6600 4096 W 1400114660 -2115587593  
1507 sda1 22312 4096 W 1400114660 1973636744  
1507 sda 24360 4096 W 1400114660 1973636744  
1507 sda1 25512 4096 W 1400114660 -148620570  
1507 sda 27560 4096 W 1400114660 -148620570  
1507 sda1 25520 4096 W 1400114660 1240382607  
1507 sda 27568 4096 W 1400114660 1240382607  
1507 sda1 69464 4096 W 1400114660 -583615844  
1507 sda 71512 4096 W 1400114660 -583615844  
1507 sda1 74248 4096 W 1400114660 -550322379  
1507 sda 76296 4096 W 1400114660 -550322379  
1507 sda1 4194360 4096 W 1400114660 292006639  
1507 sda 4196408 4096 W 1400114660 292006639  
1507 sda1 4194408 4096 W 1400114660 -743341007  
1507 sda 4196456 4096 W 1400114660 -743341007  
1507 sda1 4218520 4096 W 1400114660 -1790277710  
1507 sda 4220568 4096 W 1400114660 -1790277710  
1507 sda1 4221368 4096 W 1400114660 -1957506586  
1507 sda 4223416 4096 W 1400114660 -1957506586  
1507 sda1 4221408 4096 W 1400114660 -940654455  
1507 sda 4223456 4096 W 1400114660 -940654455  
1507 sda1 4221432 4096 W 1400114660 1997431660  
1507 sda 4223480 4096 W 1400114660 1997431660  
1507 sda1 4226232 4096 W 1400114660 653934512  
1507 sda 4228280 4096 W 1400114660 653934512  
297 sda1 4464080 4096 W 1400114664 17745568  
297 sda 4466128 4096 W 1400114664 17745568  
297 sda1 4464088 4096 W 1400114664 -1470748380  
297 sda 4466136 4096 W 1400114664 -1470748380  
297 sda1 4464096 4096 W 1400114664 -1206508380  
297 sda 4466144 4096 W 1400114664 -1206508380  
1507 sda1 7659792 4096 W 1400114670 -1401693849  
1507 sda 7661840 4096 W 1400114670 -1401693849  
1507 sda1 3608 4096 R 1400114670 -446968158  
1507 sda 5656 4096 R 1400114670 -446968158  
1507 sda1 838656 106496 W 1400114670 1736876276 415933401 -1537603667 -1239096702 -1341715270 1030318891 -1458391952 1870147959 -1975765746 315649902 1685938438 -196794567 -486789020 883484143 1266800070 259815692 -1208976272 -485264802 -362411415 -1362231500 -659380451 -1495753390 -729979947 1187205123 1976908983 -1408062251  
1507 sda 840704 106496 W 1400114670 1736876276 415933401 -1537603667 -1239096702 -1341715270 1030318891 -1458391952 1870147959 -1975765746 315649902 1685938438 -196794567 -486789020 883484143 1266800070 259815692 -1208976272 -485264802 -362411415 -1362231500 -659380451 -1495753390 -729979947 1187205123 1976908983 -1408062251  
297 sda1 4464104 4096 W 1400114670 -812850217  
297 sda 4466152 4096 W 1400114670 -812850217  
297 sda1 4464112 4096 W 1400114670 1266809237  
297 sda 4466160 4096 W 1400114670 1266809237  
297 sda1 4464120 4096 W 1400114670 -568967973  
297 sda 4466168 4096 W 1400114670 -568967973  
1507 sda1 3624 4096 R 1400114670 448175823  
297 sda1 4464128 4096 W 1400114670 1870600912  
1507 sda 5672 4096 R 1400114670 448175823  
297 sda 4466176 4096 W 1400114670 1870600912  
297 sda1 4464136 4096 W 1400114670 406059073  
297 sda 4466184 4096 W 1400114670 406059073  
297 sda1 4464144 4096 W 1400114670 988613091  
297 sda 4466192 4096 W 1400114670 988613091  
297 sda1 4464152 4096 W 1400114670 -525350402  
297 sda 4466200 4096 W 1400114670 -525350402  
1507 sda1 3632 4096 R 1400114670 -2021177345  
1507 sda 5680 4096 R 1400114670 -2021177345  
297 sda1 4464160 4096 W 1400114670 -292690031  
297 sda 4466208 4096 W 1400114670 -292690031  
1507 sda1 3640 4096 R 1400114670 1239433637  
1507 sda 5688 4096 R 1400114670 1239433637  
1507 sda1 3648 4096 R 1400114670 -1265791551  
1507 sda 5696 4096 R 1400114670 -1265791551  
1507 sda1 1851392 524288 W 1400114670 -924568458 1472733451 713940784 976909746 -1172248752 -88513670 1601482048 1215950833 1252223595 274849555 -695031948 -1608340955 893898588 1817054653 -1407707578 -1425210743 -427370884 -596178691 -1156563369 1796539082 -1571810266 1879362119 10478538 666863205 1658240736 1429977437 -571676105 -610704549 -1597849394 153042780 1137578094 -1542434807 1598669113 -262938977 -1017836121 903539450 -1680017339 1086006527 312052939 -785161887 -1879004794 2030688750 -947993219 -637984711 1766846880 -770718780 17631 
1507 sda 1853440 524288 W 1400114670 -924568458 1472733451 713940784 976909746 -1172248752 -88513670 1601482048 1215950833 1252223595 274849555 -695031948 -1608340955 893898588 1817054653 -1407707578 -1425210743 -427370884 -596178691 -1156563369 1796539082 -1571810266 1879362119 10478538 666863205 1658240736 1429977437 -571676105 -610704549 -1597849394 153042780 1137578094 -1542434807 1598669113 -262938977 -1017836121 903539450 -1680017339 1086006527 312052939 -785161887 -1879004794 2030688750 -947993219 -637984711 1766846880 -770718780 17631 
1507 sda1 1852416 233472 W 1400114670 855227499 -1128217993 -1292655562 766771920 2140496137 2055639175 1821121389 399110365 -56268239 2019400540 696023817 1979124524 -1483639776 -907465658 -1719832412 304215579 -82954065 1401880787 738021310 -479073577 1532921182 1643816674 558509129 1742611557 214458256 -2000282701 -1197869282 -1008483259 1827561281 194309337 933743810 1714759234 -1071519447 1030055016 348512390 1915571174 944376167 450361804 -1178414418 -418745417 147964206 179267490 -1702431490 538412938 -1420701159 1981718039 -1072231327  
1507 sda 1854464 233472 W 1400114670 855227499 -1128217993 -1292655562 766771920 2140496137 2055639175 1821121389 399110365 -56268239 2019400540 696023817 1979124524 -1483639776 -907465658 -1719832412 304215579 -82954065 1401880787 738021310 -479073577 1532921182 1643816674 558509129 1742611557 214458256 -2000282701 -1197869282 -1008483259 1827561281 194309337 933743810 1714759234 -1071519447 1030055016 348512390 1915571174 944376167 450361804 -1178414418 -418745417 147964206 179267490 -1702431490 538412938 -1420701159 1981718039 -1072231327  
1507 sda1 7659800 16384 W 1400114670 -1830390715 -1260249523 791980012 -653159403  
1507 sda 7661848 16384 W 1400114670 -1830390715 -1260249523 791980012 -653159403  
1854 sdb 0 4096 W 1400114671 185773806  
1854 sdb 0 4096 W 1400114671 185773806  
1854 sdb 8 4096 W 1400114671 1761930072  
1854 sdb 8 4096 W 1400114671 1761930072  
1854 sdb 8200 4096 W 1400114671 -361172061  
1854 sdb 8200 4096 W 1400114671 -361172061  
1854 sdb 8216 4096 W 1400114671 -1886632394  
1854 sdb 8216 4096 W 1400114671 -1886632394  
1854 sdb 163936 4096 W 1400114671 -1818822387  
1854 sdb 163936 4096 W 1400114671 -1818822387  
297 sda1 7659824 4096 W 1400114675 1627859053  
297 sda 7661872 4096 W 1400114675 1627859053  
1710 sda1 1162232 4096 R 1400114675 417259106  
1710 sda 1164280 4096 R 1400114675 417259106  
297 sda1 4464168 4096 W 1400114675 -490369207  
297 sda 4466216 4096 W 1400114675 -490369207  
297 sda1 4464176 4096 W 1400114675 1119586577  
297 sda 4466224 4096 W 1400114675 1119586577  
297 sda1 4464184 4096 W 1400114675 -1257028668  
297 sda 4466232 4096 W 1400114675 -1257028668  
297 sda1 4464192 4096 W 1400114675 1592907466  
297 sda 4466240 4096 W 1400114675 1592907466  
297 sda1 4464200 4096 W 1400114675 1372696611  
297 sda 4466248 4096 W 1400114675 1372696611  
297 sda1 4464208 4096 W 1400114675 2051885661  
297 sda 4466256 4096 W 1400114675 2051885661  
297 sda1 4464216 4096 W 1400114675 -199671853  
297 sda 4466264 4096 W 1400114675 -199671853  
1710 sda1 1162224 8192 W 1400114675 654187469 2057780805  
1710 sda 1164272 8192 W 1400114675 654187469 2057780805  
297 sda1 4464224 4096 W 1400114675 -1879004173  
297 sda 4466272 4096 W 1400114675 -1879004173  
297 sda1 4464232 4096 W 1400114675 614451919  
297 sda 4466280 4096 W 1400114675 614451919  
297 sda1 4464240 4096 W 1400114675 1442049527  
297 sda 4466288 4096 W 1400114675 1442049527  
297 sda1 4464248 4096 W 1400114675 837582016  
297 sda 4466296 4096 W 1400114675 837582016  
297 sda1 4464256 4096 W 1400114680 -1266795937  
297 sda 4466304 4096 W 1400114680 -1266795937  
297 sda1 4464264 4096 W 1400114680 2070278878  
297 sda 4466312 4096 W 1400114680 2070278878  
297 sda1 4464272 4096 W 1400114680 2015325942  
297 sda 4466320 4096 W 1400114680 2015325942  
297 sda1 4464280 4096 W 1400114680 -1956843365  
297 sda 4466328 4096 W 1400114680 -1956843365  
297 sda1 4464288 4096 W 1400114686 1503462997  
297 sda 4466336 4096 W 1400114686 1503462997  
297 sda1 4464296 4096 W 1400114686 -1767944329  
297 sda 4466344 4096 W 1400114686 -1767944329  
297 sda1 4464304 4096 W 1400114686 -1381393546  
297 sda 4466352 4096 W 1400114686 -1381393546  
297 sda1 4464312 4096 W 1400114692 648465491  
297 sda 4466360 4096 W 1400114692 648465491  
297 sda1 4464320 4096 W 1400114692 104563216  
297 sda 4466368 4096 W 1400114692 104563216  
297 sda1 4464328 4096 W 1400114692 564941701  
297 sda 4466376 4096 W 1400114692 564941701  
1507 sda1 8392824 4096 W 1400114695 1442049527  
1507 sda 8394872 4096 W 1400114695 1442049527  
1507 sda1 8392832 4096 W 1400114695 2070278878  
1507 sda 8394880 4096 W 1400114695 2070278878  
1507 sda1 8 4096 W 1400114695 -1257028668  
1507 sda 2056 4096 W 1400114695 -1257028668  
1507 sda1 3616 4096 W 1400114695 988613091  
1507 sda 5664 4096 W 1400114695 988613091  
1507 sda1 3648 4096 W 1400114695 1119586577  
1507 sda 5696 4096 W 1400114695 1119586577  
1507 sda1 4552 4096 W 1400114695 -525350402  
1507 sda 6600 4096 W 1400114695 -525350402  
1507 sda1 22312 4096 W 1400114695 406059073  
1507 sda 24360 4096 W 1400114695 406059073  
1507 sda1 25520 4096 W 1400114695 1592907466  
1507 sda 27568 4096 W 1400114695 1592907466  
1507 sda1 4194408 4096 W 1400114695 1372696611  
1507 sda 4196456 4096 W 1400114695 1372696611  
