2562 sda1 8658784 4096 R 1400118974  
2562 sda 8660832 4096 R 1400118974  
2562 sda1 8658824 8192 R 1400118974  
2562 sda 8660872 8192 R 1400118974  
2562 sdb 8328 4096 R 1400118974 930264331  
2562 sdb 8328 4096 R 1400118974 930264331  
2543 sdb 105120288 4096 W 1400118974 -1042223598  
2543 sdb 105120288 4096 W 1400118974 -1042223598  
2543 sdb 105120296 4096 W 1400118974 114352477  
2543 sdb 105120296 4096 W 1400118974 114352477  
2543 sdb 105120304 4096 W 1400118974 840656960  
2543 sdb 105120304 4096 W 1400118974 840656960  
2543 sdb 105120312 4096 W 1400118974 1209702618  
2543 sdb 105120312 4096 W 1400118974 1209702618  
2543 sdb 105120320 4096 W 1400118974 216716905  
2543 sdb 105120320 4096 W 1400118974 216716905  
bcache: 2562 1400118974 2103362947  4096 
2543 sdb 105120328 4096 W 1400118974 -1531052709  
2543 sdb 105120328 4096 W 1400118974 -1531052709  
bcache: 2562 1400118974 -864012917  4096 
bcache: 2562 1400118974 -72636844  4096 
bcache: 2562 1400118974 -519460674  4096 
bcache: 2562 1400118974 347447973  4096 
bcache: 2562 1400118974 2101803690  4096 
bcache: 2562 1400118974 875292317  4096 
bcache: 2562 1400118974 -1857592733  4096 
bcache: 2562 1400118974 1707864455  4096 
bcache: 2562 1400118974 -242653661  4096 
bcache: 2562 1400118974 -1484548531  4096 
bcache: 2562 1400118974 -1648303282  4096 
bcache: 2562 1400118974 1570345519  4096 
bcache: 2562 1400118974 -1272295246  4096 
bcache: 2562 1400118974 -1092544941  4096 
bcache: 2562 1400118974 -1100087374  4096 
bcache: 2562 1400118974 212481291  4096 
bcache: 2562 1400118974 -2027338907  4096 
bcache: 2562 1400118974 944157232  4096 
bcache: 2562 1400118974 -483074969  4096 
bcache: 2562 1400118974 -717391364  4096 
bcache: 2562 1400118974 -1625398465  4096 
bcache: 2562 1400118974 -140319478  4096 
bcache: 2562 1400118974 -962442321  4096 
bcache: 2562 1400118974 -1745376943  4096 
bcache: 2562 1400118974 -319956154  4096 
bcache: 2562 1400118974 -1307928277  4096 
bcache: 2562 1400118974 1687018395  4096 
bcache: 2562 1400118974 -180364476  4096 
bcache: 2562 1400118974 1874024403  4096 
bcache: 2562 1400118974 435584765  4096 
bcache: 2562 1400118974 -623023758  4096 
bcache: 2562 1400118974 -2099240787  4096 
bcache: 2562 1400118974 104115799  4096 
bcache: 2562 1400118974 1754217878  4096 
bcache: 2562 1400118974 1487832918  4096 
bcache: 2562 1400118974 -146570881  4096 
bcache: 2562 1400118974 1385813279  4096 
bcache: 2562 1400118974 -1948585770  4096 
bcache: 2562 1400118974 -2093681377  4096 
bcache: 2562 1400118974 227992388  4096 
bcache: 2562 1400118974 -2028334080  4096 
bcache: 2562 1400118974 -2127817999  4096 
bcache: 2562 1400118974 -675335536  4096 
bcache: 2562 1400118974 -945176741  4096 
bcache: 2562 1400118974 -1085820437  4096 
bcache: 2562 1400118974 -929677439  4096 
bcache: 2562 1400118974 -802722595  4096 
bcache: 2562 1400118974 -1231231417  4096 
bcache: 2562 1400118974 -1407468977  4096 
2563 sda1 8667360 4096 R 1400118974  
2563 sda 8669408 4096 R 1400118974  
2563 sda1 8667384 8192 R 1400118974  
2563 sda 8669432 8192 R 1400118974  
2545 sdb 25215232 524288 W 1400118975  
2545 sdb 25215232 524288 W 1400118975  
2545 sdb 25216256 524288 W 1400118975  
2545 sdb 25216256 524288 W 1400118975  
2545 sdb 25217280 524288 W 1400118975  
2545 sdb 25217280 524288 W 1400118975  
2545 sdb 25218304 524288 W 1400118975  
2545 sdb 25218304 524288 W 1400118975  
2545 sdb 25219328 524288 W 1400118976  
2545 sdb 25219328 524288 W 1400118976  
2545 sdb 25220352 524288 W 1400118976  
2545 sdb 25220352 524288 W 1400118976  
2545 sdb 25221376 524288 W 1400118976  
2545 sdb 25221376 524288 W 1400118976  
2545 sdb 25222400 524288 W 1400118976  
2545 sdb 25222400 524288 W 1400118976  
2545 sdb 25223424 524288 W 1400118977  
2545 sdb 25223424 524288 W 1400118977  
2545 sdb 25224448 524288 W 1400118977  
2545 sdb 25224448 524288 W 1400118977  
2545 sdb 25225472 524288 W 1400118977  
2545 sdb 25225472 524288 W 1400118977  
2545 sdb 25226496 524288 W 1400118977  
2545 sdb 25226496 524288 W 1400118977  
297 sda1 885472 4096 W 1400118978 -329130025  
297 sda 887520 4096 W 1400118978 -329130025  
297 sda1 899104 4096 W 1400118978 -457936105  
297 sda 901152 4096 W 1400118978 -457936105  
297 sda1 9705120 4096 W 1400118978 1520707869  
297 sda 9707168 4096 W 1400118978 1520707869  
297 sda1 9705112 4096 W 1400118978 -211926754  
297 sda 9707160 4096 W 1400118978 -211926754  
297 sda1 4481720 4096 W 1400118978 1061945042  
297 sda 4483768 4096 W 1400118978 1061945042  
297 sda1 4481728 4096 W 1400118978 -396734767  
297 sda 4483776 4096 W 1400118978 -396734767  
297 sda1 4481736 4096 W 1400118978 658285055  
297 sda 4483784 4096 W 1400118978 658285055  
297 sda1 4481744 4096 W 1400118978 -573424152  
297 sda 4483792 4096 W 1400118978 -573424152  
297 sda1 4481752 4096 W 1400118978 1236220434  
297 sda 4483800 4096 W 1400118978 1236220434  
297 sda1 4481760 4096 W 1400118978 906014738  
297 sda 4483808 4096 W 1400118978 906014738  
297 sda1 4481768 4096 W 1400118978 -339285885  
297 sda 4483816 4096 W 1400118978 -339285885  
297 sda1 4481776 4096 W 1400118978 -777165517  
297 sda 4483824 4096 W 1400118978 -777165517  
297 sda1 4481784 4096 W 1400118978 1483982532  
297 sda 4483832 4096 W 1400118978 1483982532  
297 sda1 4481792 4096 W 1400118978 -639606443  
297 sda 4483840 4096 W 1400118978 -639606443  
297 sda1 4481800 4096 W 1400118978 -1304664286  
297 sda 4483848 4096 W 1400118978 -1304664286  
297 sda1 4481808 4096 W 1400118978 -1733263222  
297 sda 4483856 4096 W 1400118978 -1733263222  
297 sda1 4481816 4096 W 1400118978 -807532893  
297 sda 4483864 4096 W 1400118978 -807532893  
297 sda1 4481824 4096 W 1400118978 1312256017  
297 sda 4483872 4096 W 1400118978 1312256017  
297 sda1 4481832 4096 W 1400118978 -1305668137  
297 sda 4483880 4096 W 1400118978 -1305668137  
297 sda1 4481840 4096 W 1400118978 -808854987  
297 sda 4483888 4096 W 1400118978 -808854987  
297 sda1 4481848 4096 W 1400118978 -1253928150  
297 sda 4483896 4096 W 1400118978 -1253928150  
297 sda1 4481856 4096 W 1400118978 1947450987  
297 sda 4483904 4096 W 1400118978 1947450987  
297 sda1 4481864 4096 W 1400118978 -1080071414  
297 sda 4483912 4096 W 1400118978 -1080071414  
297 sda1 4481872 4096 W 1400118978 1074270029  
297 sda 4483920 4096 W 1400118978 1074270029  
297 sda1 4481880 4096 W 1400118978 -290778062  
297 sda 4483928 4096 W 1400118978 -290778062  
297 sda1 4481888 4096 W 1400118978 1909479874  
297 sda 4483936 4096 W 1400118978 1909479874  
297 sda1 4481896 4096 W 1400118978 54883504  
297 sda 4483944 4096 W 1400118978 54883504  
297 sda1 4481904 4096 W 1400118978 -384421960  
297 sda 4483952 4096 W 1400118978 -384421960  
2545 sdb 25227520 524288 W 1400118978  
2545 sdb 25227520 524288 W 1400118978  
2545 sdb 25228544 524288 W 1400118978  
2545 sdb 25228544 524288 W 1400118978  
2545 sdb 25229568 524288 W 1400118978  
2545 sdb 25229568 524288 W 1400118978  
2545 sdb 25230592 524288 W 1400118978  
2545 sdb 25230592 524288 W 1400118978  
297 sda1 4481912 4096 W 1400118979 1257205528  
297 sda 4483960 4096 W 1400118979 1257205528  
2543 sdb 105120336 4096 W 1400118979 -1676839781  
2543 sdb 105120336 4096 W 1400118979 -1676839781  
2543 sdb 105120344 4096 W 1400118979 -479418200  
2543 sdb 105120344 4096 W 1400118979 -479418200  
2543 sdb 105120352 4096 W 1400118979 -1344105136  
2543 sdb 105120352 4096 W 1400118979 -1344105136  
2543 sdb 105120360 4096 W 1400118979 1675075220  
2543 sdb 105120360 4096 W 1400118979 1675075220  
2545 sdb 29360384 524288 W 1400118980  
2545 sdb 29360384 524288 W 1400118980  
2545 sdb 29361408 524288 W 1400118980  
2545 sdb 29361408 524288 W 1400118980  
2545 sdb 29362432 524288 W 1400118980  
2545 sdb 29362432 524288 W 1400118980  
2545 sdb 29363456 524288 W 1400118980  
2545 sdb 29363456 524288 W 1400118980  
2545 sdb 29364480 524288 W 1400118981  
2545 sdb 29364480 524288 W 1400118981  
2545 sdb 29365504 524288 W 1400118981  
2545 sdb 29365504 524288 W 1400118981  
2545 sdb 29366528 524288 W 1400118981  
2545 sdb 29366528 524288 W 1400118981  
2545 sdb 29367552 524288 W 1400118981  
2545 sdb 29367552 524288 W 1400118981  
2545 sdb 29368576 524288 W 1400118982  
2545 sdb 29368576 524288 W 1400118982  
2545 sdb 29369600 524288 W 1400118982  
2545 sdb 29369600 524288 W 1400118982  
2545 sdb 29370624 524288 W 1400118982  
2545 sdb 29370624 524288 W 1400118982  
2545 sdb 29371648 524288 W 1400118982  
2545 sdb 29371648 524288 W 1400118982  
2545 sdb 29372672 524288 W 1400118984  
2545 sdb 29372672 524288 W 1400118984  
2545 sdb 29373696 524288 W 1400118984  
2545 sdb 29373696 524288 W 1400118984  
2545 sdb 29374720 524288 W 1400118984  
2545 sdb 29374720 524288 W 1400118984  
2545 sdb 29375744 524288 W 1400118984  
2545 sdb 29375744 524288 W 1400118984  
297 sda1 4481920 4096 W 1400118984 897517948  
297 sda 4483968 4096 W 1400118984 897517948  
297 sda1 4481928 4096 W 1400118984 -1582749951  
297 sda 4483976 4096 W 1400118984 -1582749951  
297 sda1 4481936 4096 W 1400118984 706667533  
297 sda 4483984 4096 W 1400118984 706667533  
2545 sdb 29376768 524288 W 1400118985  
2545 sdb 29376768 524288 W 1400118985  
2545 sdb 29377792 524288 W 1400118985  
2545 sdb 29377792 524288 W 1400118985  
2545 sdb 29378816 524288 W 1400118985  
2545 sdb 29378816 524288 W 1400118985  
2545 sdb 29379840 524288 W 1400118985  
2545 sdb 29379840 524288 W 1400118985  
2543 sdb 105120368 4096 W 1400118985 1161558859  
2543 sdb 105120368 4096 W 1400118985 1161558859  
2543 sdb 105120376 4096 W 1400118985 1670980802  
2543 sdb 105120376 4096 W 1400118985 1670980802  
2543 sdb 105120384 4096 W 1400118985 -160614267  
2543 sdb 105120384 4096 W 1400118985 -160614267  
2545 sdb 29380864 524288 W 1400118986  
2545 sdb 29380864 524288 W 1400118986  
2545 sdb 29381888 524288 W 1400118986  
2545 sdb 29381888 524288 W 1400118986  
2545 sdb 29382912 524288 W 1400118986  
2545 sdb 29382912 524288 W 1400118986  
2545 sdb 29383936 524288 W 1400118986  
2545 sdb 29383936 524288 W 1400118986  
2545 sdb 29384960 524288 W 1400118988  
2545 sdb 29384960 524288 W 1400118988  
2545 sdb 29385984 524288 W 1400118988  
2545 sdb 29385984 524288 W 1400118988  
2545 sdb 29387008 524288 W 1400118988  
2545 sdb 29387008 524288 W 1400118988  
2545 sdb 29388032 524288 W 1400118988  
2545 sdb 29388032 524288 W 1400118988  
2545 sdb 29389056 524288 W 1400118989  
2545 sdb 29389056 524288 W 1400118989  
2545 sdb 29390080 524288 W 1400118989  
2545 sdb 29390080 524288 W 1400118989  
2545 sdb 29391104 524288 W 1400118989  
2545 sdb 29391104 524288 W 1400118989  
2545 sdb 29392128 524288 W 1400118989  
2545 sdb 29392128 524288 W 1400118989  
297 sda1 4481944 4096 W 1400118989 -1939833183  
297 sda 4483992 4096 W 1400118989 -1939833183  
297 sda1 4481952 4096 W 1400118989 -1691289821  
297 sda 4484000 4096 W 1400118989 -1691289821  
297 sda1 4481960 4096 W 1400118989 -549978854  
297 sda 4484008 4096 W 1400118989 -549978854  
2545 sdb 29393152 524288 W 1400118990  
2545 sdb 29393152 524288 W 1400118990  
2545 sdb 29394176 524288 W 1400118990  
2545 sdb 29394176 524288 W 1400118990  
2545 sdb 29395200 524288 W 1400118990  
2545 sdb 29395200 524288 W 1400118990  
2545 sdb 29396224 524288 W 1400118990  
2545 sdb 29396224 524288 W 1400118990  
2543 sdb 105120392 4096 W 1400118991 -255821332  
2543 sdb 105120392 4096 W 1400118991 -255821332  
2543 sdb 105120400 4096 W 1400118991 -1184566962  
2543 sdb 105120400 4096 W 1400118991 -1184566962  
2543 sdb 105120408 4096 W 1400118991 1872988530  
2543 sdb 105120408 4096 W 1400118991 1872988530  
2545 sdb 29397248 524288 W 1400118992  
2545 sdb 29397248 524288 W 1400118992  
2545 sdb 29398272 524288 W 1400118992  
2545 sdb 29398272 524288 W 1400118992  
2545 sdb 29399296 524288 W 1400118992  
2545 sdb 29399296 524288 W 1400118992  
2545 sdb 29400320 524288 W 1400118992  
2545 sdb 29400320 524288 W 1400118992  
2545 sdb 29401344 524288 W 1400118993  
2545 sdb 29401344 524288 W 1400118993  
2545 sdb 29402368 524288 W 1400118993  
2545 sdb 29402368 524288 W 1400118993  
2545 sdb 29403392 524288 W 1400118993  
2545 sdb 29403392 524288 W 1400118993  
2545 sdb 29404416 524288 W 1400118993  
2545 sdb 29404416 524288 W 1400118993  
2545 sdb 29405440 524288 W 1400118994  
2545 sdb 29405440 524288 W 1400118994  
2545 sdb 29406464 524288 W 1400118994  
2545 sdb 29406464 524288 W 1400118994  
2545 sdb 29407488 524288 W 1400118994  
2545 sdb 29407488 524288 W 1400118994  
2545 sdb 29408512 524288 W 1400118994  
2545 sdb 29408512 524288 W 1400118994  
297 sda1 4481968 4096 W 1400118994 -212093785  
297 sda 4484016 4096 W 1400118994 -212093785  
297 sda1 4481976 4096 W 1400118994 -143135682  
297 sda 4484024 4096 W 1400118994 -143135682  
297 sda1 4481984 4096 W 1400118994 1698292889  
297 sda 4484032 4096 W 1400118994 1698292889  
2545 sdb 29409536 524288 W 1400118996  
2545 sdb 29409536 524288 W 1400118996  
2545 sdb 29410560 524288 W 1400118996  
2545 sdb 29410560 524288 W 1400118996  
2545 sdb 29411584 524288 W 1400118996  
2545 sdb 29411584 524288 W 1400118996  
2545 sdb 29412608 524288 W 1400118996  
2545 sdb 29412608 524288 W 1400118996  
2545 sdb 29413632 524288 W 1400118997  
2545 sdb 29413632 524288 W 1400118997  
2545 sdb 29414656 524288 W 1400118997  
2545 sdb 29414656 524288 W 1400118997  
2545 sdb 29415680 524288 W 1400118997  
2545 sdb 29415680 524288 W 1400118997  
2545 sdb 29416704 524288 W 1400118997  
2545 sdb 29416704 524288 W 1400118997  
2543 sdb 105120416 4096 W 1400118997 -1879329814  
2543 sdb 105120416 4096 W 1400118997 -1879329814  
2543 sdb 105120424 4096 W 1400118997 1026680611  
2543 sdb 105120424 4096 W 1400118997 1026680611  
2543 sdb 105120432 4096 W 1400118997 1692281232  
2543 sdb 105120432 4096 W 1400118997 1692281232  
2548 sdb 8 4096 W 1400118998 1026680611  
2548 sdb 8 4096 W 1400118998 1026680611  
2548 sdb 8328 4096 W 1400118998 840656960  
2548 sdb 8328 4096 W 1400118998 840656960  
2548 sdb 8456 4096 W 1400118998 -479418200  
2548 sdb 8456 4096 W 1400118998 -479418200  
2548 sdb 73992 4096 W 1400118998 216716905  
2548 sdb 73992 4096 W 1400118998 216716905  
2545 sdb 29417728 524288 W 1400118998  
2545 sdb 29417728 524288 W 1400118998  
2545 sdb 29418752 524288 W 1400118998  
2545 sdb 29418752 524288 W 1400118998  
2545 sdb 29419776 524288 W 1400118998  
2545 sdb 29419776 524288 W 1400118998  
2545 sdb 29420800 524288 W 1400118998  
2545 sdb 29420800 524288 W 1400118998  
2545 sdb 29421824 524288 W 1400119000  
2545 sdb 29421824 524288 W 1400119000  
2545 sdb 29422848 524288 W 1400119000  
2545 sdb 29422848 524288 W 1400119000  
2545 sdb 29423872 524288 W 1400119000  
2545 sdb 29423872 524288 W 1400119000  
2545 sdb 29424896 524288 W 1400119000  
2545 sdb 29424896 524288 W 1400119000  
297 sda1 4481992 4096 W 1400119000 1184904704  
297 sda 4484040 4096 W 1400119000 1184904704  
297 sda1 4482000 4096 W 1400119000 -1598816581  
297 sda 4484048 4096 W 1400119000 -1598816581  
297 sda1 4482008 4096 W 1400119000 -678779924  
297 sda 4484056 4096 W 1400119000 -678779924  
2545 sdb 33554688 524288 W 1400119001  
2545 sdb 33554688 524288 W 1400119001  
2545 sdb 33555712 524288 W 1400119001  
2545 sdb 33555712 524288 W 1400119001  
2545 sdb 33556736 524288 W 1400119001  
2545 sdb 33556736 524288 W 1400119001  
2545 sdb 33557760 524288 W 1400119001  
2545 sdb 33557760 524288 W 1400119001  
2545 sdb 33558784 524288 W 1400119002  
2545 sdb 33558784 524288 W 1400119002  
2545 sdb 33559808 524288 W 1400119002  
2545 sdb 33559808 524288 W 1400119002  
2545 sdb 33560832 524288 W 1400119002  
2545 sdb 33560832 524288 W 1400119002  
2545 sdb 33561856 524288 W 1400119002  
2545 sdb 33561856 524288 W 1400119002  
2543 sdb 105120440 4096 W 1400119003 -1759731538  
2543 sdb 105120440 4096 W 1400119003 -1759731538  
2543 sdb 105120448 4096 W 1400119003 -616902363  
2543 sdb 105120448 4096 W 1400119003 -616902363  
2543 sdb 105120456 4096 W 1400119003 -886105965  
2543 sdb 105120456 4096 W 1400119003 -886105965  
2543 sdb 105120464 4096 W 1400119003 -1806092034  
2543 sdb 105120464 4096 W 1400119003 -1806092034  
1507 sda1 9705424 4096 W 1400119003 -1137266106  
1507 sda 9707472 4096 W 1400119003 -1137266106  
2545 sdb 33562880 524288 W 1400119004  
2545 sdb 33562880 524288 W 1400119004  
2545 sdb 33563904 524288 W 1400119004  
2545 sdb 33563904 524288 W 1400119004  
2545 sdb 33564928 524288 W 1400119004  
2545 sdb 33564928 524288 W 1400119004  
2545 sdb 33565952 524288 W 1400119004  
2545 sdb 33565952 524288 W 1400119004  
2545 sdb 33566976 524288 W 1400119005  
2545 sdb 33566976 524288 W 1400119005  
2545 sdb 33568000 524288 W 1400119005  
2545 sdb 33568000 524288 W 1400119005  
2545 sdb 33569024 524288 W 1400119005  
2545 sdb 33569024 524288 W 1400119005  
2545 sdb 33570048 524288 W 1400119005  
2545 sdb 33570048 524288 W 1400119005  
297 sda1 4482016 4096 W 1400119005 -1151119874  
297 sda 4484064 4096 W 1400119005 -1151119874  
297 sda1 4482024 4096 W 1400119005 1151104437  
297 sda 4484072 4096 W 1400119005 1151104437  
297 sda1 4482032 4096 W 1400119005 296680653  
297 sda 4484080 4096 W 1400119005 296680653  
297 sda1 4482040 4096 W 1400119005 2129404497  
297 sda 4484088 4096 W 1400119005 2129404497  
297 sda1 4482048 4096 W 1400119005 -741821210  
297 sda 4484096 4096 W 1400119005 -741821210  
297 sda1 4482056 4096 W 1400119005 -272470306  
297 sda 4484104 4096 W 1400119005 -272470306  
2545 sdb 33571072 524288 W 1400119006  
2545 sdb 33571072 524288 W 1400119006  
2545 sdb 33572096 524288 W 1400119006  
2545 sdb 33572096 524288 W 1400119006  
2545 sdb 33573120 524288 W 1400119006  
2545 sdb 33573120 524288 W 1400119006  
2545 sdb 33574144 524288 W 1400119006  
2545 sdb 33574144 524288 W 1400119006  
2545 sdb 33575168 524288 W 1400119008  
2545 sdb 33575168 524288 W 1400119008  
2545 sdb 33576192 524288 W 1400119008  
2545 sdb 33576192 524288 W 1400119008  
2545 sdb 33577216 524288 W 1400119008  
2545 sdb 33577216 524288 W 1400119008  
2545 sdb 33578240 524288 W 1400119008  
2545 sdb 33578240 524288 W 1400119008  
2548 sdb 8208 4096 R 1400119008 -1264416676  
2548 sdb 8208 4096 R 1400119008 -1264416676  
2548 sdb 270344 204800 W 1400119008 2103362947 -864012917 -72636844 -519460674 347447973 2101803690 875292317 -1857592733 1707864455 -242653661 -1484548531 -1648303282 1570345519 -1272295246 -1092544941 -1100087374 212481291 -2027338907 944157232 -483074969 -717391364 -1625398465 -140319478 -962442321 -1745376943 -319956154 -1307928277 1687018395 -180364476 1874024403 435584765 -623023758 -2099240787 104115799 1754217878 1487832918 -146570881 1385813279 -1948585770 -2093681377 227992388 -2028334080 -2127817999 -675335536 -945176741 -10858204 
2548 sdb 270344 204800 W 1400119008 2103362947 -864012917 -72636844 -519460674 347447973 2101803690 875292317 -1857592733 1707864455 -242653661 -1484548531 -1648303282 1570345519 -1272295246 -1092544941 -1100087374 212481291 -2027338907 944157232 -483074969 -717391364 -1625398465 -140319478 -962442321 -1745376943 -319956154 -1307928277 1687018395 -180364476 1874024403 435584765 -623023758 -2099240787 104115799 1754217878 1487832918 -146570881 1385813279 -1948585770 -2093681377 227992388 -2028334080 -2127817999 -675335536 -945176741 -10858204 
1507 sda1 838656 106496 W 1400119008 1736876276 415933401 -1537603667 -1239096702 -1341715270 1030318891 -1458391952 1870147959 -1975765746 315649902 1685938438 -196794567 -486789020 883484143 1266800070 259815692 -1208976272 -485264802 -362411415 -1362231500 -659380451 -1495753390 -729979947 1187205123 1976908983 -1408062251  
1507 sda 840704 106496 W 1400119008 1736876276 415933401 -1537603667 -1239096702 -1341715270 1030318891 -1458391952 1870147959 -1975765746 315649902 1685938438 -196794567 -486789020 883484143 1266800070 259815692 -1208976272 -485264802 -362411415 -1362231500 -659380451 -1495753390 -729979947 1187205123 1976908983 -1408062251  
1507 sda1 1851392 524288 W 1400119008 -924568458 1472733451 713940784 976909746 -1172248752 -88513670 1601482048 1215950833 1252223595 274849555 -695031948 -1608340955 893898588 1817054653 -1407707578 -1425210743 -427370884 -596178691 -1156563369 1796539082 -1571810266 1879362119 10478538 666863205 1658240736 1429977437 -571676105 -610704549 -1597849394 153042780 1137578094 -1542434807 1598669113 -262938977 -1017836121 903539450 -1680017339 1086006527 312052939 -785161887 -1879004794 2030688750 -947993219 -637984711 1766846880 -770718780 17631 
1507 sda 1853440 524288 W 1400119008 -924568458 1472733451 713940784 976909746 -1172248752 -88513670 1601482048 1215950833 1252223595 274849555 -695031948 -1608340955 893898588 1817054653 -1407707578 -1425210743 -427370884 -596178691 -1156563369 1796539082 -1571810266 1879362119 10478538 666863205 1658240736 1429977437 -571676105 -610704549 -1597849394 153042780 1137578094 -1542434807 1598669113 -262938977 -1017836121 903539450 -1680017339 1086006527 312052939 -785161887 -1879004794 2030688750 -947993219 -637984711 1766846880 -770718780 17631 
1507 sda1 1852416 233472 W 1400119008 855227499 -1128217993 -1292655562 766771920 2140496137 2055639175 1821121389 399110365 -56268239 2019400540 696023817 1979124524 -1483639776 -907465658 -1719832412 304215579 -82954065 1401880787 738021310 -479073577 1532921182 1643816674 558509129 1742611557 214458256 -2000282701 -1197869282 -1008483259 1827561281 194309337 933743810 1714759234 -1071519447 1030055016 348512390 1915571174 944376167 450361804 -1178414418 -418745417 147964206 179267490 -1702431490 538412938 -1420701159 1981718039 -1072231327  
1507 sda 1854464 233472 W 1400119008 855227499 -1128217993 -1292655562 766771920 2140496137 2055639175 1821121389 399110365 -56268239 2019400540 696023817 1979124524 -1483639776 -907465658 -1719832412 304215579 -82954065 1401880787 738021310 -479073577 1532921182 1643816674 558509129 1742611557 214458256 -2000282701 -1197869282 -1008483259 1827561281 194309337 933743810 1714759234 -1071519447 1030055016 348512390 1915571174 944376167 450361804 -1178414418 -418745417 147964206 179267490 -1702431490 538412938 -1420701159 1981718039 -1072231327  
1507 sda1 9705432 20480 W 1400119008 895362289 340937430 -744970675 -1604982733 112994179  
1507 sda 9707480 20480 W 1400119008 895362289 340937430 -744970675 -1604982733 112994179  
2545 sdb 33579264 524288 W 1400119009  
2545 sdb 33579264 524288 W 1400119009  
2545 sdb 33580288 524288 W 1400119009  
2545 sdb 33580288 524288 W 1400119009  
2545 sdb 33581312 524288 W 1400119009  
2545 sdb 33581312 524288 W 1400119009  
2545 sdb 33582336 524288 W 1400119009  
2545 sdb 33582336 524288 W 1400119009  
2543 sdb 105120472 4096 W 1400119009 -1724323345  
2543 sdb 105120472 4096 W 1400119009 -1724323345  
2543 sdb 105120480 4096 W 1400119009 -92383788  
2543 sdb 105120480 4096 W 1400119009 -92383788  
2543 sdb 105120488 4096 W 1400119009 -1483848188  
2543 sdb 105120488 4096 W 1400119009 -1483848188  
2543 sdb 105120496 4096 W 1400119009 -164410672  
2543 sdb 105120496 4096 W 1400119009 -164410672  
2543 sdb 105120504 4096 W 1400119009 2102569559  
2543 sdb 105120504 4096 W 1400119009 2102569559  
2543 sdb 105120512 4096 W 1400119009 294417227  
2543 sdb 105120512 4096 W 1400119009 294417227  
2545 sdb 33583360 524288 W 1400119010  
2545 sdb 33583360 524288 W 1400119010  
2545 sdb 33584384 524288 W 1400119010  
2545 sdb 33584384 524288 W 1400119010  
2545 sdb 33585408 524288 W 1400119010  
2545 sdb 33585408 524288 W 1400119010  
2545 sdb 33586432 524288 W 1400119010  
2545 sdb 33586432 524288 W 1400119010  
297 sda1 9705464 4096 W 1400119010 -1967576673  
297 sda 9707512 4096 W 1400119010 -1967576673  
297 sda1 4482064 4096 W 1400119010 -73662902  
297 sda 4484112 4096 W 1400119010 -73662902  
297 sda1 4482072 4096 W 1400119010 1792712990  
297 sda 4484120 4096 W 1400119010 1792712990  
297 sda1 4482080 4096 W 1400119010 1209279475  
297 sda 4484128 4096 W 1400119010 1209279475  
297 sda1 4482088 4096 W 1400119010 -460819939  
297 sda 4484136 4096 W 1400119010 -460819939  
297 sda1 4482096 4096 W 1400119010 -1264929006  
297 sda 4484144 4096 W 1400119010 -1264929006  
297 sda1 4482104 4096 W 1400119010 1119586577  
297 sda 4484152 4096 W 1400119010 1119586577  
297 sda1 4482112 4096 W 1400119010 942106496  
297 sda 4484160 4096 W 1400119010 942106496  
297 sda1 4482120 4096 W 1400119010 -1590067484  
297 sda 4484168 4096 W 1400119010 -1590067484  
2545 sdb 33587456 524288 W 1400119012  
2545 sdb 33587456 524288 W 1400119012  
2545 sdb 33588480 524288 W 1400119012  
2545 sdb 33588480 524288 W 1400119012  
2545 sdb 33589504 524288 W 1400119012  
2545 sdb 33589504 524288 W 1400119012  
2545 sdb 33590528 524288 W 1400119012  
2545 sdb 33590528 524288 W 1400119012  
2545 sdb 33591552 524288 W 1400119013  
2545 sdb 33591552 524288 W 1400119013  
2545 sdb 33592576 524288 W 1400119013  
2545 sdb 33592576 524288 W 1400119013  
2545 sdb 33593600 524288 W 1400119013  
2545 sdb 33593600 524288 W 1400119013  
2545 sdb 33594624 524288 W 1400119013  
2545 sdb 33594624 524288 W 1400119013  
1507 sda1 4226264 4096 W 1400119013 -639606443  
1507 sda 4228312 4096 W 1400119013 -639606443  
1507 sda1 4232760 4096 W 1400119013 -777165517  
1507 sda 4234808 4096 W 1400119013 -777165517  
1507 sda1 4334368 4096 W 1400119013 54883504  
1507 sda 4336416 4096 W 1400119013 54883504  
1507 sda1 4376664 4096 W 1400119013 1483982532  
1507 sda 4378712 4096 W 1400119013 1483982532  
1507 sda1 8388648 4096 W 1400119013 942106496  
1507 sda 8390696 4096 W 1400119013 942106496  
1507 sda1 0 4096 W 1400119013 -808854987  
1507 sda 2048 4096 W 1400119013 -808854987  
1507 sda1 8 4096 W 1400119013 -460819939  
1507 sda 2056 4096 W 1400119013 -460819939  
1507 sda1 3592 4096 W 1400119013 -1733263222  
1507 sda 5640 4096 W 1400119013 -1733263222  
1507 sda1 3616 4096 W 1400119013 1209279475  
1507 sda 5664 4096 W 1400119013 1209279475  
1507 sda1 3648 4096 W 1400119013 1119586577  
1507 sda 5696 4096 W 1400119013 1119586577  
1507 sda1 3760 4096 W 1400119013 -1304664286  
1507 sda 5808 4096 W 1400119013 -1304664286  
1507 sda1 3848 4096 W 1400119013 1312256017  
1507 sda 5896 4096 W 1400119013 1312256017  
1507 sda1 22312 4096 W 1400119013 -741821210  
1507 sda 24360 4096 W 1400119013 -741821210  
1507 sda1 25512 4096 W 1400119013 -573424152  
1507 sda 27560 4096 W 1400119013 -573424152  
1507 sda1 25520 4096 W 1400119013 -1264929006  
1507 sda 27568 4096 W 1400119013 -1264929006  
1507 sda1 69464 4096 W 1400119013 -1305668137  
1507 sda 71512 4096 W 1400119013 -1305668137  
1507 sda1 74248 4096 W 1400119013 -807532893  
1507 sda 76296 4096 W 1400119013 -807532893  
1507 sda1 4194408 4096 W 1400119013 1947450987  
1507 sda 4196456 4096 W 1400119013 1947450987  
1507 sda1 4194488 4096 W 1400119013 1236220434  
1507 sda 4196536 4096 W 1400119013 1236220434  
1507 sda1 4217536 4096 W 1400119013 1909479874  
1507 sda 4219584 4096 W 1400119013 1909479874  
1507 sda1 4218520 4096 W 1400119013 -384421960  
1507 sda 4220568 4096 W 1400119013 -384421960  
1507 sda1 4221368 4096 W 1400119013 -1253928150  
1507 sda 4223416 4096 W 1400119013 -1253928150  
1507 sda1 4226232 4096 W 1400119013 1074270029  
1507 sda 4228280 4096 W 1400119013 1074270029  
1507 sda1 4226248 4096 W 1400119013 -339285885  
1507 sda 4228296 4096 W 1400119013 -339285885  
2545 sdb 33595648 524288 W 1400119014  
2545 sdb 33595648 524288 W 1400119014  
2545 sdb 33596672 524288 W 1400119014  
2545 sdb 33596672 524288 W 1400119014  
2545 sdb 33597696 524288 W 1400119014  
2545 sdb 33597696 524288 W 1400119014  
2545 sdb 33598720 524288 W 1400119014  
2545 sdb 33598720 524288 W 1400119014  
2543 sdb 105120520 4096 W 1400119015 -986478841  
2543 sdb 105120520 4096 W 1400119015 -986478841  
2543 sdb 105120528 4096 W 1400119015 -1921758729  
2543 sdb 105120528 4096 W 1400119015 -1921758729  
2543 sdb 105120536 4096 W 1400119015 623194629  
2543 sdb 105120536 4096 W 1400119015 623194629  
297 sda1 4482128 4096 W 1400119015 506722037  
297 sda 4484176 4096 W 1400119015 506722037  
297 sda1 4482136 4096 W 1400119015 -1352388697  
297 sda 4484184 4096 W 1400119015 -1352388697  
297 sda1 4482144 4096 W 1400119015 -1443172737  
297 sda 4484192 4096 W 1400119015 -1443172737  
2545 sdb 33599744 524288 W 1400119016  
2545 sdb 33599744 524288 W 1400119016  
2545 sdb 33600768 524288 W 1400119016  
2545 sdb 33600768 524288 W 1400119016  
2545 sdb 33601792 524288 W 1400119016  
2545 sdb 33601792 524288 W 1400119016  
2545 sdb 33602816 524288 W 1400119016  
2545 sdb 33602816 524288 W 1400119016  
2545 sdb 33603840 524288 W 1400119017  
2545 sdb 33603840 524288 W 1400119017  
2545 sdb 33604864 524288 W 1400119017  
2545 sdb 33604864 524288 W 1400119017  
2545 sdb 33605888 524288 W 1400119017  
2545 sdb 33605888 524288 W 1400119017  
2545 sdb 33606912 524288 W 1400119017  
2545 sdb 33606912 524288 W 1400119017  
2545 sdb 33607936 524288 W 1400119018  
2545 sdb 33607936 524288 W 1400119018  
2545 sdb 33608960 524288 W 1400119018  
2545 sdb 33608960 524288 W 1400119018  
2545 sdb 33609984 524288 W 1400119018  
2545 sdb 33609984 524288 W 1400119018  
2545 sdb 33611008 524288 W 1400119018  
2545 sdb 33611008 524288 W 1400119018  
2545 sdb 33612032 524288 W 1400119020  
2545 sdb 33612032 524288 W 1400119020  
2545 sdb 33613056 524288 W 1400119020  
2545 sdb 33613056 524288 W 1400119020  
2545 sdb 33614080 524288 W 1400119020  
2545 sdb 33614080 524288 W 1400119020  
2545 sdb 33615104 524288 W 1400119020  
2545 sdb 33615104 524288 W 1400119020  
2545 sdb 33616128 524288 W 1400119021  
2545 sdb 33616128 524288 W 1400119021  
2545 sdb 33617152 524288 W 1400119021  
2545 sdb 33617152 524288 W 1400119021  
2545 sdb 33618176 524288 W 1400119021  
2545 sdb 33618176 524288 W 1400119021  
2545 sdb 33619200 524288 W 1400119021  
2545 sdb 33619200 524288 W 1400119021  
297 sda1 4482152 4096 W 1400119021 -1412926382  
297 sda 4484200 4096 W 1400119021 -1412926382  
297 sda1 4482160 4096 W 1400119021 -129563264  
297 sda 4484208 4096 W 1400119021 -129563264  
297 sda1 4482168 4096 W 1400119021 1643047223  
297 sda 4484216 4096 W 1400119021 1643047223  
2543 sdb 105120544 4096 W 1400119021 -1173861119  
2543 sdb 105120544 4096 W 1400119021 -1173861119  
2543 sdb 105120552 4096 W 1400119021 -1272281297  
2543 sdb 105120552 4096 W 1400119021 -1272281297  
2543 sdb 105120560 4096 W 1400119021 324923392  
2543 sdb 105120560 4096 W 1400119021 324923392  
2545 sdb 37748992 524288 W 1400119022  
2545 sdb 37748992 524288 W 1400119022  
2545 sdb 37750016 524288 W 1400119022  
2545 sdb 37750016 524288 W 1400119022  
2545 sdb 37751040 524288 W 1400119022  
2545 sdb 37751040 524288 W 1400119022  
2545 sdb 37752064 524288 W 1400119022  
2545 sdb 37752064 524288 W 1400119022  
2545 sdb 37753088 524288 W 1400119024  
2545 sdb 37753088 524288 W 1400119024  
2545 sdb 37754112 524288 W 1400119024  
2545 sdb 37754112 524288 W 1400119024  
2545 sdb 37755136 524288 W 1400119024  
2545 sdb 37755136 524288 W 1400119024  
2545 sdb 37756160 524288 W 1400119024  
2545 sdb 37756160 524288 W 1400119024  
2545 sdb 37757184 524288 W 1400119025  
2545 sdb 37757184 524288 W 1400119025  
2545 sdb 37758208 524288 W 1400119025  
2545 sdb 37758208 524288 W 1400119025  
2545 sdb 37759232 524288 W 1400119025  
2545 sdb 37759232 524288 W 1400119025  
2545 sdb 37760256 524288 W 1400119025  
2545 sdb 37760256 524288 W 1400119025  
2545 sdb 37761280 524288 W 1400119026  
2545 sdb 37761280 524288 W 1400119026  
2545 sdb 37762304 524288 W 1400119026  
2545 sdb 37762304 524288 W 1400119026  
2545 sdb 37763328 524288 W 1400119026  
2545 sdb 37763328 524288 W 1400119026  
2545 sdb 37764352 524288 W 1400119026  
2545 sdb 37764352 524288 W 1400119026  
297 sda1 4482176 4096 W 1400119026 -722223532  
297 sda 4484224 4096 W 1400119026 -722223532  
297 sda1 4482184 4096 W 1400119026 -1324588566  
297 sda 4484232 4096 W 1400119026 -1324588566  
297 sda1 4482192 4096 W 1400119026 -956861790  
297 sda 4484240 4096 W 1400119026 -956861790  
2543 sdb 105120568 4096 W 1400119027 -493122060  
2543 sdb 105120568 4096 W 1400119027 -493122060  
2543 sdb 105120576 4096 W 1400119027 -606435744  
2543 sdb 105120576 4096 W 1400119027 -606435744  
2543 sdb 105120584 4096 W 1400119027 -1331143554  
2543 sdb 105120584 4096 W 1400119027 -1331143554  
2545 sdb 37765376 524288 W 1400119027  
2545 sdb 37765376 524288 W 1400119027  
2545 sdb 37766400 524288 W 1400119027  
2545 sdb 37766400 524288 W 1400119027  
2545 sdb 37767424 524288 W 1400119027  
2545 sdb 37767424 524288 W 1400119027  
2545 sdb 37768448 524288 W 1400119027  
2545 sdb 37768448 524288 W 1400119027  
2545 sdb 37769472 524288 W 1400119029  
2545 sdb 37769472 524288 W 1400119029  
2545 sdb 37770496 524288 W 1400119029  
2545 sdb 37770496 524288 W 1400119029  
2545 sdb 37771520 524288 W 1400119029  
2545 sdb 37771520 524288 W 1400119029  
2545 sdb 37772544 524288 W 1400119029  
2545 sdb 37772544 524288 W 1400119029  
2545 sdb 37773568 524288 W 1400119030  
2545 sdb 37773568 524288 W 1400119030  
2545 sdb 37774592 524288 W 1400119030  
2545 sdb 37774592 524288 W 1400119030  
2545 sdb 37775616 524288 W 1400119030  
2545 sdb 37775616 524288 W 1400119030  
2545 sdb 37776640 524288 W 1400119030  
2545 sdb 37776640 524288 W 1400119030  
2545 sdb 37777664 524288 W 1400119031  
2545 sdb 37777664 524288 W 1400119031  
2545 sdb 37778688 524288 W 1400119031  
2545 sdb 37778688 524288 W 1400119031  
2545 sdb 37779712 524288 W 1400119031  
2545 sdb 37779712 524288 W 1400119031  
2545 sdb 37780736 524288 W 1400119031  
2545 sdb 37780736 524288 W 1400119031  
297 sda1 4482200 4096 W 1400119031 1287632331  
297 sda 4484248 4096 W 1400119031 1287632331  
297 sda1 4482208 4096 W 1400119031 605906492  
297 sda 4484256 4096 W 1400119031 605906492  
297 sda1 4482216 4096 W 1400119032 -340502702  
297 sda 4484264 4096 W 1400119032 -340502702  
2545 sdb 37781760 524288 W 1400119033  
2545 sdb 37781760 524288 W 1400119033  
2545 sdb 37782784 524288 W 1400119033  
2545 sdb 37782784 524288 W 1400119033  
2545 sdb 37783808 524288 W 1400119033  
2545 sdb 37783808 524288 W 1400119033  
2545 sdb 37784832 524288 W 1400119033  
2545 sdb 37784832 524288 W 1400119033  
2543 sdb 105120592 4096 W 1400119033 -1650440206  
2543 sdb 105120592 4096 W 1400119033 -1650440206  
2543 sdb 105120600 4096 W 1400119033 -110177878  
2543 sdb 105120600 4096 W 1400119033 -110177878  
2543 sdb 105120608 4096 W 1400119033 1092280900  
2543 sdb 105120608 4096 W 1400119033 1092280900  
2545 sdb 37785856 524288 W 1400119034  
2545 sdb 37785856 524288 W 1400119034  
2545 sdb 37786880 524288 W 1400119034  
2545 sdb 37786880 524288 W 1400119034  
2545 sdb 37787904 524288 W 1400119034  
2545 sdb 37787904 524288 W 1400119034  
2545 sdb 37788928 524288 W 1400119034  
2545 sdb 37788928 524288 W 1400119034  
