3446 sda1 8658728 20480 R 1400289002047225571  
3446 sda 8660776 20480 R 1400289002047235123  
3446 sda1 8658776 16384 R 1400289002047244022  
3446 sda 8660824 16384 R 1400289002047246370  
3446 sdb 8208 4096 R 1400289002060305321 22945320  
3446 sdb 8208 4096 R 1400289002060329730 22945320  
3446 sdb 8200 4096 R 1400289002095631086 1835908014  
3446 sdb 8200 4096 R 1400289002095678628 1835908014  
bcache: 3446 1400289002105444595 -839054106  4096 
bcache: 3446 1400289002106258754 -1081319908  4096 
bcache: 3446 1400289002107236181 459974430  4096 
bcache: 3446 1400289002107939010 81863983  4096 
bcache: 3446 1400289002108629131 -1976088100  4096 
bcache: 3446 1400289002109332339 868755968  4096 
bcache: 3446 1400289002110023703 -1995600781  4096 
bcache: 3446 1400289002112478075 1438341541  4096 
bcache: 3446 1400289002113178781 -1613279443  4096 
bcache: 3446 1400289002113869271 1045511683  4096 
bcache: 3446 1400289002114559422 -1408079141  4096 
bcache: 3446 1400289002115305922 303113648  4096 
bcache: 3446 1400289002116042524 1506341599  4096 
bcache: 3446 1400289002116785494 1522845966  4096 
bcache: 3446 1400289002117478864 -1761867847  4096 
bcache: 3446 1400289002118192687 54416824  4096 
bcache: 3446 1400289002119081867 612647281  4096 
bcache: 3446 1400289002119750367 560718180  4096 
bcache: 3446 1400289002120051167 -1563205938  4096 
bcache: 3446 1400289002120361846 1477065717  4096 
bcache: 3446 1400289002120640058 964676939  4096 
bcache: 3446 1400289002120903180 1014959000  4096 
bcache: 3446 1400289002121233577 499232115  4096 
bcache: 3446 1400289002121494632 660479036  4096 
bcache: 3446 1400289002121754510 1313385250  4096 
bcache: 3446 1400289002122013542 154993602  4096 
bcache: 3446 1400289002122272275 -823640110  4096 
bcache: 3446 1400289002122531058 -581067868  4096 
bcache: 3446 1400289002122798893 673269765  4096 
bcache: 3446 1400289002123059662 -240199869  4096 
bcache: 3446 1400289002123335701 1451778028  4096 
bcache: 3446 1400289002123609306 1521922496  4096 
bcache: 3446 1400289002123869818 -1208385205  4096 
bcache: 3446 1400289002124128622 -2007631051  4096 
bcache: 3446 1400289002124387404 -132234972  4096 
bcache: 3446 1400289002124646120 -214642756  4096 
bcache: 3446 1400289002124904222 1379245415  4096 
bcache: 3446 1400289002125162313 -45727380  4096 
bcache: 3446 1400289002125421032 1555787009  4096 
bcache: 3446 1400289002125684278 1011150704  4096 
bcache: 3446 1400289002125943178 1323297061  4096 
bcache: 3446 1400289002126254207 -652998374  4096 
bcache: 3446 1400289002126531944 -1565191569  4096 
bcache: 3446 1400289002126901617 -710745921  4096 
bcache: 3446 1400289002127186685 1966531077  4096 
bcache: 3446 1400289002127487654 -716035086  4096 
bcache: 3446 1400289002127774423 -1203846429  4096 
bcache: 3446 1400289002128035748 1132047098  4096 
bcache: 3446 1400289002128315535 -1225102851  4096 
bcache: 3446 1400289002128596967 -123544246  4096 
222 sda1 145056 4096 W 1400289004694945475 -1234571627  
222 sda 147104 4096 W 1400289004694992601 -1234571627  
222 sda1 6632944 4096 W 1400289004695126627 1309113016  
222 sda 6634992 4096 W 1400289004695207614 1309113016  
222 sda1 6674056 4096 W 1400289004695699140 -558472828  
222 sda 6676104 4096 W 1400289004695739124 -558472828  
222 sda1 6674048 4096 W 1400289004695834505 1077900459  
222 sda 6676096 4096 W 1400289004695874563 1077900459  
222 sda1 4507272 4096 W 1400289004696032278 1648763970  
222 sda 4509320 4096 W 1400289004696066585 1648763970  
222 sda1 4507280 4096 W 1400289004696101854 1249841925  
222 sda 4509328 4096 W 1400289004696134248 1249841925  
222 sda1 4507288 4096 W 1400289004696168991 -1637560244  
222 sda 4509336 4096 W 1400289004696201373 -1637560244  
222 sda1 4507296 4096 W 1400289004696234775 725425683  
222 sda 4509344 4096 W 1400289004696267064 725425683  
222 sda1 4507304 4096 W 1400289004696300164 -1674380909  
222 sda 4509352 4096 W 1400289004696332382 -1674380909  
222 sda1 4507312 4096 W 1400289004696365432 -1088413730  
222 sda 4509360 4096 W 1400289004696397580 -1088413730  
222 sda1 4507320 4096 W 1400289004696430784 1106137922  
222 sda 4509368 4096 W 1400289004696463629 1106137922  
222 sda1 4507328 4096 W 1400289004696496576 2114487013  
222 sda 4509376 4096 W 1400289004696528740 2114487013  
222 sda1 4507336 4096 W 1400289004696561579 -1558767361  
222 sda 4509384 4096 W 1400289004696593868 -1558767361  
222 sda1 4507344 4096 W 1400289004696627129 -27146523  
222 sda 4509392 4096 W 1400289004696659411 -27146523  
222 sda1 4507352 4096 W 1400289004696692424 -1529359534  
222 sda 4509400 4096 W 1400289004696724726 -1529359534  
222 sda1 4507360 4096 W 1400289004696757776 -1085397825  
222 sda 4509408 4096 W 1400289004696789947 -1085397825  
222 sda1 4507368 4096 W 1400289004696822934 -472422966  
222 sda 4509416 4096 W 1400289004696855206 -472422966  
222 sda1 4507376 4096 W 1400289004696888427 317486575  
222 sda 4509424 4096 W 1400289004696920729 317486575  
222 sda1 4507384 4096 W 1400289004696953644 -1022089868  
222 sda 4509432 4096 W 1400289004696985872 -1022089868  
222 sda1 4507392 4096 W 1400289004697018956 -1555243986  
222 sda 4509440 4096 W 1400289004697051108 -1555243986  
222 sda1 4507400 4096 W 1400289004697084486 101771124  
222 sda 4509448 4096 W 1400289004697116798 101771124  
222 sda1 4507408 4096 W 1400289004697149895 -1839457936  
222 sda 4509456 4096 W 1400289004697182093 -1839457936  
222 sda1 4507416 4096 W 1400289004697215193 -300902857  
222 sda 4509464 4096 W 1400289004697247482 -300902857  
222 sda1 4507424 4096 W 1400289004697280606 1717291831  
222 sda 4509472 4096 W 1400289004697312881 1717291831  
222 sda1 4507432 4096 W 1400289004697345985 -1228048721  
222 sda 4509480 4096 W 1400289004697378210 -1228048721  
222 sda1 4507440 4096 W 1400289004697411038 -1365132817  
222 sda 4509488 4096 W 1400289004697443206 -1365132817  
222 sda1 4507448 4096 W 1400289004697476065 -1751204168  
222 sda 4509496 4096 W 1400289004697508250 -1751204168  
222 sda1 4507456 4096 W 1400289004697541253 1862799145  
222 sda 4509504 4096 W 1400289004697573478 1862799145  
222 sda1 4507464 4096 W 1400289004697606464 -665285238  
222 sda 4509512 4096 W 1400289004697638726 -665285238  
222 sda1 4507472 4096 W 1400289004697671649 1109238749  
222 sda 4509520 4096 W 1400289004697703877 1109238749  
222 sda1 4507480 4096 W 1400289004697736645 818169855  
222 sda 4509528 4096 W 1400289004697768880 818169855  
222 sda1 4507488 4096 W 1400289004697801830 -325019764  
222 sda 4509536 4096 W 1400289004697834085 -325019764  
222 sda1 4507496 4096 W 1400289004697867199 -1972625696  
222 sda 4509544 4096 W 1400289004697899561 -1972625696  
222 sda1 4507504 4096 W 1400289004697933154 -1975286335  
222 sda 4509552 4096 W 1400289004697965409 -1975286335  
222 sda1 4507512 4096 W 1400289004697998422 1315559846  
222 sda 4509560 4096 W 1400289004698030701 1315559846  
222 sda1 4507520 4096 W 1400289004710386386 -1507180946  
222 sda 4509568 4096 W 1400289004710430487 -1507180946  
3263 sdb 98720 4096 W 1400289007702947939 -839054106  
3263 sdb 98720 4096 W 1400289007702996694 -839054106  
3263 sdb 98728 4096 W 1400289007703041033 -1081319908  
3263 sdb 98728 4096 W 1400289007703074026 -1081319908  
3263 sdb 98736 4096 W 1400289007703109853 459974430  
3263 sdb 98736 4096 W 1400289007703142295 459974430  
3263 sdb 98744 4096 W 1400289007703175838 81863983  
3263 sdb 98744 4096 W 1400289007703208191 81863983  
3263 sdb 98752 4096 W 1400289007703241462 -1976088100  
3263 sdb 98752 4096 W 1400289007703273841 -1976088100  
3263 sdb 98760 4096 W 1400289007703306918 868755968  
3263 sdb 98760 4096 W 1400289007703339234 868755968  
3263 sdb 98768 4096 W 1400289007703372370 -1995600781  
3263 sdb 98768 4096 W 1400289007703408683 -1995600781  
3263 sdb 98776 4096 W 1400289007703448271 1438341541  
3263 sdb 98776 4096 W 1400289007703486581 1438341541  
3263 sdb 98784 4096 W 1400289007703525707 -1613279443  
3263 sdb 98784 4096 W 1400289007703560071 -1613279443  
3263 sdb 98792 4096 W 1400289007703594667 1045511683  
3263 sdb 98792 4096 W 1400289007703630037 1045511683  
3263 sdb 98800 4096 W 1400289007703671050 -1408079141  
3263 sdb 98800 4096 W 1400289007703709394 -1408079141  
3263 sdb 98808 4096 W 1400289007703745120 303113648  
3263 sdb 98808 4096 W 1400289007703781157 303113648  
3263 sdb 98824 4096 W 1400289007703821885 1506341599  
3263 sdb 98824 4096 W 1400289007703859807 1506341599  
3263 sdb 98832 4096 W 1400289007703898218 1522845966  
3263 sdb 98832 4096 W 1400289007703936170 1522845966  
3263 sdb 98840 4096 W 1400289007703972291 -1761867847  
3263 sdb 98840 4096 W 1400289007704005264 -1761867847  
3263 sdb 98848 4096 W 1400289007704041016 54416824  
3263 sdb 98848 4096 W 1400289007704079032 54416824  
3263 sdb 98856 4096 W 1400289007704114630 612647281  
3263 sdb 98856 4096 W 1400289007704147200 612647281  
3263 sdb 98864 4096 W 1400289007704180428 560718180  
3263 sdb 98864 4096 W 1400289007704212676 560718180  
3263 sdb 98872 4096 W 1400289007704245706 -1563205938  
3263 sdb 98872 4096 W 1400289007704283997 -1563205938  
3263 sdb 98880 4096 W 1400289007704322629 1477065717  
3263 sdb 98880 4096 W 1400289007704359967 1477065717  
3263 sdb 98888 4096 W 1400289007704397215 964676939  
3263 sdb 98888 4096 W 1400289007704430114 964676939  
3263 sdb 98896 4096 W 1400289007704464160 1014959000  
3263 sdb 98896 4096 W 1400289007704496529 1014959000  
3263 sdb 98904 4096 W 1400289007704529545 499232115  
3263 sdb 98904 4096 W 1400289007704561737 499232115  
3263 sdb 98912 4096 W 1400289007704596614 660479036  
3263 sdb 98912 4096 W 1400289007704634979 660479036  
3263 sdb 98920 4096 W 1400289007704674463 1313385250  
3263 sdb 98920 4096 W 1400289007704708998 1313385250  
3263 sdb 98928 4096 W 1400289007704743587 154993602  
3263 sdb 98928 4096 W 1400289007704776100 154993602  
3263 sdb 98936 4096 W 1400289007704809972 -823640110  
3263 sdb 98936 4096 W 1400289007704842445 -823640110  
3263 sdb 98944 4096 W 1400289007704876041 -581067868  
3263 sdb 98944 4096 W 1400289007704908363 -581067868  
3263 sdb 98952 4096 W 1400289007704941447 673269765  
3263 sdb 98952 4096 W 1400289007704973679 673269765  
3263 sdb 98960 4096 W 1400289007705006758 -240199869  
3263 sdb 98960 4096 W 1400289007705038961 -240199869  
3263 sdb 98968 4096 W 1400289007705071997 1451778028  
3263 sdb 98968 4096 W 1400289007705104289 1451778028  
3263 sdb 98976 4096 W 1400289007705137382 1521922496  
3263 sdb 98976 4096 W 1400289007705169514 1521922496  
3263 sdb 98984 4096 W 1400289007705203563 -1208385205  
3263 sdb 98984 4096 W 1400289007705235902 -1208385205  
3263 sdb 98992 4096 W 1400289007705269622 -2007631051  
3263 sdb 98992 4096 W 1400289007705301971 -2007631051  
3263 sdb 99000 4096 W 1400289007705335098 -132234972  
3263 sdb 99000 4096 W 1400289007705367296 -132234972  
3263 sdb 99008 4096 W 1400289007705400346 -214642756  
3263 sdb 99008 4096 W 1400289007705432558 -214642756  
3263 sdb 99016 4096 W 1400289007705465544 1379245415  
3263 sdb 99016 4096 W 1400289007705497776 1379245415  
3263 sdb 99024 4096 W 1400289007705530789 -45727380  
3263 sdb 99024 4096 W 1400289007705563108 -45727380  
3263 sdb 99032 4096 W 1400289007705596128 1555787009  
3263 sdb 99032 4096 W 1400289007705628302 1555787009  
3263 sdb 99040 4096 W 1400289007705661158 1011150704  
3263 sdb 99040 4096 W 1400289007705693413 1011150704  
3263 sdb 99048 4096 W 1400289007705726389 1323297061  
3263 sdb 99048 4096 W 1400289007705758594 1323297061  
3263 sdb 99056 4096 W 1400289007705791651 -652998374  
3263 sdb 99056 4096 W 1400289007705823822 -652998374  
3263 sdb 99064 4096 W 1400289007705857210 -1565191569  
3263 sdb 99064 4096 W 1400289007705889486 -1565191569  
3263 sdb 99072 4096 W 1400289007705922476 -710745921  
3263 sdb 99072 4096 W 1400289007705954667 -710745921  
3263 sdb 99080 4096 W 1400289007705987489 1966531077  
3263 sdb 99080 4096 W 1400289007706019690 1966531077  
3263 sdb 99088 4096 W 1400289007706052516 -716035086  
3263 sdb 99088 4096 W 1400289007706084637 -716035086  
3263 sdb 99096 4096 W 1400289007706117596 -1203846429  
3263 sdb 99096 4096 W 1400289007706149868 -1203846429  
3263 sdb 99104 4096 W 1400289007706183183 1132047098  
3263 sdb 99104 4096 W 1400289007706215338 1132047098  
3263 sdb 99112 4096 W 1400289007706248743 -1225102851  
3263 sdb 99112 4096 W 1400289007706281062 -1225102851  
3263 sdb 99120 4096 W 1400289007706314611 -123544246  
3263 sdb 99120 4096 W 1400289007706346860 -123544246  
3263 sdb 20713520 4096 W 1400289007707446096 1656146696  
3263 sdb 20713520 4096 W 1400289007707484788 1656146696  
3263 sdb 20713528 4096 W 1400289007707523162 -876047828  
3263 sdb 20713528 4096 W 1400289007707555857 -876047828  
3263 sdb 20713536 4096 W 1400289007707589732 -1473427988  
3263 sdb 20713536 4096 W 1400289007707622339 -1473427988  
3263 sdb 20713544 4096 W 1400289007707655577 766320650  
3263 sdb 20713544 4096 W 1400289007707688063 766320650  
3263 sdb 20713552 4096 W 1400289007707721254 -1566131650  
3263 sdb 20713552 4096 W 1400289007707753775 -1566131650  
3263 sdb 20713560 4096 W 1400289007707786854 1843276178  
3263 sdb 20713560 4096 W 1400289007707819341 1843276178  
3263 sdb 20713568 4096 W 1400289007707852287 276383488  
3263 sdb 20713568 4096 W 1400289007707884770 276383488  
3263 sdb 20713576 4096 W 1400289007707917950 1272341228  
3263 sdb 20713576 4096 W 1400289007707950390 1272341228  
3263 sdb 20713584 4096 R 1400289007708347123 302693614  
3263 sdb 20713584 4096 R 1400289007708383472 302693614  
3263 sdb 20713592 4096 W 1400289007744881110 1782702366  
3263 sdb 20713592 4096 W 1400289007744926662 1782702366  
222 sda1 4507528 4096 W 1400289010694960990 -1718747689  
222 sda 4509576 4096 W 1400289010695008571 -1718747689  
222 sda1 4507536 4096 W 1400289010695053913 1631617763  
222 sda 4509584 4096 W 1400289010695090276 1631617763  
222 sda1 4507544 4096 W 1400289010696007479 1800569726  
222 sda 4509592 4096 W 1400289010696055010 1800569726  
2845 sda1 0 4096 W 1400289013714860347 -1674380909  
2845 sda 2048 4096 W 1400289013714906587 -1674380909  
2845 sda1 8 4096 W 1400289013714953306 -1637560244  
2845 sda 2056 4096 W 1400289013714986360 -1637560244  
2845 sda1 4194304 4096 W 1400289013715044469 -1529359534  
2845 sda 4196352 4096 W 1400289013715079749 -1529359534  
2845 sda1 4194320 4096 W 1400289013715118771 818169855  
2845 sda 4196368 4096 W 1400289013715151640 818169855  
2845 sda1 4194376 4096 W 1400289013715187023 1249841925  
2845 sda 4196424 4096 W 1400289013715219754 1249841925  
2845 sda1 4194472 4096 W 1400289013715255372 -1  
2845 sda 4196520 4096 W 1400289013715287879 -1  
2845 sda1 4194480 4096 W 1400289013715323149 -1558767361  
2845 sda 4196528 4096 W 1400289013715355806 -1558767361  
2845 sda1 4195992 4096 W 1400289013715391066 -1975286335  
2845 sda 4198040 4096 W 1400289013715423415 -1975286335  
2845 sda1 4216672 4096 W 1400289013715459493 -325019764  
2845 sda 4218720 4096 W 1400289013715491972 -325019764  
2845 sda1 4217520 4096 W 1400289013715527373 530707590  
2845 sda 4219568 4096 W 1400289013715559883 530707590  
2845 sda1 4217528 4096 W 1400289013715594924 -665285238  
2845 sda 4219576 4096 W 1400289013715627424 -665285238  
2845 sda1 4218032 4096 W 1400289013715662195 -472422966  
2845 sda 4220080 4096 W 1400289013715694459 -472422966  
2845 sda1 4219080 4096 W 1400289013715729780 -1088413730  
2845 sda 4221128 4096 W 1400289013715762222 -1088413730  
2845 sda1 4219088 4096 W 1400289013715797700 1315559846  
2845 sda 4221136 4096 W 1400289013715830032 1315559846  
2845 sda1 4323720 4096 W 1400289013715886747 1246582609  
2845 sda 4325768 4096 W 1400289013715919260 1246582609  
2845 sda1 4323744 4096 W 1400289013715954866 -1085397825  
2845 sda 4325792 4096 W 1400289013715987406 -1085397825  
2845 sda1 4324952 4096 W 1400289013716024737 1109238749  
2845 sda 4327000 4096 W 1400289013716057066 1109238749  
2845 sda1 4326080 4096 W 1400289013716092547 317486575  
2845 sda 4328128 4096 W 1400289013716125094 317486575  
2845 sda1 4326288 4096 W 1400289013716161872 -1972625696  
2845 sda 4328336 4096 W 1400289013716194258 -1972625696  
2845 sda1 8388608 4096 W 1400289013716229997 120124690  
2845 sda 8390656 4096 W 1400289013716262434 120124690  
2845 sda1 8388784 4096 W 1400289013716298032 -1022089868  
2845 sda 8390832 4096 W 1400289013716330387 -1022089868  
2845 sda1 8388864 4096 W 1400289013717723871 101771124  
2845 sda 8390912 4096 W 1400289013717760233 101771124  
2845 sda1 8414656 4096 W 1400289013717797226 1106137922  
2845 sda 8416704 4096 W 1400289013717829722 1106137922  
2845 sda1 8414664 4096 W 1400289013717865283 2114487013  
2845 sda 8416712 4096 W 1400289013717897646 2114487013  
2845 sda1 8417480 4096 W 1400289013717932470 -1026013283  
2845 sda 8419528 4096 W 1400289013717964815 -1026013283  
2845 sda1 8417488 4096 W 1400289013718000501 725425683  
2845 sda 8419536 4096 W 1400289013718032873 725425683  
2845 sda1 8417496 4096 W 1400289013718067711 -300902857  
2845 sda 8419544 4096 W 1400289013718099965 -300902857  
2845 sda1 8454448 4096 W 1400289013718146984 -1839457936  
2845 sda 8456496 4096 W 1400289013718179688 -1839457936  
2845 sda1 8517976 4096 W 1400289013718215122 -1555243986  
2845 sda 8520024 4096 W 1400289013718247609 -1555243986  
2845 sda1 12582912 4096 W 1400289013718282834 -1365132817  
2845 sda 12584960 4096 W 1400289013718315522 -1365132817  
2845 sda1 12583056 4096 W 1400289013718350725 1717291831  
2845 sda 12585104 4096 W 1400289013718383165 1717291831  
2845 sda1 12595384 4096 W 1400289013718418766 -1228048721  
2845 sda 12597432 4096 W 1400289013718451162 -1228048721  
2845 sda1 12595392 4096 W 1400289013718486334 1862799145  
2845 sda 12597440 4096 W 1400289013718518734 1862799145  
2845 sda1 12661928 4096 W 1400289013718553139 -1751204168  
2845 sda 12663976 4096 W 1400289013718585390 -1751204168  
222 sda1 4507552 4096 W 1400289016694966769 -1054982878  
222 sda 4509600 4096 W 1400289016695013054 -1054982878  
222 sda1 4507560 4096 W 1400289016695057115 -1030184417  
222 sda 4509608 4096 W 1400289016695090396 -1030184417  
222 sda1 4507568 4096 W 1400289016695661012 -1607594847  
222 sda 4509616 4096 W 1400289016695701488 -1607594847  
222 sda1 4507576 4096 W 1400289022694963544 -1104808156  
222 sda 4509624 4096 W 1400289022695010823 -1104808156  
222 sda1 4507584 4096 W 1400289022695055984 1497113228  
222 sda 4509632 4096 W 1400289022695089691 1497113228  
222 sda1 4507592 4096 W 1400289022695675237 -1872622123  
222 sda 4509640 4096 W 1400289022695717062 -1872622123  
2845 sda1 6674624 4096 W 1400289023718920912 1140367341  
2845 sda 6676672 4096 W 1400289023718968121 1140367341  
1591 sda1 6208328 20480 R 1400289025837125996  
1591 sda 6210376 20480 R 1400289025837144316  
1591 sda1 6208376 20480 R 1400289025837160779  
1591 sda 6210424 20480 R 1400289025837165852  
1591 sda1 6208424 4096 R 1400289025837173031  
1591 sda 6210472 4096 R 1400289025837177866  
1591 sda1 6208440 4096 R 1400289025837185614  
1591 sda 6210488 4096 R 1400289025837189960  
1591 sda1 6208456 32768 R 1400289025837200645  
1591 sda 6210504 32768 R 1400289025837205186  
222 sda1 4507600 4096 W 1400289028694999680 1797444651  
222 sda 4509648 4096 W 1400289028695061947 1797444651  
222 sda1 4507608 4096 W 1400289028695123769 -1413521375  
222 sda 4509656 4096 W 1400289028695169600 -1413521375  
222 sda1 4507616 4096 W 1400289028695213034 563300630  
222 sda 4509664 4096 W 1400289028695247160 563300630  
222 sda1 4507624 4096 W 1400289028695281407 2018146573  
222 sda 4509672 4096 W 1400289028695314148 2018146573  
222 sda1 4507632 4096 W 1400289028695347869 1162156839  
222 sda 4509680 4096 W 1400289028695380459 1162156839  
222 sda1 4507640 4096 W 1400289028695414307 1801077609  
222 sda 4509688 4096 W 1400289028695446465 1801077609  
222 sda1 4507648 4096 W 1400289028696073203 940577008  
222 sda 4509696 4096 W 1400289028696115397 940577008  
2845 sda1 6138296 20480 W 1400289033719033677 495832807 -800760842 -1559407635 365790036 -2144093756  
2845 sda 6140344 20480 W 1400289033719192298 495832807 -800760842 -1559407635 365790036 -2144093756  
2845 sda1 8388640 4096 R 1400289033719345219 -239446329  
2845 sda 8390688 4096 R 1400289033719381118 -239446329  
2845 sda1 9546848 102400 W 1400289033735960974 1736876276 415933401 -1537603667 -1239096702 1752029486 -300512040 -904198973 1045977163 1832839675 -184344336 1814988276 1004977070 1102771909 -1750383625 1003216352 1321680701 1179157475 798823110 79160091 -26135663 -1706309191 -1714781352 -1349784983 414883613 1180733610  
2845 sda 9548896 102400 W 1400289033736694656 1736876276 415933401 -1537603667 -1239096702 1752029486 -300512040 -904198973 1045977163 1832839675 -184344336 1814988276 1004977070 1102771909 -1750383625 1003216352 1321680701 1179157475 798823110 79160091 -26135663 -1706309191 -1714781352 -1349784983 414883613 1180733610  
222 sda1 4507656 4096 W 1400289033736805029 828702292  
222 sda 4509704 4096 W 1400289033736842357 828702292  
222 sda1 4507664 4096 W 1400289033736879682 964217253  
222 sda 4509712 4096 W 1400289033736912896 964217253  
222 sda1 4507672 4096 W 1400289033736949229 -1111734165  
222 sda 4509720 4096 W 1400289033736982207 -1111734165  
222 sda1 4507680 4096 W 1400289033737015962 1220291047  
222 sda 4509728 4096 W 1400289033737048720 1220291047  
222 sda1 4507688 4096 W 1400289033737083134 -1438684059  
222 sda 4509736 4096 W 1400289033737115504 -1438684059  
222 sda1 4507696 4096 W 1400289033737148832 -218757698  
222 sda 4509744 4096 W 1400289033737181147 -218757698  
222 sda1 4507704 4096 W 1400289033737894805 -156225823  
222 sda 4509752 4096 W 1400289033737934393 -156225823  
2845 sda1 6674632 4096 W 1400289033738031326 -44511248  
2845 sda 6676680 4096 W 1400289033738065530 -44511248  
2845 sda1 6717440 524288 W 1400289033742815189 792795603 1979807387 -1904375686 304138900 -998389149 1832918330 -620044023 -831316379 -1109828101 843635248 532501295 1733760800 637769846 394473879 1132097867 -261181160 -373615879 1326421097 1261203252 -228442382 -2138846353 954855411 -2026435966 -1353815831 -1365034838 1815874341 2111528341 1003568881 -1242027642 1501145468 -1534855310 714582466 -343485599 391607776 -981162361 -1387665411 1085410808 -183596059 1081791607 1109150734 -1160623646 2044210782 -214778518 860026011 1589121907 1016882839 -1372 
2845 sda 6719488 524288 W 1400289033746610268 792795603 1979807387 -1904375686 304138900 -998389149 1832918330 -620044023 -831316379 -1109828101 843635248 532501295 1733760800 637769846 394473879 1132097867 -261181160 -373615879 1326421097 1261203252 -228442382 -2138846353 954855411 -2026435966 -1353815831 -1365034838 1815874341 2111528341 1003568881 -1242027642 1501145468 -1534855310 714582466 -343485599 391607776 -981162361 -1387665411 1085410808 -183596059 1081791607 1109150734 -1160623646 2044210782 -214778518 860026011 1589121907 1016882839 -1372 
2845 sda1 6718464 524288 W 1400289033750519528 2040755376 1846886671 -1578621578 197798178 -1349460854 1566526100 -767810758 -1715467286 741191747 -1701384403 1110263968 598901489 -1976955698 2020068544 1081933858 909030504 -364573417 -161261080 -693646011 1967012662 1842479179 1178342494 1406771717 -348266931 2015119610 -1156691508 12937549 1533616859 -1103261494 -1588223131 -710617051 -2047623521 -1897066021 -517611381 -1303669762 219440757 1494718683 -1096119896 1680645935 1423429736 1525619879 -1540516557 2098301101 2015291793 685665816 -1127220619 
2845 sda 6720512 524288 W 1400289033752630040 2040755376 1846886671 -1578621578 197798178 -1349460854 1566526100 -767810758 -1715467286 741191747 -1701384403 1110263968 598901489 -1976955698 2020068544 1081933858 909030504 -364573417 -161261080 -693646011 1967012662 1842479179 1178342494 1406771717 -348266931 2015119610 -1156691508 12937549 1533616859 -1103261494 -1588223131 -710617051 -2047623521 -1897066021 -517611381 -1303669762 219440757 1494718683 -1096119896 1680645935 1423429736 1525619879 -1540516557 2098301101 2015291793 685665816 -1127220619 
2845 sda1 6719488 524288 W 1400289033754089370 -206417432 813907968 763455025 -520951692 2032555464 436941564 -1423956446 1122119286 1918537601 -339200931 749501427 129172533 -1363325004 -1709593847 1036309290 -921896863 1251191142 2045672850 -747564700 -1098233124 -1443289456 2004862570 -1363181795 -1575070872 -1075259557 -889847930 -1751857867 1157333033 172103856 502686209 1138781937 -974313883 -1922530999 1469991783 485300150 1213619440 -1286418048 201280380 -1316126774 -892779937 -791253169 -1832887598 -54699948 1878228248 -1601815640 -1969904337  
2845 sda 6721536 524288 W 1400289033756132134 -206417432 813907968 763455025 -520951692 2032555464 436941564 -1423956446 1122119286 1918537601 -339200931 749501427 129172533 -1363325004 -1709593847 1036309290 -921896863 1251191142 2045672850 -747564700 -1098233124 -1443289456 2004862570 -1363181795 -1575070872 -1075259557 -889847930 -1751857867 1157333033 172103856 502686209 1138781937 -974313883 -1922530999 1469991783 485300150 1213619440 -1286418048 201280380 -1316126774 -892779937 -791253169 -1832887598 -54699948 1878228248 -1601815640 -1969904337  
2845 sda1 6720512 524288 W 1400289033757349631 -171599188 1926002725 -287308448 -920909220 -1104146128 -488426397 -591638578 -1955530920 -877312817 -884075207 -1974298718 1932283732 1704825773 730418975 -1871890397 1280259619 708328414 -691117840 912582312 344336901 279949316 -1330015998 92078302 564702065 1995960317 -1850141304 -2094555271 -1746440907 905544236 -316068623 988379002 473541014 -1189547386 -451558084 1172980881 170498512 1532603247 -934224824 -1660801092 -1504590240 2006700923 1756253385 -513153573 -925032587 1566850709 1398975092 961473 
2845 sda 6722560 524288 W 1400289033758851266 -171599188 1926002725 -287308448 -920909220 -1104146128 -488426397 -591638578 -1955530920 -877312817 -884075207 -1974298718 1932283732 1704825773 730418975 -1871890397 1280259619 708328414 -691117840 912582312 344336901 279949316 -1330015998 92078302 564702065 1995960317 -1850141304 -2094555271 -1746440907 905544236 -316068623 988379002 473541014 -1189547386 -451558084 1172980881 170498512 1532603247 -934224824 -1660801092 -1504590240 2006700923 1756253385 -513153573 -925032587 1566850709 1398975092 961473 
2845 sda1 6721536 524288 W 1400289033760423634 -1449310578 911549968 -1198024600 -1367446921 1661913015 382823543 -1565443751 -1966632232 -2024270686 1308749428 1667749290 1431415020 -1611007412 -2051373039 1936551795 781696042 1709986184 1864632901 1329144745 697437156 -1662971355 -1842219090 1480481738 1876764267 2108948 -1422954492 2023761521 -1183983435 1949133673 1683838547 -860749737 79701623 -667849956 -1250671991 -428040160 1660681683 838831648 -2126473221 -412310785 -1441030800 -1695449246 -1132461206 -1485583637 -1431008953 -139174783 2136867 
2845 sda 6723584 524288 W 1400289033761840916 -1449310578 911549968 -1198024600 -1367446921 1661913015 382823543 -1565443751 -1966632232 -2024270686 1308749428 1667749290 1431415020 -1611007412 -2051373039 1936551795 781696042 1709986184 1864632901 1329144745 697437156 -1662971355 -1842219090 1480481738 1876764267 2108948 -1422954492 2023761521 -1183983435 1949133673 1683838547 -860749737 79701623 -667849956 -1250671991 -428040160 1660681683 838831648 -2126473221 -412310785 -1441030800 -1695449246 -1132461206 -1485583637 -1431008953 -139174783 2136867 
2845 sda1 6722560 524288 W 1400289033763292676 -1473246926 172710458 -1494981187 -1626745748 -70660808 -161154661 -1865645059 -412814189 2011300829 1122261296 717531332 -391921966 1356654845 -2030561537 1308713167 693436559 209899544 -787691865 -315828673 -400132992 -1422100246 -409267876 -1623060979 2072773098 -627482298 -1888865156 -1708928061 -1353042119 1859919660 907901594 -1380137347 99393759 -191793162 -198331630 1637037924 -1510215207 -1376956470 -1313628179 -434865483 2113340291 -1219044114 -1812288909 -1271790842 -1343985866 552907906 3892879 
2845 sda 6724608 524288 W 1400289033764787225 -1473246926 172710458 -1494981187 -1626745748 -70660808 -161154661 -1865645059 -412814189 2011300829 1122261296 717531332 -391921966 1356654845 -2030561537 1308713167 693436559 209899544 -787691865 -315828673 -400132992 -1422100246 -409267876 -1623060979 2072773098 -627482298 -1888865156 -1708928061 -1353042119 1859919660 907901594 -1380137347 99393759 -191793162 -198331630 1637037924 -1510215207 -1376956470 -1313628179 -434865483 2113340291 -1219044114 -1812288909 -1271790842 -1343985866 552907906 3892879 
2845 sda1 6723584 524288 W 1400289033766229554 373032794 -2118508980 -263975869 -639153970 -47727276 -1346887058 -767662975 1701446982 -1903568236 -1619207394 532388187 1483127788 1385433899 1226164806 -2051621023 -1023115900 -668135547 -1183441602 658126405 995241433 1466859588 -506470690 1825527377 959414692 577352979 -546372506 -370534911 -1240495487 -1620784559 64605477 1126979813 -1218930292 761802094 1202964830 785190540 1812116948 405039690 1829710953 -1790464393 855733781 -1558173269 1406491115 338322764 -574476982 -820308466 -1483874438 -25512 
2845 sda 6725632 524288 W 1400289033767746589 373032794 -2118508980 -263975869 -639153970 -47727276 -1346887058 -767662975 1701446982 -1903568236 -1619207394 532388187 1483127788 1385433899 1226164806 -2051621023 -1023115900 -668135547 -1183441602 658126405 995241433 1466859588 -506470690 1825527377 959414692 577352979 -546372506 -370534911 -1240495487 -1620784559 64605477 1126979813 -1218930292 761802094 1202964830 785190540 1812116948 405039690 1829710953 -1790464393 855733781 -1558173269 1406491115 338322764 -574476982 -820308466 -1483874438 -25512 
2845 sda1 6724608 524288 W 1400289033769646036 2141067544 -2087432889 590440164 1037049722 -824431079 -77643124 -1131949231 1833185575 767837208 283499896 1410489310 -868131650 -643656857 -1387537701 2135757124 -543327452 1498462604 677367107 -525622845 1362401778 2140431910 952778968 -1094847642 -2061723565 357811002 -1719388106 1675836718 -690005066 -667331880 -1923069542 1355249799 -1934471899 -1766169661 760357032 -892803567 1487317037 2142405638 1778790340 -629484576 -1962790459 1298652366 938536466 -1704756677 -1107858162 761550100 -1030590619 19 
2845 sda 6726656 524288 W 1400289033770681378 2141067544 -2087432889 590440164 1037049722 -824431079 -77643124 -1131949231 1833185575 767837208 283499896 1410489310 -868131650 -643656857 -1387537701 2135757124 -543327452 1498462604 677367107 -525622845 1362401778 2140431910 952778968 -1094847642 -2061723565 357811002 -1719388106 1675836718 -690005066 -667331880 -1923069542 1355249799 -1934471899 -1766169661 760357032 -892803567 1487317037 2142405638 1778790340 -629484576 -1962790459 1298652366 938536466 -1704756677 -1107858162 761550100 -1030590619 19 
2845 sda1 6725632 524288 W 1400289033772281620 556141420 -1398607915 -2131164630 -1684876615 150285986 1371342112 -624516397 -1142595129 -967584504 -1769472427 -123090031 -665069919 -720668135 -2060724233 1792410283 326556360 1150186076 -1269163064 -391886642 -1948645791 2001878683 230913054 1113908427 -1926489494 589211775 91761025 262306657 608842700 -1524496134 1274973652 804347279 -1205158929 1560425797 -841423895 331965466 266538038 -1187705276 1062643730 1020219099 -42871727 -803434120 -106025052 84498246 483389004 1574537075 165993475 -192648884 
2845 sda 6727680 524288 W 1400289033773671745 556141420 -1398607915 -2131164630 -1684876615 150285986 1371342112 -624516397 -1142595129 -967584504 -1769472427 -123090031 -665069919 -720668135 -2060724233 1792410283 326556360 1150186076 -1269163064 -391886642 -1948645791 2001878683 230913054 1113908427 -1926489494 589211775 91761025 262306657 608842700 -1524496134 1274973652 804347279 -1205158929 1560425797 -841423895 331965466 266538038 -1187705276 1062643730 1020219099 -42871727 -803434120 -106025052 84498246 483389004 1574537075 165993475 -192648884 
2845 sda1 6726656 524288 W 1400289033775085387 -301338273 -47922607 160667115 29980138 -1187264148 1758527858 -295204371 591295038 -826282793 950917339 1491557895 205444133 -24329866 -1149626166 477420175 -368054938 -352462952 2012899040 1949339110 547867017 -1252312635 600476844 959635053 -1391843365 -1357164784 277550203 781318288 -1435943558 -879131133 601692653 -183256022 1772332361 -933087073 -1602933828 -955399370 -1502323341 -1288095332 -1142496772 1153245230 -247298327 -153637379 -962079041 2071362385 -905775211 661622582 1821798041 2126003220  
2845 sda 6728704 524288 W 1400289033776544449 -301338273 -47922607 160667115 29980138 -1187264148 1758527858 -295204371 591295038 -826282793 950917339 1491557895 205444133 -24329866 -1149626166 477420175 -368054938 -352462952 2012899040 1949339110 547867017 -1252312635 600476844 959635053 -1391843365 -1357164784 277550203 781318288 -1435943558 -879131133 601692653 -183256022 1772332361 -933087073 -1602933828 -955399370 -1502323341 -1288095332 -1142496772 1153245230 -247298327 -153637379 -962079041 2071362385 -905775211 661622582 1821798041 2126003220  
2845 sda1 6727680 524288 W 1400289033777986887 1866794861 1827044475 -676241814 692046666 2045487551 1665030625 -1066452526 -336231041 -1988441094 1341109553 784652542 1856585920 1748881183 1302277709 -627372233 1883687889 966746153 -2104643613 -792663193 -62906718 346046633 1589573406 -594305386 -1106261282 1864882773 1928734048 259572930 -1705594980 581290654 -210970221 848543210 99492454 4588555 -426298706 -1310449427 1765445463 1306033438 -1002117895 -1758711844 -1833048253 -625529243 335930620 1743847932 2065187000 -1185169988 -1326498189 -1651827 
2845 sda 6729728 524288 W 1400289033779430235 1866794861 1827044475 -676241814 692046666 2045487551 1665030625 -1066452526 -336231041 -1988441094 1341109553 784652542 1856585920 1748881183 1302277709 -627372233 1883687889 966746153 -2104643613 -792663193 -62906718 346046633 1589573406 -594305386 -1106261282 1864882773 1928734048 259572930 -1705594980 581290654 -210970221 848543210 99492454 4588555 -426298706 -1310449427 1765445463 1306033438 -1002117895 -1758711844 -1833048253 -625529243 335930620 1743847932 2065187000 -1185169988 -1326498189 -1651827 
2845 sda1 6728704 524288 W 1400289033781472334 -523149450 -192235260 -436436353 1889911660 1307175898 -1578428936 1845820139 1390479885 -2046473457 1101076017 -893654428 1228918412 1770471743 452559893 -1068965407 156636094 767669428 135460734 -903378327 -312315526 -1249157185 -1088182501 2030404103 1523806531 -1694637014 -136325328 -990416253 873627074 -1469127586 918607913 -435660400 -239782537 -761647503 -1100783431 516007921 1246182777 -1000801164 -2049789795 -1995148244 -998656055 -1654457747 -1249676959 -1586586530 1266532194 -143682644 -12735506 
2845 sda 6730752 524288 W 1400289033782681309 -523149450 -192235260 -436436353 1889911660 1307175898 -1578428936 1845820139 1390479885 -2046473457 1101076017 -893654428 1228918412 1770471743 452559893 -1068965407 156636094 767669428 135460734 -903378327 -312315526 -1249157185 -1088182501 2030404103 1523806531 -1694637014 -136325328 -990416253 873627074 -1469127586 918607913 -435660400 -239782537 -761647503 -1100783431 516007921 1246182777 -1000801164 -2049789795 -1995148244 -998656055 -1654457747 -1249676959 -1586586530 1266532194 -143682644 -12735506 
2845 sda1 6729728 524288 W 1400289033784193206 -430368333 -941079126 -1329251552 -632944637 283371152 -1858999049 452157905 -437470214 -128290453 -2061885880 832810945 -1232400882 -1389723609 -581970009 296105881 -1162227564 -520558575 841096182 -1059457443 -787254919 1915883495 -1934616173 -220490592 -503639342 1420906749 -2000104872 -1430889880 1036439942 836800833 -1559463781 815454005 2086123691 1419654726 1745594208 -2015992005 2053183641 -2060366267 6827741 1754443901 -431018675 1199567669 1557061015 1407641971 974501996 -181826995 -237772891 -16 
2845 sda 6731776 524288 W 1400289033785601565 -430368333 -941079126 -1329251552 -632944637 283371152 -1858999049 452157905 -437470214 -128290453 -2061885880 832810945 -1232400882 -1389723609 -581970009 296105881 -1162227564 -520558575 841096182 -1059457443 -787254919 1915883495 -1934616173 -220490592 -503639342 1420906749 -2000104872 -1430889880 1036439942 836800833 -1559463781 815454005 2086123691 1419654726 1745594208 -2015992005 2053183641 -2060366267 6827741 1754443901 -431018675 1199567669 1557061015 1407641971 974501996 -181826995 -237772891 -16 
2845 sda1 6730752 524288 W 1400289033787009450 -2078870660 1034688994 -1731018931 -1701106074 874694844 -599334851 2118147965 1743086923 260840721 -290333288 973747146 1768619417 353319060 1741167156 -1278348275 -330910757 -290451820 -1921383728 -1658574784 1736138158 -1735465637 -96453848 -1161458455 -1737377821 -239784356 -45233359 -189619703 -1599637043 -1000165226 -377260208 67397249 -803403778 1281083101 2136479193 -1679423394 366233970 1414166748 -964622281 112935878 -1324707169 -529968428 154273050 1771842749 -1105111382 -201520201 1506150583 -6 
2845 sda 6732800 524288 W 1400289033788460343 -2078870660 1034688994 -1731018931 -1701106074 874694844 -599334851 2118147965 1743086923 260840721 -290333288 973747146 1768619417 353319060 1741167156 -1278348275 -330910757 -290451820 -1921383728 -1658574784 1736138158 -1735465637 -96453848 -1161458455 -1737377821 -239784356 -45233359 -189619703 -1599637043 -1000165226 -377260208 67397249 -803403778 1281083101 2136479193 -1679423394 366233970 1414166748 -964622281 112935878 -1324707169 -529968428 154273050 1771842749 -1105111382 -201520201 1506150583 -6 
2845 sda1 6731776 524288 W 1400289033789901052 -1834004147 2073797632 1226505547 -135293302 -1300827939 1142723986 1552941077 458732093 1400458014 2083128634 -556783304 696948168 1195660881 512647569 -791053768 998752477 1494399655 638652027 1715473835 -85895520 2146491788 464158314 -1184825472 364146582 889189456 1118116602 1983738110 -358047640 783066463 181752426 687196207 -1497554126 138985746 1910777033 -1405003178 1319026186 -1115941527 -1771276043 939816173 -632589250 1752009914 926705018 -1415801484 -1462600306 1891579728 1424709779 834618796 4 
2845 sda 6733824 524288 W 1400289033790827222 -1834004147 2073797632 1226505547 -135293302 -1300827939 1142723986 1552941077 458732093 1400458014 2083128634 -556783304 696948168 1195660881 512647569 -791053768 998752477 1494399655 638652027 1715473835 -85895520 2146491788 464158314 -1184825472 364146582 889189456 1118116602 1983738110 -358047640 783066463 181752426 687196207 -1497554126 138985746 1910777033 -1405003178 1319026186 -1115941527 -1771276043 939816173 -632589250 1752009914 926705018 -1415801484 -1462600306 1891579728 1424709779 834618796 4 
2845 sda1 6732800 524288 W 1400289033792418699 -44815399 343557820 1879401406 -1646652592 1088338836 -1790895069 1713815654 -550136581 1103017404 -255679987 -2084826738 1461072073 824301027 -1686795172 -1075339732 -1261248149 1754719873 385751609 1525587008 1403915026 -1008136217 642376630 -1226608668 -919674438 1456731921 1411636637 -400412391 536306953 716696026 1014543686 1613831068 1038238517 -1480637333 1286862696 -2086024527 -1446301675 386410789 -2060952181 267785750 -1464477353 -967512204 2131053437 430980643 -489097085 -519077241 -1924643998 5 
2845 sda 6734848 524288 W 1400289033793815466 -44815399 343557820 1879401406 -1646652592 1088338836 -1790895069 1713815654 -550136581 1103017404 -255679987 -2084826738 1461072073 824301027 -1686795172 -1075339732 -1261248149 1754719873 385751609 1525587008 1403915026 -1008136217 642376630 -1226608668 -919674438 1456731921 1411636637 -400412391 536306953 716696026 1014543686 1613831068 1038238517 -1480637333 1286862696 -2086024527 -1446301675 386410789 -2060952181 267785750 -1464477353 -967512204 2131053437 430980643 -489097085 -519077241 -1924643998 5 
2845 sda1 4194384 4096 R 1400289033793904920 1010874005  
2845 sda 4196432 4096 R 1400289033793917835 1010874005  
2845 sda1 6815744 524288 W 1400289033827610505 -1972081441 -610996056 -1225701419 1673459695 559791716 -615778569 1290639675 1759747483 -1468752577 1521848966 1589545640 -1136506098 1012941639 -1510041810 1715113207 876862616 -1163960347 1698743457 -1176193437 552723980 -1102761852 1110784198 -715670705 1034111277 -937856213 -1839775879 -1941191246 1593895995 -1408581064 1246760012 1936427915 398012900 -1141703309 1480290337 612717822 1100539968 -718599492 683047194 -590025223 -1927346204 1299544725 -1590494024 1923637143 860280380 -1651988887 19698713 
2845 sda 6817792 524288 W 1400289033831450111 -1972081441 -610996056 -1225701419 1673459695 559791716 -615778569 1290639675 1759747483 -1468752577 1521848966 1589545640 -1136506098 1012941639 -1510041810 1715113207 876862616 -1163960347 1698743457 -1176193437 552723980 -1102761852 1110784198 -715670705 1034111277 -937856213 -1839775879 -1941191246 1593895995 -1408581064 1246760012 1936427915 398012900 -1141703309 1480290337 612717822 1100539968 -718599492 683047194 -590025223 -1927346204 1299544725 -1590494024 1923637143 860280380 -1651988887 19698713 
2845 sda1 6816768 524288 W 1400289033835413161 -1396185782 1422776592 -560724024 -1530198479 -1895688584 1781275949 1496388028 -1077886033 -1224185316 364842843 -674903382 204744453 1129823298 -416227726 -1220406161 141766953 -546449692 999450728 -599560896 -678491090 773444492 -2125175519 654481628 430928202 1474928518 -752661495 -1409203520 1043204755 -1816226932 1193607737 -2073400121 2059468133 -474551609 -679730831 -778065689 1235444787 508832718 -714744281 289979910 1678145296 -255766447 -1303437282 -1996329902 -1285375638 613364070 1480320489 12 
2845 sda 6818816 524288 W 1400289033837353234 -1396185782 1422776592 -560724024 -1530198479 -1895688584 1781275949 1496388028 -1077886033 -1224185316 364842843 -674903382 204744453 1129823298 -416227726 -1220406161 141766953 -546449692 999450728 -599560896 -678491090 773444492 -2125175519 654481628 430928202 1474928518 -752661495 -1409203520 1043204755 -1816226932 1193607737 -2073400121 2059468133 -474551609 -679730831 -778065689 1235444787 508832718 -714744281 289979910 1678145296 -255766447 -1303437282 -1996329902 -1285375638 613364070 1480320489 12 
2845 sda1 6817792 524288 W 1400289033838707976 -657400655 822398934 1116999411 -1702896759 -735351719 -833213743 -1712060207 491550691 192265137 -1196285794 771673399 1400524261 -1064085462 -98983682 21621891 -1964893835 1377486838 -373353157 1371131 20855475 -1175541846 2107876532 840741720 717264636 1184556664 -1997138457 -1099873 707707209 -1259198037 2068050060 2990291 -1983892779 617478464 -2107447846 1898793722 86454531 741214672 1306420971 -1674907763 581221400 1542647268 -1640475535 1597586509 -1597616826 -2133118445 -1010364287 -1832655670 -42 
2845 sda 6819840 524288 W 1400289033840283931 -657400655 822398934 1116999411 -1702896759 -735351719 -833213743 -1712060207 491550691 192265137 -1196285794 771673399 1400524261 -1064085462 -98983682 21621891 -1964893835 1377486838 -373353157 1371131 20855475 -1175541846 2107876532 840741720 717264636 1184556664 -1997138457 -1099873 707707209 -1259198037 2068050060 2990291 -1983892779 617478464 -2107447846 1898793722 86454531 741214672 1306420971 -1674907763 581221400 1542647268 -1640475535 1597586509 -1597616826 -2133118445 -1010364287 -1832655670 -42 
2845 sda1 6818816 524288 W 1400289033841995284 1898501200 -1240722837 -2030930104 -1225765813 1977590787 1685034759 -449659958 2123061812 -982619375 -975530761 -285887442 32550117 -1369967173 303552146 1881776118 1013040037 1027665190 1152620303 -841718326 -780291145 1121185235 -504614194 902529490 1336475624 -1174132994 496705517 1112101076 331401600 583967262 445582642 -1835639181 -875728962 692249262 1359586299 57341181 514022786 219474142 1984936701 -1267116313 1018195360 -723697588 -882167253 769864270 1948572811 -756370280 299211791 -65892349 -37 
2845 sda 6820864 524288 W 1400289033842981276 1898501200 -1240722837 -2030930104 -1225765813 1977590787 1685034759 -449659958 2123061812 -982619375 -975530761 -285887442 32550117 -1369967173 303552146 1881776118 1013040037 1027665190 1152620303 -841718326 -780291145 1121185235 -504614194 902529490 1336475624 -1174132994 496705517 1112101076 331401600 583967262 445582642 -1835639181 -875728962 692249262 1359586299 57341181 514022786 219474142 1984936701 -1267116313 1018195360 -723697588 -882167253 769864270 1948572811 -756370280 299211791 -65892349 -37 
2845 sda1 6819840 524288 W 1400289033844507622 -266181716 -1027270808 1661772255 1805963186 1087702319 485929765 -937551226 -71998106 -1454512602 -273346490 -653841475 653755450 2130393362 -845503504 452989272 -215595944 755281413 1776205557 -606075010 794181078 1857740034 346050036 -817728457 1675896452 1846366831 345504887 338467004 -526019252 242004459 160636576 2076815577 -841340509 -2041218286 528337421 -973191345 1849723801 1516988889 -385247673 -811919768 -1726631794 2064673787 529183730 -1200026923 -93742988 444041794 -585462006 1150853788 -123 
2845 sda 6821888 524288 W 1400289033845987682 -266181716 -1027270808 1661772255 1805963186 1087702319 485929765 -937551226 -71998106 -1454512602 -273346490 -653841475 653755450 2130393362 -845503504 452989272 -215595944 755281413 1776205557 -606075010 794181078 1857740034 346050036 -817728457 1675896452 1846366831 345504887 338467004 -526019252 242004459 160636576 2076815577 -841340509 -2041218286 528337421 -973191345 1849723801 1516988889 -385247673 -811919768 -1726631794 2064673787 529183730 -1200026923 -93742988 444041794 -585462006 1150853788 -123 
2845 sda1 6820864 524288 W 1400289033848254894 2082482682 -1283748821 964039738 660165154 2028616996 1443348311 1461582118 1056571550 -65801718 171533649 242580899 -1671189864 -376657705 1234969707 -1063053222 1723692467 1773688761 -1199275144 -1533933025 2105881073 1371065113 -1825250919 -1285286051 -1539064490 -1315185834 -266543576 814544336 -1139780916 212115985 -1705023453 -859872815 -70955199 405154967 -888942527 186343863 971856482 -331716373 -972492318 2111559531 365491030 -21406472 -217106612 669339116 -2009143571 575529146 1486135258 15046266 
2845 sda 6822912 524288 W 1400289033849750372 2082482682 -1283748821 964039738 660165154 2028616996 1443348311 1461582118 1056571550 -65801718 171533649 242580899 -1671189864 -376657705 1234969707 -1063053222 1723692467 1773688761 -1199275144 -1533933025 2105881073 1371065113 -1825250919 -1285286051 -1539064490 -1315185834 -266543576 814544336 -1139780916 212115985 -1705023453 -859872815 -70955199 405154967 -888942527 186343863 971856482 -331716373 -972492318 2111559531 365491030 -21406472 -217106612 669339116 -2009143571 575529146 1486135258 15046266 
2845 sda1 6821888 524288 W 1400289033850720230 2035416838 -115411120 804260457 422642258 2079161550 -407630568 1529565649 1906196581 -408017788 -147185188 987918010 -685471362 211760926 1363195281 -1525125539 20486746 71165028 678886370 -973505322 -1883051806 -628439071 -151605876 804600922 -1069791232 1135275627 975493956 536786471 2019220308 -1284157931 958318219 443573491 2091474549 -41710070 -38339661 -16221491 691667310 433481270 -82406117 43204575 -1893311037 1640710940 -352699984 -2147398706 -1799657369 1013367472 296034740 -240926567 -191231990 
2845 sda 6823936 524288 W 1400289033852294441 2035416838 -115411120 804260457 422642258 2079161550 -407630568 1529565649 1906196581 -408017788 -147185188 987918010 -685471362 211760926 1363195281 -1525125539 20486746 71165028 678886370 -973505322 -1883051806 -628439071 -151605876 804600922 -1069791232 1135275627 975493956 536786471 2019220308 -1284157931 958318219 443573491 2091474549 -41710070 -38339661 -16221491 691667310 433481270 -82406117 43204575 -1893311037 1640710940 -352699984 -2147398706 -1799657369 1013367472 296034740 -240926567 -191231990 
2845 sda1 6822912 135168 W 1400289033852666593 1475908818 -530221328 -1974599242 610774884 1592165157 -1477123894 -252045717 2041461522 654443270 1840497407 1515780612 -1227335685 2132539466 1952152550 77786166 1674897434 1123008556 1223715804 1274568429 -615521930 -1379935317 439333834 2136730416 116597431 1707409812 821551085 2040538071 -60783245 1819631668 -266026624 -1970911899 -1219285243 -79086793  
2845 sda 6824960 135168 W 1400289033853019335 1475908818 -530221328 -1974599242 610774884 1592165157 -1477123894 -252045717 2041461522 654443270 1840497407 1515780612 -1227335685 2132539466 1952152550 77786166 1674897434 1123008556 1223715804 1274568429 -615521930 -1379935317 439333834 2136730416 116597431 1707409812 821551085 2040538071 -60783245 1819631668 -266026624 -1970911899 -1219285243 -79086793  
2845 sda1 8665560 4096 W 1400289033853071160 -1925252082  
2845 sda 8667608 4096 W 1400289033853084157 -1925252082  
2845 sda1 9107936 8192 W 1400289033853121722 -886718316 -443837746  
2845 sda 9109984 8192 W 1400289033853144876 -886718316 -443837746  
2845 sda1 8388656 4096 R 1400289033853191787 1010874005  
2845 sda 8390704 4096 R 1400289033853204382 1010874005  
2845 sda1 9967616 524288 W 1400289033867473394 -313300646 -1739481386 -1561200986 2035895701 1695395063 -2055283513 -835203793 1590131814 -1931825100 248784962 -1825429574 -1146950595 -1694748721 -2094567676 -1818266292 174945122 -1352335947 -68645886 624218407 155820564 -1342557581 1081320384 982561784 171340010 745883508 -818591073 348015343 -718772616 -965471213 -132167939 39001503 615698625 204423692 1459266049 -1225962235 -96008868 -1713663544 1972217077 1448446295 144183944 154167961 1171709771 -1568694385 1450508039 -103260368 -446095705 -749950 
2845 sda 9969664 524288 W 1400289033870230907 -313300646 -1739481386 -1561200986 2035895701 1695395063 -2055283513 -835203793 1590131814 -1931825100 248784962 -1825429574 -1146950595 -1694748721 -2094567676 -1818266292 174945122 -1352335947 -68645886 624218407 155820564 -1342557581 1081320384 982561784 171340010 745883508 -818591073 348015343 -718772616 -965471213 -132167939 39001503 615698625 204423692 1459266049 -1225962235 -96008868 -1713663544 1972217077 1448446295 144183944 154167961 1171709771 -1568694385 1450508039 -103260368 -446095705 -749950 
2845 sda1 9968640 180224 W 1400289033871874333 -1609264402 -1241646436 -1795042850 1162573314 1986317564 1261538638 983933204 -163601643 7523110 -1832224731 1397502615 -780751695 -950686597 1858612065 -446847432 531439049 1654587726 611455515 -2111816316 -2130596207 -1771951980 591775990 -517121097 1654738498 -1282811177 -1931236544 -1953559863 -593612585 -1971842176 458483273 1444670243 -2002984937 1781426579 280743136 69122320 -727842187 1008248896 -1045592904 -1325370081 -56149311 -2072159464 -1191672299 -835603831 1714572290  
2845 sda 9970688 180224 W 1400289033872974812 -1609264402 -1241646436 -1795042850 1162573314 1986317564 1261538638 983933204 -163601643 7523110 -1832224731 1397502615 -780751695 -950686597 1858612065 -446847432 531439049 1654587726 611455515 -2111816316 -2130596207 -1771951980 591775990 -517121097 1654738498 -1282811177 -1931236544 -1953559863 -593612585 -1971842176 458483273 1444670243 -2002984937 1781426579 280743136 69122320 -727842187 1008248896 -1045592904 -1325370081 -56149311 -2072159464 -1191672299 -835603831 1714572290  
2845 sda1 8388632 4096 R 1400289033873113308 1010874005  
2845 sda 8390680 4096 R 1400289033873141902 1010874005  
2845 sda1 9387776 45056 W 1400289033916044321 -2083251118 989789988 509343657 9957543 -1499595217 1000260513 1860606901 -1552071591 316351844 585983812 -1094789211  
2845 sda 9389824 45056 W 1400289033916375802 -2083251118 989789988 509343657 9957543 -1499595217 1000260513 1860606901 -1552071591 316351844 585983812 -1094789211  
2845 sda1 12848880 4096 W 1400289033916547204 -987037403  
2845 sda 12850928 4096 W 1400289033916582705 -987037403  
2845 sda1 9107928 4096 W 1400289033916868550 -1640539067  
2845 sda 9109976 4096 W 1400289033916904517 -1640539067  
2845 sda1 9387864 4096 W 1400289033916997255 -1002531121  
2845 sda 9389912 4096 W 1400289033917038561 -1002531121  
2845 sda1 9547048 57344 W 1400289033917652459 -1947752128 -105780918 -701629131 587934152 -812873044 1290897095 1625656294 -1685099583 -694726383 -230103210 -310757471 -869795340 1119029686 -1812462921  
2845 sda 9549096 57344 W 1400289033918364330 -1947752128 -105780918 -701629131 587934152 -812873044 1290897095 1625656294 -1685099583 -694726383 -230103210 -310757471 -869795340 1119029686 -1812462921  
2845 sda1 9387872 28672 W 1400289033918662795 216791286 108857058 1792433608 83413224 -1207136859 -1490718319 1872526174  
2845 sda 9389920 28672 W 1400289033919050163 216791286 108857058 1792433608 83413224 -1207136859 -1490718319 1872526174  
2845 sda1 9975800 524288 W 1400289033923274608 -1774563439 1472733451 713940784 976909746 -1954948954 1265850131 -1451082184 1987231053 -1006885368 437394247 1492475005 -1121236307 665217637 -803466407 212673882 -795442850 -1798388162 1273081865 2132691308 -270222593 1199517888 604450698 -1070968860 -581032084 1347142689 -618193601 1023534516 -226841818 1535100950 -1194201900 789952262 -1398902457 476343647 -319453485 -654318929 -617595509 1918051981 462645548 856727538 1825634323 -1482268722 -1567387242 183842580 1880071726 974025229 -1981744761 -1897 
2845 sda 9977848 524288 W 1400289033927085916 -1774563439 1472733451 713940784 976909746 -1954948954 1265850131 -1451082184 1987231053 -1006885368 437394247 1492475005 -1121236307 665217637 -803466407 212673882 -795442850 -1798388162 1273081865 2132691308 -270222593 1199517888 604450698 -1070968860 -581032084 1347142689 -618193601 1023534516 -226841818 1535100950 -1194201900 789952262 -1398902457 476343647 -319453485 -654318929 -617595509 1918051981 462645548 856727538 1825634323 -1482268722 -1567387242 183842580 1880071726 974025229 -1981744761 -1897 
2845 sda1 9976824 229376 W 1400289033928843700 862303060 -1151675551 322512983 59390201 -1667684369 1835304794 -1481686889 1910054221 1050604684 1875966600 1205696000 -267388758 -71657796 -613848767 1506270742 1214342609 227322131 933493367 -1878181761 -549637190 1009062054 1270061551 -156220875 1556917625 -983636324 -975864330 -674957848 2011151008 1751009276 1967351954 -244327485 1901175596 314891564 1602852099 -1311315507 -18411064 770804176 -1148109037 1636724952 349001293 835822688 663534126 1271492620 -1682894617 475281368 -1932059885 2080893265  
2845 sda 9978872 229376 W 1400289033930454349 862303060 -1151675551 322512983 59390201 -1667684369 1835304794 -1481686889 1910054221 1050604684 1875966600 1205696000 -267388758 -71657796 -613848767 1506270742 1214342609 227322131 933493367 -1878181761 -549637190 1009062054 1270061551 -156220875 1556917625 -983636324 -975864330 -674957848 2011151008 1751009276 1967351954 -244327485 1901175596 314891564 1602852099 -1311315507 -18411064 770804176 -1148109037 1636724952 349001293 835822688 663534126 1271492620 -1682894617 475281368 -1932059885 2080893265  
2845 sda1 9387928 4096 W 1400289033930610107 266422310  
2845 sda 9389976 4096 W 1400289033930645172 266422310  
2845 sda1 6670704 524288 W 1400289033933358565 -1774563439 1472733451 713940784 976909746 -1954948954 1265850131 -1451082184 1987231053 -1006885368 437394247 1492475005 -1121236307 665217637 -803466407 212673882 -795442850 -1798388162 1273081865 2132691308 -270222593 1199517888 604450698 -1070968860 -581032084 1347142689 -618193601 1023534516 -226841818 1535100950 -1194201900 789952262 -1398902457 476343647 -319453485 -654318929 -617595509 1918051981 462645548 856727538 1825634323 -1482268722 -1567387242 183842580 1880071726 974025229 -1981744761 -1897 
2845 sda 6672752 524288 W 1400289033934894757 -1774563439 1472733451 713940784 976909746 -1954948954 1265850131 -1451082184 1987231053 -1006885368 437394247 1492475005 -1121236307 665217637 -803466407 212673882 -795442850 -1798388162 1273081865 2132691308 -270222593 1199517888 604450698 -1070968860 -581032084 1347142689 -618193601 1023534516 -226841818 1535100950 -1194201900 789952262 -1398902457 476343647 -319453485 -654318929 -617595509 1918051981 462645548 856727538 1825634323 -1482268722 -1567387242 183842580 1880071726 974025229 -1981744761 -1897 
2845 sda1 6671728 229376 W 1400289033936066852 862303060 -1151675551 322512983 59390201 -1667684369 1835304794 -1481686889 1910054221 1050604684 1875966600 1205696000 -267388758 -71657796 -613848767 1506270742 1214342609 227322131 933493367 -1878181761 -549637190 1009062054 1270061551 -156220875 1556917625 -983636324 -975864330 -674957848 2011151008 1751009276 1967351954 -244327485 1901175596 314891564 1602852099 -1311315507 -18411064 770804176 -1148109037 1636724952 349001293 835822688 663534126 1271492620 -1682894617 475281368 -1932059885 2080893265  
2845 sda 6673776 229376 W 1400289033936731012 862303060 -1151675551 322512983 59390201 -1667684369 1835304794 -1481686889 1910054221 1050604684 1875966600 1205696000 -267388758 -71657796 -613848767 1506270742 1214342609 227322131 933493367 -1878181761 -549637190 1009062054 1270061551 -156220875 1556917625 -983636324 -975864330 -674957848 2011151008 1751009276 1967351954 -244327485 1901175596 314891564 1602852099 -1311315507 -18411064 770804176 -1148109037 1636724952 349001293 835822688 663534126 1271492620 -1682894617 475281368 -1932059885 2080893265  
2845 sda1 6138336 102400 W 1400289033937119187 1736876276 415933401 -1537603667 -1239096702 1752029486 -300512040 -904198973 1045977163 1832839675 -184344336 1814988276 1004977070 1102771909 -1750383625 1003216352 1321680701 1179157475 798823110 79160091 -26135663 -1706309191 -1714781352 -1349784983 414883613 1180733610  
2845 sda 6140384 102400 W 1400289033937641214 1736876276 415933401 -1537603667 -1239096702 1752029486 -300512040 -904198973 1045977163 1832839675 -184344336 1814988276 1004977070 1102771909 -1750383625 1003216352 1321680701 1179157475 798823110 79160091 -26135663 -1706309191 -1714781352 -1349784983 414883613 1180733610  
2845 sda1 4957232 4096 W 1400289033937706049 -1925252082  
2845 sda 4959280 4096 W 1400289033937720066 -1925252082  
2845 sda1 6674640 53248 W 1400289033937948185 -1411633899 602014311 1619444238 1223874337 647825755 1709536484 -744438792 -761352337 -1969851889 -213176443 -20667869 -1501064224 -1186853568  
2845 sda 6676688 53248 W 1400289033938088595 -1411633899 602014311 1619444238 1223874337 647825755 1709536484 -744438792 -761352337 -1969851889 -213176443 -20667869 -1501064224 -1186853568  
222 sda1 6674736 4096 W 1400289039702913697 2130885675  
222 sda 6676784 4096 W 1400289039702960319 2130885675  
222 sda1 4507712 4096 W 1400289039703310112 1869043140  
222 sda 4509760 4096 W 1400289039703346512 1869043140  
222 sda1 4507720 4096 W 1400289039703383491 -489568442  
222 sda 4509768 4096 W 1400289039703415865 -489568442  
222 sda1 4507728 4096 W 1400289039703450930 2052951466  
222 sda 4509776 4096 W 1400289039703483084 2052951466  
222 sda1 4507736 4096 W 1400289039703516466 -1  
222 sda 4509784 4096 W 1400289039703548838 -1  
222 sda1 4507744 4096 W 1400289039703582140 -1  
222 sda 4509792 4096 W 1400289039703614271 -1  
222 sda1 4507752 4096 W 1400289039703647539 521457457  
222 sda 4509800 4096 W 1400289039703679962 521457457  
222 sda1 4507760 4096 W 1400289039703713447 450777754  
222 sda 4509808 4096 W 1400289039703745693 450777754  
222 sda1 4507768 4096 W 1400289039703778692 -1180791798  
222 sda 4509816 4096 W 1400289039703811131 -1180791798  
222 sda1 4507776 4096 W 1400289039703844134 -1654926752  
222 sda 4509824 4096 W 1400289039703876323 -1654926752  
222 sda1 4507784 4096 W 1400289039703977750 -1907562112  
222 sda 4509832 4096 W 1400289039704014796 -1907562112  
222 sda1 4507792 4096 W 1400289039704051015 25809391  
222 sda 4509840 4096 W 1400289039704083414 25809391  
222 sda1 4507800 4096 W 1400289039704117011 -261602251  
222 sda 4509848 4096 W 1400289039704149440 -261602251  
222 sda1 4507808 4096 W 1400289039704182668 952075068  
222 sda 4509856 4096 W 1400289039704215034 952075068  
222 sda1 4507816 4096 W 1400289039704248342 1400349170  
222 sda 4509864 4096 W 1400289039704280500 1400349170  
222 sda1 4507824 4096 W 1400289039704313459 1971747982  
222 sda 4509872 4096 W 1400289039704345634 1971747982  
222 sda1 4507832 4096 W 1400289039704378721 -1  
222 sda 4509880 4096 W 1400289039704410872 -1  
222 sda1 4507840 4096 W 1400289039704783794 -1138144532  
222 sda 4509888 4096 W 1400289039704819938 -1138144532  
3224 sdb 8 4096 W 1400289042111741212 -1473427988  
3224 sdb 8 4096 W 1400289042111789038 -1473427988  
3224 sdb 8200 4096 W 1400289042111837357 276383488  
3224 sdb 8200 4096 W 1400289042111871236 276383488  
3224 sdb 8208 4096 W 1400289042111908479 -876047828  
3224 sdb 8208 4096 W 1400289042111941130 -876047828  
3224 sdb 8216 4096 W 1400289042111977218 -1566131650  
3224 sdb 8216 4096 W 1400289042112009608 -1566131650  
3224 sdb 8224 4096 W 1400289042112044474 766320650  
3224 sdb 8224 4096 W 1400289042112077072 766320650  
3224 sdb 12312 4096 W 1400289042112111667 1843276178  
3224 sdb 12312 4096 W 1400289042112144634 1843276178  
3224 sdb 98816 4096 W 1400289042112181445 1272341228  
3224 sdb 98816 4096 W 1400289042112213814 1272341228  
222 sda1 4507848 4096 W 1400289045702947685 -1295973794  
222 sda 4509896 4096 W 1400289045702993345 -1295973794  
222 sda1 4507856 4096 W 1400289045703036712 721995463  
222 sda 4509904 4096 W 1400289045703069695 721995463  
222 sda1 4507864 4096 W 1400289045703446551 -36447968  
222 sda 4509912 4096 W 1400289045703482773 -36447968  
2845 sda1 8 4096 W 1400289048934949170 450777754  
2845 sda 2056 4096 W 1400289048934997701 450777754  
2845 sda1 4194320 4096 W 1400289048935046989 -1  
2845 sda 4196368 4096 W 1400289048935080525 -1  
2845 sda1 4194360 4096 W 1400289048935118816 1971747982  
2845 sda 4196408 4096 W 1400289048935151557 1971747982  
2845 sda1 4194376 4096 W 1400289048935188509 -489568442  
2845 sda 4196424 4096 W 1400289048935221516 -489568442  
2845 sda1 4194384 4096 W 1400289048935257587 2052951466  
2845 sda 4196432 4096 W 1400289048935290153 2052951466  
2845 sda1 8388616 4096 W 1400289048935330023 -1  
2845 sda 8390664 4096 W 1400289048935362466 -1  
2845 sda1 8388624 4096 W 1400289048935398607 -1  
2845 sda 8390672 4096 W 1400289048935430866 -1  
2845 sda1 8388632 4096 W 1400289048935466491 -1654926752  
2845 sda 8390680 4096 W 1400289048935499602 -1654926752  
2845 sda1 8388640 4096 W 1400289048935534552 -261602251  
2845 sda 8390688 4096 W 1400289048935567150 -261602251  
2845 sda1 8388656 4096 W 1400289048935601722 -1180791798  
2845 sda 8390704 4096 W 1400289048935634144 -1180791798  
2845 sda1 8414656 4096 W 1400289048935670574 1162156839  
2845 sda 8416704 4096 W 1400289048935703001 1162156839  
2845 sda1 8417480 4096 W 1400289048935739028 1801077609  
2845 sda 8419528 4096 W 1400289048935771263 1801077609  
2845 sda1 8417488 4096 W 1400289048935807092 521457457  
2845 sda 8419536 4096 W 1400289048935839465 521457457  
2845 sda1 8417496 4096 W 1400289048935884233 952075068  
2845 sda 8419544 4096 W 1400289048935916804 952075068  
2845 sda1 12582920 4096 W 1400289048935952067 -1907562112  
2845 sda 12584968 4096 W 1400289048935985046 -1907562112  
2845 sda1 12595392 4096 W 1400289048936021503 25809391  
2845 sda 12597440 4096 W 1400289048936054023 25809391  
222 sda1 4507872 4096 W 1400289051703065341 121274617  
222 sda 4509920 4096 W 1400289051703112236 121274617  
222 sda1 4507880 4096 W 1400289051703156474 -1184987004  
222 sda 4509928 4096 W 1400289051703189765 -1184987004  
222 sda1 4507888 4096 W 1400289051703573325 -555696678  
222 sda 4509936 4096 W 1400289051703609440 -555696678  
222 sda1 4507896 4096 W 1400289057702948316 2013350655  
222 sda 4509944 4096 W 1400289057702994547 2013350655  
222 sda1 4507904 4096 W 1400289057703038179 327220135  
222 sda 4509952 4096 W 1400289057703071248 327220135  
222 sda1 4507912 4096 W 1400289057703441847 1022557476  
222 sda 4509960 4096 W 1400289057703478052 1022557476  
