3222 sda1 8658768 4096 R 1400288777981398084  
3222 sda 8660816 4096 R 1400288777981407156  
3222 sda1 8658808 8192 R 1400288777981414399  
3222 sda 8660856 8192 R 1400288777981416597  
521 sda1 145056 4096 R 1400288777986310580 -855120344  
521 sda 147104 4096 R 1400288777986331330 -855120344  
bcache: 3222 1400288777 -1514908688  4096 
bcache: 3222 1400288777 -295197106  4096 
bcache: 3222 1400288777 -336447990  4096 
bcache: 3222 1400288778 -515000976  4096 
bcache: 3222 1400288778 1492388587  4096 
bcache: 3222 1400288778 -301516829  4096 
bcache: 3222 1400288778 2026772625  4096 
bcache: 3222 1400288778 412110685  4096 
bcache: 3222 1400288778 -2006588350  4096 
bcache: 3222 1400288778 122795664  4096 
bcache: 3222 1400288778 1738704948  4096 
bcache: 3222 1400288778 1958347211  4096 
bcache: 3222 1400288778 -166466598  4096 
bcache: 3222 1400288778 673710615  4096 
bcache: 3222 1400288778 -2057444103  4096 
bcache: 3222 1400288778 1977748922  4096 
bcache: 3222 1400288778 -704689607  4096 
bcache: 3222 1400288778 -1908118773  4096 
bcache: 3222 1400288778 -1237365552  4096 
bcache: 3222 1400288778 -1576584668  4096 
bcache: 3222 1400288778 -1454577600  4096 
bcache: 3222 1400288778 432785718  4096 
bcache: 3222 1400288778 -1296103185  4096 
bcache: 3222 1400288778 696640405  4096 
bcache: 3222 1400288778 1974049694  4096 
bcache: 3222 1400288778 216996041  4096 
bcache: 3222 1400288778 -1957105343  4096 
bcache: 3222 1400288778 507380128  4096 
bcache: 3222 1400288778 -2119728559  4096 
bcache: 3222 1400288778 850830901  4096 
bcache: 3222 1400288778 367465291  4096 
bcache: 3222 1400288778 -2068789142  4096 
bcache: 3222 1400288778 -1689718247  4096 
bcache: 3222 1400288778 -964332787  4096 
bcache: 3222 1400288778 1052652382  4096 
bcache: 3222 1400288778 -908436436  4096 
bcache: 3222 1400288778 1943408636  4096 
bcache: 3222 1400288778 1350443536  4096 
bcache: 3222 1400288778 1401395405  4096 
bcache: 3222 1400288778 -1169705006  4096 
bcache: 3222 1400288778 758765500  4096 
bcache: 3222 1400288778 -1294371620  4096 
bcache: 3222 1400288778 192051391  4096 
bcache: 3222 1400288778 438262639  4096 
bcache: 3222 1400288778 1692163484  4096 
bcache: 3222 1400288778 -1981197888  4096 
bcache: 3222 1400288778 1580327369  4096 
bcache: 3222 1400288778 1163023508  4096 
bcache: 3222 1400288778 -1687384375  4096 
bcache: 3222 1400288778 1597849664  4096 
3222 sda1 6201096 4096 R 1400288778023332627  
3222 sda 6203144 4096 R 1400288778023339088  
3223 sda1 8667360 4096 R 1400288778036680190  
3223 sda 8669408 4096 R 1400288778036688279  
3223 sda1 8667384 8192 R 1400288778036695076  
3223 sda 8669432 8192 R 1400288778036697085  
3184 sdc 4195056 4096 W 1400288780323304714 -505359886  
3184 sdc 4195056 4096 W 1400288780323351324 -505359886  
3184 sdc 4195064 4096 W 1400288780323398345 -618742728  
3184 sdc 4195064 4096 W 1400288780323431556 -618742728  
3184 sdc 4195120 4096 W 1400288780323468821 505852947  
3184 sdc 4195120 4096 W 1400288780323501709 505852947  
3184 sdc 4195216 4096 W 1400288780323537488 -1371233421  
3184 sdc 4195216 4096 W 1400288780323570337 -1371233421  
3184 sdc 4195224 4096 W 1400288780323605144 1884758271  
3184 sdc 4195224 4096 W 1400288780323637745 1884758271  
3184 sdc 4195232 4096 W 1400288780323672940 2106887627  
3184 sdc 4195232 4096 W 1400288780323705796 2106887627  
3184 sdc 4195240 4096 W 1400288780323740613 -1799394408  
3184 sdc 4195240 4096 W 1400288780323772959 -1799394408  
3184 sdc 4195256 4096 W 1400288780323807873 -641738036  
3184 sdc 4195256 4096 W 1400288780323865912 -641738036  
3184 sdc 4195264 4096 W 1400288780323911394 -526396500  
3184 sdc 4195264 4096 W 1400288780323946517 -526396500  
3184 sdc 4195272 4096 W 1400288780323984358 1080824800  
3184 sdc 4195272 4096 W 1400288780324017059 1080824800  
3184 sdc 4195296 4096 W 1400288780324051644 1268951371  
3184 sdc 4195296 4096 W 1400288780324084168 1268951371  
3184 sdc 4195320 4096 W 1400288780324127381 1428846811  
3184 sdc 4195320 4096 W 1400288780324162150 1428846811  
3184 sdc 4195352 4096 W 1400288780324209225 313333048  
3184 sdc 4195352 4096 W 1400288780324243442 313333048  
3184 sdc 4195360 4096 W 1400288780324279048 -684008987  
3184 sdc 4195360 4096 W 1400288780324311524 -684008987  
3184 sdc 4195376 4096 W 1400288780324347611 510574334  
3184 sdc 4195376 4096 W 1400288780324380356 510574334  
3184 sdc 4195384 4096 W 1400288780324416065 1758983319  
3184 sdc 4195384 4096 W 1400288780324448401 1758983319  
3184 sdc 4195392 4096 W 1400288780324482426 1486802657  
3184 sdc 4195392 4096 W 1400288780324514738 1486802657  
3184 sdc 4195400 4096 W 1400288780324549002 115997681  
3184 sdc 4195400 4096 W 1400288780324581361 115997681  
3184 sdc 4195408 4096 W 1400288780324616232 1231259078  
3184 sdc 4195408 4096 W 1400288780324648470 1231259078  
3184 sdc 4195432 4096 W 1400288780324684273 -749483628  
3184 sdc 4195432 4096 W 1400288780324716578 -749483628  
3184 sdc 4195480 4096 W 1400288780324752737 377617706  
3184 sdc 4195480 4096 W 1400288780324785099 377617706  
3184 sdc 4195496 4096 W 1400288780324821465 -936657991  
3184 sdc 4195496 4096 W 1400288780324853851 -936657991  
3184 sdc 4195512 4096 W 1400288780324890576 1468163545  
3184 sdc 4195512 4096 W 1400288780324922932 1468163545  
3184 sdc 4195528 4096 W 1400288780324959848 -184318157  
3184 sdc 4195528 4096 W 1400288780325033461 -184318157  
3184 sdc 4195536 4096 W 1400288780325080771 -1835845086  
3184 sdc 4195536 4096 W 1400288780325114270 -1835845086  
3184 sdc 4195552 4096 W 1400288780325148695 863811065  
3184 sdc 4195552 4096 W 1400288780325181185 863811065  
3184 sdc 4195600 4096 W 1400288780325216796 486820977  
3184 sdc 4195600 4096 W 1400288780325249249 486820977  
3184 sdc 4195608 4096 W 1400288780325284361 -332882960  
3184 sdc 4195608 4096 W 1400288780325316841 -332882960  
3184 sdc 4195632 4096 W 1400288780325351561 -1379192182  
3184 sdc 4195632 4096 W 1400288780325383976 -1379192182  
3184 sdc 4195640 4096 W 1400288780325419202 1318466880  
3184 sdc 4195640 4096 W 1400288780325451565 1318466880  
3184 sdc 4195648 4096 W 1400288780325485524 1872832320  
3184 sdc 4195648 4096 W 1400288780325517859 1872832320  
3184 sdc 4195688 4096 W 1400288780325554762 -712386234  
3184 sdc 4195688 4096 W 1400288780325587088 -712386234  
3184 sdc 4195696 4096 W 1400288780326823699 -580204463  
3184 sdc 4195696 4096 W 1400288780327727767 -580204463  
3184 sdc 4195704 4096 W 1400288780327768331 71157180  
3184 sdc 4195704 4096 W 1400288780327801351 71157180  
3184 sdc 4195712 4096 W 1400288780327835966 630236268  
3184 sdc 4195712 4096 W 1400288780327868499 630236268  
3184 sdc 4195728 4096 W 1400288780327902284 -291989488  
3184 sdc 4195728 4096 W 1400288780327934630 -291989488  
3184 sdc 4195736 4096 W 1400288780327969829 814726357  
3184 sdc 4195736 4096 W 1400288780328002255 814726357  
3184 sdc 4195744 4096 W 1400288780328036059 -731409018  
3184 sdc 4195744 4096 W 1400288780328068281 -731409018  
3184 sdc 4195752 4096 W 1400288780328101968 -427495447  
3184 sdc 4195752 4096 W 1400288780328134293 -427495447  
3184 sdc 4195760 4096 W 1400288780328168155 1412088647  
3184 sdc 4195760 4096 W 1400288780328200346 1412088647  
3184 sdc 4195768 4096 W 1400288780328233895 1690796979  
3184 sdc 4195768 4096 W 1400288780328266124 1690796979  
3184 sdc 4195784 4096 W 1400288780328299593 -786122179  
3184 sdc 4195784 4096 W 1400288780328331755 -786122179  
3184 sdc 4195792 4096 W 1400288780328366330 -1933005170  
3184 sdc 4195792 4096 W 1400288780328398726 -1933005170  
3184 sdc 4195800 4096 W 1400288780328432420 -1348996747  
3184 sdc 4195800 4096 W 1400288780328464702 -1348996747  
3184 sdc 4195816 4096 W 1400288780328498211 -453800034  
3184 sdc 4195816 4096 W 1400288780328530627 -453800034  
3184 sdc 4195824 4096 W 1400288780328564757 -1371191890  
3184 sdc 4195824 4096 W 1400288780328597284 -1371191890  
3184 sdc 4195832 4096 W 1400288780328630860 991849364  
3184 sdc 4195832 4096 W 1400288780328663219 991849364  
3184 sdc 4195848 4096 W 1400288780328699833 1302264059  
3184 sdc 4195848 4096 W 1400288780328732209 1302264059  
3184 sdc 4195856 4096 W 1400288780328766795 -437398044  
3184 sdc 4195856 4096 W 1400288780328799365 -437398044  
3184 sdc 4195880 4096 W 1400288780328832945 -900236910  
3184 sdc 4195880 4096 W 1400288780328865213 -900236910  
3184 sdc 4195896 4096 W 1400288780328900814 -1904112854  
3184 sdc 4195896 4096 W 1400288780328933248 -1904112854  
3184 sdc 4195904 4096 W 1400288780328968269 -1475905565  
3184 sdc 4195904 4096 W 1400288780329000763 -1475905565  
3184 sdc 4195912 4096 W 1400288780329034862 -867527212  
3184 sdc 4195912 4096 W 1400288780329067144 -867527212  
3184 sdc 4195920 4096 W 1400288780329100851 -330782749  
3184 sdc 4195920 4096 W 1400288780329133126 -330782749  
3184 sdc 4195944 4096 W 1400288780329168721 -1361097841  
3184 sdc 4195944 4096 W 1400288780329201047 -1361097841  
3184 sdc 4195960 4096 W 1400288780329236571 -661422048  
3184 sdc 4195960 4096 W 1400288780329268933 -661422048  
3184 sdc 4195968 4096 W 1400288780329304521 408435316  
3184 sdc 4195968 4096 W 1400288780329337082 408435316  
3184 sdc 4195976 4096 W 1400288780329370836 680660358  
3184 sdc 4195976 4096 W 1400288780329403131 680660358  
3184 sdc 4195984 4096 W 1400288780329437117 -1982953859  
3184 sdc 4195984 4096 W 1400288780329469506 -1982953859  
3184 sdc 4195992 4096 W 1400288780329503042 1370269741  
3184 sdc 4195992 4096 W 1400288780329535298 1370269741  
3184 sdc 4196000 4096 W 1400288780329568703 -1614300780  
3184 sdc 4196000 4096 W 1400288780329618926 -1614300780  
3184 sdc 4196008 4096 W 1400288780329660576 -2105670324  
3184 sdc 4196008 4096 W 1400288780329693878 -2105670324  
3184 sdc 4196016 4096 W 1400288780329720041 -1867811670  
3184 sdc 4196016 4096 W 1400288780329732407 -1867811670  
3184 sdc 4196024 4096 W 1400288780329745417 953986776  
3184 sdc 4196024 4096 W 1400288780329757576 953986776  
3184 sdc 4196032 4096 W 1400288780329770279 -107708284  
3184 sdc 4196032 4096 W 1400288780329782394 -107708284  
3184 sdc 4196040 4096 W 1400288780329795736 1387804614  
3184 sdc 4196040 4096 W 1400288780329807857 1387804614  
3184 sdc 4196048 4096 W 1400288780329820713 -2146689352  
3184 sdc 4196048 4096 W 1400288780329832845 -2146689352  
3184 sdc 4196056 4096 W 1400288780329845578 -935792958  
3184 sdc 4196056 4096 W 1400288780329857729 -935792958  
3184 sdc 4196064 4096 W 1400288780329870620 1480952993  
3184 sdc 4196064 4096 W 1400288780329882741 1480952993  
3184 sdc 4196072 4096 W 1400288780329895378 -567465753  
3184 sdc 4196072 4096 W 1400288780329907497 -567465753  
3184 sdc 4196256 4096 W 1400288780329922690 -1492945804  
3184 sdc 4196256 4096 W 1400288780329934910 -1492945804  
3184 sdc 4196288 4096 W 1400288780329948698 1655629359  
3184 sdc 4196288 4096 W 1400288780329960898 1655629359  
3184 sdc 4196296 4096 W 1400288780329973950 620807180  
3184 sdc 4196296 4096 W 1400288780329986128 620807180  
3184 sdc 4196352 4096 W 1400288780329999077 163237159  
3184 sdc 4196352 4096 W 1400288780330011265 163237159  
3184 sdc 4196368 4096 W 1400288780330025029 -782679407  
3184 sdc 4196368 4096 W 1400288780330037231 -782679407  
3184 sdc 4196376 4096 W 1400288780330050364 -910136067  
3184 sdc 4196376 4096 W 1400288780330062516 -910136067  
3184 sdc 4196384 4096 W 1400288780330075308 -1171511081  
3184 sdc 4196384 4096 W 1400288780330087489 -1171511081  
3184 sdc 4196392 4096 W 1400288780330100083 1717953778  
3184 sdc 4196392 4096 W 1400288780330112185 1717953778  
3184 sdc 4196400 4096 W 1400288780330124961 634874350  
3184 sdc 4196400 4096 W 1400288780330137077 634874350  
3184 sdc 4196408 4096 W 1400288780330150084 -1859310697  
3184 sdc 4196408 4096 W 1400288780330162226 -1859310697  
3184 sdc 4196416 4096 W 1400288780330174925 165111187  
3184 sdc 4196416 4096 W 1400288780330187076 165111187  
3184 sdc 4196424 4096 W 1400288780330204606 -1983365166  
3184 sdc 4196424 4096 W 1400288780330216760 -1983365166  
3184 sdc 4199984 4096 W 1400288780330230515 1068720733  
3184 sdc 4199984 4096 W 1400288780330242662 1068720733  
3184 sdc 96469360 4096 W 1400288780330256905 677475353  
3184 sdc 96469360 4096 W 1400288780330269206 677475353  
3184 sdc 96469408 4096 W 1400288780330282659 -1982631504  
3184 sdc 96469408 4096 W 1400288780330294903 -1982631504  
3184 sdc 96469416 4096 W 1400288780330308358 -1383734517  
3184 sdc 96469416 4096 W 1400288780330320501 -1383734517  
3184 sdc 96469528 4096 W 1400288780330333600 -371143207  
3184 sdc 96469528 4096 W 1400288780330345745 -371143207  
3184 sdc 96471232 4096 W 1400288780330793578 2139455580  
3184 sdc 96471232 4096 W 1400288780330862471 2139455580  
3184 sdc 96471456 4096 W 1400288780330877368 250250795  
3184 sdc 96471456 4096 W 1400288780330889738 250250795  
3184 sdc 96471464 4096 W 1400288780330903002 1714988188  
3184 sdc 96471464 4096 W 1400288780330915208 1714988188  
3184 sdc 96471472 4096 W 1400288780330928212 74273496  
3184 sdc 96471472 4096 W 1400288780330940392 74273496  
3184 sdc 96471480 4096 W 1400288780330953213 1262672696  
3184 sdc 96471480 4096 W 1400288780330965418 1262672696  
3184 sdc 96471504 4096 W 1400288780330980724 -1406576847  
3184 sdc 96471504 4096 W 1400288780330992921 -1406576847  
3184 sdc 96471512 4096 W 1400288780331006210 1308945452  
3184 sdc 96471512 4096 W 1400288780331018398 1308945452  
3184 sdc 96471520 4096 W 1400288780331031215 -1554407670  
3184 sdc 96471520 4096 W 1400288780331043379 -1554407670  
3184 sdc 96471528 4096 W 1400288780331056207 -1782113109  
3184 sdc 96471528 4096 W 1400288780331068340 -1782113109  
3184 sdc 96471536 4096 W 1400288780331081161 -1440335425  
3184 sdc 96471536 4096 W 1400288780331093280 -1440335425  
3184 sdc 96471544 4096 W 1400288780331106042 312171416  
3184 sdc 96471544 4096 W 1400288780331118149 312171416  
3184 sdc 96471552 4096 W 1400288780331130987 -320495872  
3184 sdc 96471552 4096 W 1400288780331143132 -320495872  
3184 sdc 96471560 4096 W 1400288780331155804 679673112  
3184 sdc 96471560 4096 W 1400288780331167917 679673112  
3184 sdc 96471568 4096 W 1400288780331180650 734954574  
3184 sdc 96471568 4096 W 1400288780331192802 734954574  
3184 sdc 96471584 4096 W 1400288780331206382 2144380676  
3184 sdc 96471584 4096 W 1400288780331218548 2144380676  
3184 sdc 96471592 4096 W 1400288780331231628 -817258317  
3184 sdc 96471592 4096 W 1400288780331243777 -817258317  
3184 sdc 96471600 4096 W 1400288780331256374 278785107  
3184 sdc 96471600 4096 W 1400288780331268496 278785107  
3184 sdc 96471608 4096 W 1400288780331283339 -172680123  
3184 sdc 96471608 4096 W 1400288780331295487 -172680123  
3184 sdc 96471616 4096 W 1400288780331308238 990271244  
3184 sdc 96471616 4096 W 1400288780331320332 990271244  
3184 sdc 96471624 4096 W 1400288780331333320 1319655277  
3184 sdc 96471624 4096 W 1400288780331345483 1319655277  
3184 sdc 96473296 4096 W 1400288780331358455 -777009555  
3184 sdc 96473296 4096 W 1400288780331370579 -777009555  
3184 sdc 96474008 4096 W 1400288780331383763 -374839922  
3184 sdc 96474008 4096 W 1400288780331395916 -374839922  
3184 sdc 96474016 4096 W 1400288780331409756 -1334053188  
3184 sdc 96474016 4096 W 1400288780331421922 -1334053188  
222 sda1 145056 4096 W 1400288780386899289 -1460684209  
222 sda 147104 4096 W 1400288780386927562 -1460684209  
222 sda1 6632936 4096 W 1400288780387012348 -237066947  
222 sda 6634984 4096 W 1400288780387029582 -237066947  
222 sda1 6672616 4096 W 1400288780387085522 1804774161  
222 sda 6674664 4096 W 1400288780387188872 1804774161  
222 sda1 6674016 4096 W 1400288780387232028 913475744  
222 sda 6676064 4096 W 1400288780387245766 913475744  
222 sda1 4502128 4096 W 1400288780387413919 1917306907  
222 sda 4504176 4096 W 1400288780387427153 1917306907  
222 sda1 4502136 4096 W 1400288780387440663 -1116549375  
222 sda 4504184 4096 W 1400288780387452904 -1116549375  
222 sda1 4502144 4096 W 1400288780387466118 349389841  
222 sda 4504192 4096 W 1400288780387478358 349389841  
222 sda1 4502152 4096 W 1400288780387490905 -857395014  
222 sda 4504200 4096 W 1400288780387503085 -857395014  
222 sda1 4502160 4096 W 1400288780387515905 891622618  
222 sda 4504208 4096 W 1400288780387528031 891622618  
222 sda1 4502168 4096 W 1400288780387540375 1354839251  
222 sda 4504216 4096 W 1400288780387552520 1354839251  
222 sda1 4502176 4096 W 1400288780387565026 -1542848462  
222 sda 4504224 4096 W 1400288780387577138 -1542848462  
222 sda1 4502184 4096 W 1400288780387589463 925471819  
222 sda 4504232 4096 W 1400288780387601594 925471819  
222 sda1 4502192 4096 W 1400288780387614106 -1674266127  
222 sda 4504240 4096 W 1400288780387626206 -1674266127  
222 sda1 4502200 4096 W 1400288780387638656 -322261882  
222 sda 4504248 4096 W 1400288780387650757 -322261882  
222 sda1 4502208 4096 W 1400288780387663371 426960935  
222 sda 4504256 4096 W 1400288780387675467 426960935  
222 sda1 4502216 4096 W 1400288780387688321 1719825278  
222 sda 4504264 4096 W 1400288780387700474 1719825278  
222 sda1 4502224 4096 W 1400288780387712994 328064434  
222 sda 4504272 4096 W 1400288780387725129 328064434  
222 sda1 4502232 4096 W 1400288780387737707 75854464  
222 sda 4504280 4096 W 1400288780387749868 75854464  
222 sda1 4502240 4096 W 1400288780387762422 -840661792  
222 sda 4504288 4096 W 1400288780387774555 -840661792  
222 sda1 4502248 4096 W 1400288780387787074 -1479736503  
222 sda 4504296 4096 W 1400288780387799239 -1479736503  
222 sda1 4502256 4096 W 1400288780387811713 -1209652974  
222 sda 4504304 4096 W 1400288780387823836 -1209652974  
222 sda1 4502264 4096 W 1400288780387836334 -1774895044  
222 sda 4504312 4096 W 1400288780387848397 -1774895044  
222 sda1 4502272 4096 W 1400288780387860913 1717291831  
222 sda 4504320 4096 W 1400288780387873084 1717291831  
222 sda1 4502280 4096 W 1400288780387885527 -2073921229  
222 sda 4504328 4096 W 1400288780387897629 -2073921229  
222 sda1 4502288 4096 W 1400288780387910156 1941516459  
222 sda 4504336 4096 W 1400288780387922243 1941516459  
222 sda1 4502296 4096 W 1400288780387934640 -13017006  
222 sda 4504344 4096 W 1400288780387946743 -13017006  
222 sda1 4502304 4096 W 1400288780387959317 9837268  
222 sda 4504352 4096 W 1400288780387971457 9837268  
222 sda1 4502312 4096 W 1400288780387983838 -516738971  
222 sda 4504360 4096 W 1400288780387995968 -516738971  
222 sda1 4502320 4096 W 1400288780388008474 968899623  
222 sda 4504368 4096 W 1400288780388020610 968899623  
222 sda1 4502328 4096 W 1400288780388042900 599077133  
222 sda 4504376 4096 W 1400288780388055941 599077133  
222 sda1 4502336 4096 W 1400288780388077740 -940607771  
222 sda 4504384 4096 W 1400288780388090050 -940607771  
222 sda1 4502344 4096 W 1400288780388102789 512361744  
222 sda 4504392 4096 W 1400288780388114883 512361744  
222 sda1 4502352 4096 W 1400288780388127191 973442656  
222 sda 4504400 4096 W 1400288780388139263 973442656  
222 sda1 4502360 4096 W 1400288780388151729 -1323509916  
222 sda 4504408 4096 W 1400288780388163880 -1323509916  
222 sda1 4502368 4096 W 1400288780388176333 -634123733  
222 sda 4504416 4096 W 1400288780388188429 -634123733  
222 sda1 4502376 4096 W 1400288780388201231 2123433640  
222 sda 4504424 4096 W 1400288780388213312 2123433640  
222 sda1 4502384 4096 W 1400288780388225866 1035618449  
222 sda 4504432 4096 W 1400288780388237940 1035618449  
222 sda1 4502392 4096 W 1400288780388250432 -824243194  
222 sda 4504440 4096 W 1400288780388262528 -824243194  
222 sda1 4502400 4096 W 1400288780388274926 452691378  
222 sda 4504448 4096 W 1400288780388287047 452691378  
222 sda1 4502408 4096 W 1400288780388299369 434205901  
222 sda 4504456 4096 W 1400288780388311513 434205901  
222 sda1 4502416 4096 W 1400288780388323934 818169855  
222 sda 4504464 4096 W 1400288780388336002 818169855  
222 sda1 4502424 4096 W 1400288780388348365 1692822015  
222 sda 4504472 4096 W 1400288780388360450 1692822015  
222 sda1 4502432 4096 W 1400288780388372973 1704579994  
222 sda 4504480 4096 W 1400288780388385072 1704579994  
222 sda1 4502440 4096 W 1400288780388397593 587658806  
222 sda 4504488 4096 W 1400288780388409684 587658806  
222 sda1 4502448 4096 W 1400288780388422056 823747830  
222 sda 4504496 4096 W 1400288780388434136 823747830  
222 sda1 4502456 4096 W 1400288780389840888 -269735791  
222 sda 4504504 4096 W 1400288780389881854 -269735791  
2093 sdc 50594864 4096 W 1400288780695026070 -1553192955  
2093 sdc 50594864 4096 W 1400288780695073105 -1553192955  
2093 sdc 50594872 4096 W 1400288780695118863 1827600392  
2093 sdc 50594872 4096 W 1400288780695151903 1827600392  
2093 sdc 50594880 4096 W 1400288780695187879 -1723743202  
2093 sdc 50594880 4096 W 1400288780695220268 -1723743202  
2093 sdc 50594888 4096 W 1400288780695254217 853564089  
2093 sdc 50594888 4096 W 1400288780695286811 853564089  
2093 sdc 50594896 4096 W 1400288780695320957 -1736503888  
2093 sdc 50594896 4096 W 1400288780695353484 -1736503888  
2093 sdc 50594904 4096 W 1400288780695398490 1671934345  
2093 sdc 50594904 4096 W 1400288780695454967 1671934345  
2093 sdc 50594912 4096 W 1400288780695480854 893617827  
2093 sdc 50594912 4096 W 1400288780695504158 893617827  
2093 sdc 50594920 4096 W 1400288780695539700 -1132303487  
2093 sdc 50594920 4096 W 1400288780695589849 -1132303487  
2093 sdc 50594928 4096 W 1400288780695639835 500509343  
2093 sdc 50594928 4096 W 1400288780695686072 500509343  
2093 sdc 50594936 4096 W 1400288780695735470 82936562  
2093 sdc 50594936 4096 W 1400288780695781728 82936562  
2093 sdc 50594944 4096 W 1400288780695825873 -1585331925  
2093 sdc 50594944 4096 W 1400288780695862950 -1585331925  
2093 sdc 50594952 4096 W 1400288780695904660 959959571  
2093 sdc 50594952 4096 W 1400288780695945287 959959571  
2093 sdc 50594960 4096 W 1400288780695987672 560482460  
2093 sdc 50594960 4096 W 1400288780696014718 560482460  
2093 sdc 50594968 4096 W 1400288780696059877 1016087302  
2093 sdc 50594968 4096 W 1400288780696101524 1016087302  
2093 sdc 50594976 4096 W 1400288780696134183 1850692253  
2093 sdc 50594976 4096 W 1400288780696162074 1850692253  
2093 sdc 50594984 4096 W 1400288780696196908 -91111476  
2093 sdc 50594984 4096 W 1400288780696229378 -91111476  
2093 sdc 50594992 4096 W 1400288780696266340 500339316  
2093 sdc 50594992 4096 W 1400288780696280339 500339316  
2093 sdc 50595000 4096 W 1400288780696295668 1765677993  
2093 sdc 50595000 4096 W 1400288780696308631 1765677993  
2093 sdc 50595008 4096 W 1400288780696342690 -602916044  
2093 sdc 50595008 4096 W 1400288780696380672 -602916044  
2093 sdc 50595016 4096 W 1400288780696395316 307953038  
2093 sdc 50595016 4096 W 1400288780696408302 307953038  
2093 sdc 50595024 4096 W 1400288780696432522 511791523  
2093 sdc 50595024 4096 W 1400288780696464047 511791523  
2093 sdc 50595032 4096 W 1400288780696478059 2012164473  
2093 sdc 50595032 4096 W 1400288780696491063 2012164473  
2093 sdc 50595040 4096 W 1400288780696531694 -1729983875  
2093 sdc 50595040 4096 W 1400288780696544874 -1729983875  
2093 sdc 50595048 4096 W 1400288780696558818 -1786798821  
2093 sdc 50595048 4096 W 1400288780696571749 -1786798821  
2093 sdc 50595056 4096 W 1400288780696612948 -2070142989  
2093 sdc 50595056 4096 W 1400288780696626089 -2070142989  
2093 sdc 50595064 4096 W 1400288780696639749 -1072729114  
2093 sdc 50595064 4096 W 1400288780696681540 -1072729114  
2093 sdc 50595072 4096 W 1400288780696695292 508268918  
2093 sdc 50595072 4096 W 1400288780696708268 508268918  
2093 sdc 50595080 4096 W 1400288780696721919 -490523180  
2093 sdc 50595080 4096 W 1400288780696734928 -490523180  
2093 sdc 50595088 4096 W 1400288780697192167 1684386194  
2093 sdc 50595088 4096 W 1400288780697208016 1684386194  
