3605 sdb 8224 4096 R 1400290315585967522 505073138  
3605 sdb 8224 4096 R 1400290315585987604 505073138  
521 sda1 4809456 4096 R 1400290315586202924 -202762562  
521 sda 4811504 4096 R 1400290315586217722 -202762562  
3605 sdb 8200 4096 R 1400290315586287114 -1244275347  
3605 sdb 8200 4096 R 1400290315586302608 -1244275347  
3605 sdb 197112 4096 R 1400290315586489877 818547345  
3605 sdb 197112 4096 R 1400290315586504296 818547345  
bcache: 3605 1400290315877815454 14286099  4096 
bcache: 3605 1400290315878535510 1013156890  4096 
bcache: 3605 1400290315878837497 -379613044  4096 
bcache: 3605 1400290315879531263 2010219764  4096 
bcache: 3605 1400290315880221203 -1017460535  4096 
bcache: 3605 1400290315880910547 1523048066  4096 
bcache: 3605 1400290315881670222 7338407  4096 
bcache: 3605 1400290315882369503 44567488  4096 
bcache: 3605 1400290315883941145 129507434  4096 
bcache: 3605 1400290315884637673 -272794879  4096 
bcache: 3605 1400290315885344979 -744072949  4096 
bcache: 3605 1400290315886101273 1345486068  4096 
bcache: 3605 1400290315886848775 2131676502  4096 
bcache: 3605 1400290315887481839 80545361  4096 
bcache: 3605 1400290315888229872 537178681  4096 
bcache: 3605 1400290315888923205 1012564611  4096 
bcache: 3605 1400290315889670206 -987164235  4096 
bcache: 3605 1400290315889932335 227724811  4096 
bcache: 3605 1400290315890190900 89424850  4096 
bcache: 3605 1400290315890433879 1069386876  4096 
bcache: 3605 1400290315890737135 -1712638895  4096 
bcache: 3605 1400290315890949808 2139244177  4096 
bcache: 3605 1400290315891108715 -379080575  4096 
bcache: 3605 1400290315891395140 2090207296  4096 
bcache: 3605 1400290315891654472 -1282504429  4096 
bcache: 3605 1400290315891913377 -215619697  4096 
bcache: 3605 1400290315892172196 -780964406  4096 
bcache: 3605 1400290315892431317 -1872064295  4096 
bcache: 3605 1400290315892690145 -1047276716  4096 
bcache: 3605 1400290315892948975 -419611873  4096 
bcache: 3605 1400290315893207677 -440794505  4096 
bcache: 3605 1400290315893497299 310006523  4096 
bcache: 3605 1400290315893757582 -1825197714  4096 
bcache: 3605 1400290315894017046 402682229  4096 
bcache: 3605 1400290315894297476 -1380453519  4096 
bcache: 3605 1400290315894565555 -2132962001  4096 
bcache: 3605 1400290315894826154 1724910639  4096 
bcache: 3605 1400290315895726363 828602071  4096 
bcache: 3605 1400290315896027249 -859834784  4096 
bcache: 3605 1400290315896317108 -1399052229  4096 
bcache: 3605 1400290315896599138 857799709  4096 
bcache: 3605 1400290315896885572 278226962  4096 
bcache: 3605 1400290315897158409 -2095042846  4096 
bcache: 3605 1400290315897417463 1468273344  4096 
bcache: 3605 1400290315897593089 562579038  4096 
bcache: 3605 1400290315897957307 577864741  4096 
bcache: 3605 1400290315898244767 -764892152  4096 
bcache: 3605 1400290315898504442 710583834  4096 
bcache: 3605 1400290315898785606 1889170741  4096 
bcache: 3605 1400290315899050745 -1336805431  4096 
222 sda1 145056 4096 W 1400290320694994866 -1400528832  
222 sda 147104 4096 W 1400290320695047270 -1400528832  
222 sda1 6632944 4096 W 1400290320695241002 1135810333  
222 sda 6634992 4096 W 1400290320695290387 1135810333  
222 sda1 6675272 4096 W 1400290320695609658 -1275506272  
222 sda 6677320 4096 W 1400290320695806581 -1275506272  
222 sda1 6675264 4096 W 1400290320695887521 1298350562  
222 sda 6677312 4096 W 1400290320695926552 1298350562  
222 sda1 4513176 4096 W 1400290320696046694 -1972698067  
222 sda 4515224 4096 W 1400290320696081384 -1972698067  
222 sda1 4513184 4096 W 1400290320696117398 -27998805  
222 sda 4515232 4096 W 1400290320696149991 -27998805  
222 sda1 4513192 4096 W 1400290320696184970 -1787294674  
222 sda 4515240 4096 W 1400290320696217503 -1787294674  
222 sda1 4513200 4096 W 1400290320696250781 1431471224  
222 sda 4515248 4096 W 1400290320696283120 1431471224  
222 sda1 4513208 4096 W 1400290320696316263 -1372324317  
222 sda 4515256 4096 W 1400290320696348516 -1372324317  
222 sda1 4513216 4096 W 1400290320696381458 2112979359  
222 sda 4515264 4096 W 1400290320696413821 2112979359  
222 sda1 4513224 4096 W 1400290320696446951 1028544455  
222 sda 4515272 4096 W 1400290320696479226 1028544455  
222 sda1 4513232 4096 W 1400290320696512152 1319752775  
222 sda 4515280 4096 W 1400290320696544351 1319752775  
222 sda1 4513240 4096 W 1400290320696577213 -1616500066  
222 sda 4515288 4096 W 1400290320696609608 -1616500066  
222 sda1 4513248 4096 W 1400290320696642662 -536173355  
222 sda 4515296 4096 W 1400290320696674934 -536173355  
222 sda1 4513256 4096 W 1400290320696707890 536293928  
222 sda 4515304 4096 W 1400290320696740186 536293928  
222 sda1 4513264 4096 W 1400290320696773262 1142396692  
222 sda 4515312 4096 W 1400290320696805450 1142396692  
222 sda1 4513272 4096 W 1400290320696841719 1586371781  
222 sda 4515320 4096 W 1400290320696878430 1586371781  
222 sda1 4513280 4096 W 1400290320696915795 -421321080  
222 sda 4515328 4096 W 1400290320696939228 -421321080  
222 sda1 4513288 4096 W 1400290320696953643 -1674380909  
222 sda 4515336 4096 W 1400290320696976319 -1674380909  
222 sda1 4513296 4096 W 1400290320697005442 -664452109  
222 sda 4515344 4096 W 1400290320697038848 -664452109  
222 sda1 4513304 4096 W 1400290320697072914 -1055090070  
222 sda 4515352 4096 W 1400290320697105276 -1055090070  
222 sda1 4513312 4096 W 1400290320697138615 155202084  
222 sda 4515360 4096 W 1400290320697170980 155202084  
222 sda1 4513320 4096 W 1400290320697205750 596235958  
222 sda 4515368 4096 W 1400290320697239223 596235958  
222 sda1 4513328 4096 W 1400290320697273429 1133408009  
222 sda 4515376 4096 W 1400290320697305762 1133408009  
222 sda1 4513336 4096 W 1400290320697339053 -964231328  
222 sda 4515384 4096 W 1400290320697371261 -964231328  
222 sda1 4513344 4096 W 1400290320697404344 1437789412  
222 sda 4515392 4096 W 1400290320697436587 1437789412  
3594 sdb 82328 4096 W 1400290320697521385 14286099  
3594 sdb 82328 4096 W 1400290320697551408 14286099  
3594 sdb 82336 4096 W 1400290320697701753 1013156890  
3594 sdb 82336 4096 W 1400290320697736657 1013156890  
3594 sdb 82344 4096 W 1400290320697770981 -379613044  
3594 sdb 82344 4096 W 1400290320697803377 -379613044  
3594 sdb 82352 4096 W 1400290320697836333 2010219764  
3594 sdb 82352 4096 W 1400290320697868756 2010219764  
3594 sdb 82360 4096 W 1400290320697925541 -1017460535  
3594 sdb 82360 4096 W 1400290320697960452 -1017460535  
3594 sdb 82368 4096 W 1400290320697995765 1523048066  
3594 sdb 82368 4096 W 1400290320698028231 1523048066  
3594 sdb 82376 4096 W 1400290320698061191 7338407  
3594 sdb 82376 4096 W 1400290320698093768 7338407  
3594 sdb 82384 4096 W 1400290320698126828 44567488  
3594 sdb 82384 4096 W 1400290320698159302 44567488  
3594 sdb 82392 4096 W 1400290320698192230 129507434  
3594 sdb 82392 4096 W 1400290320698224657 129507434  
3594 sdb 82400 4096 W 1400290320698257777 -272794879  
3594 sdb 82400 4096 W 1400290320698289992 -272794879  
3594 sdb 82408 4096 W 1400290320698323927 -744072949  
3594 sdb 82408 4096 W 1400290320698360960 -744072949  
3594 sdb 82416 4096 W 1400290320698396152 1345486068  
3594 sdb 82416 4096 W 1400290320698428780 1345486068  
3594 sdb 82432 4096 W 1400290320698461565 2131676502  
3594 sdb 82432 4096 W 1400290320698493800 2131676502  
3594 sdb 82440 4096 W 1400290320698528687 80545361  
3594 sdb 82440 4096 W 1400290320698561204 80545361  
3594 sdb 82448 4096 W 1400290320698594291 537178681  
3594 sdb 82448 4096 W 1400290320698626590 537178681  
3594 sdb 82456 4096 W 1400290320698659325 1012564611  
3594 sdb 82456 4096 W 1400290320698691838 1012564611  
3594 sdb 82464 4096 W 1400290320698724495 -987164235  
3594 sdb 82464 4096 W 1400290320698836939 -987164235  
3594 sdb 82472 4096 W 1400290320698873834 227724811  
3594 sdb 82472 4096 W 1400290320698906522 227724811  
3594 sdb 82480 4096 W 1400290320698939904 89424850  
3594 sdb 82480 4096 W 1400290320698972813 89424850  
3594 sdb 82488 4096 W 1400290320699006963 1069386876  
3594 sdb 82488 4096 W 1400290320699039868 1069386876  
3594 sdb 82496 4096 W 1400290320699073216 -1712638895  
3594 sdb 82496 4096 W 1400290320699105743 -1712638895  
3594 sdb 82504 4096 W 1400290320699139132 2139244177  
3594 sdb 82504 4096 W 1400290320699171424 2139244177  
3594 sdb 82512 4096 W 1400290320699204883 -379080575  
3594 sdb 82512 4096 W 1400290320699237219 -379080575  
3594 sdb 82520 4096 W 1400290320699270232 2090207296  
3594 sdb 82520 4096 W 1400290320699315576 2090207296  
3594 sdb 82528 4096 W 1400290320699332014 -1282504429  
3594 sdb 82528 4096 W 1400290320699347251 -1282504429  
3594 sdb 82536 4096 W 1400290320699363637 -215619697  
3594 sdb 82536 4096 W 1400290320699380530 -215619697  
3594 sdb 82544 4096 W 1400290320699399190 -780964406  
3594 sdb 82544 4096 W 1400290320699424311 -780964406  
3594 sdb 82552 4096 W 1400290320699450361 -1872064295  
3594 sdb 82552 4096 W 1400290320699499569 -1872064295  
3594 sdb 82560 4096 W 1400290320699534366 -1047276716  
3594 sdb 82560 4096 W 1400290320699567138 -1047276716  
3594 sdb 82568 4096 W 1400290320699600425 -419611873  
3594 sdb 82568 4096 W 1400290320699632825 -419611873  
3594 sdb 82576 4096 W 1400290320699665898 -440794505  
3594 sdb 82576 4096 W 1400290320699698086 -440794505  
3594 sdb 82584 4096 W 1400290320699731303 310006523  
3594 sdb 82584 4096 W 1400290320699763717 310006523  
3594 sdb 82592 4096 W 1400290320699796756 -1825197714  
3594 sdb 82592 4096 W 1400290320699829180 -1825197714  
3594 sdb 82600 4096 W 1400290320699862075 402682229  
3594 sdb 82600 4096 W 1400290320699894427 402682229  
3594 sdb 82608 4096 W 1400290320699927289 -1380453519  
3594 sdb 82608 4096 W 1400290320699959652 -1380453519  
3594 sdb 82616 4096 W 1400290320699992434 -2132962001  
3594 sdb 82616 4096 W 1400290320700024733 -2132962001  
3594 sdb 82624 4096 W 1400290320700057655 1724910639  
3594 sdb 82624 4096 W 1400290320700090011 1724910639  
3594 sdb 82632 4096 W 1400290320700124190 828602071  
3594 sdb 82632 4096 W 1400290320700156690 828602071  
3594 sdb 82640 4096 W 1400290320700189851 -859834784  
3594 sdb 82640 4096 W 1400290320700222130 -859834784  
3594 sdb 82648 4096 W 1400290320700254898 -1399052229  
3594 sdb 82648 4096 W 1400290320700287314 -1399052229  
3594 sdb 82656 4096 W 1400290320700320927 857799709  
3594 sdb 82656 4096 W 1400290320700353320 857799709  
3594 sdb 82664 4096 W 1400290320700386132 278226962  
3594 sdb 82664 4096 W 1400290320700418545 278226962  
3594 sdb 82672 4096 W 1400290320700451266 -2095042846  
3594 sdb 82672 4096 W 1400290320700483639 -2095042846  
3594 sdb 82680 4096 W 1400290320700516433 1468273344  
3594 sdb 82680 4096 W 1400290320700548937 1468273344  
3594 sdb 82688 4096 W 1400290320700581799 562579038  
3594 sdb 82688 4096 W 1400290320700615640 562579038  
3594 sdb 82696 4096 W 1400290320700650809 577864741  
3594 sdb 82696 4096 W 1400290320700683500 577864741  
3594 sdb 82704 4096 W 1400290320700716510 -764892152  
3594 sdb 82704 4096 W 1400290320700748913 -764892152  
3594 sdb 82712 4096 W 1400290320700781782 710583834  
3594 sdb 82712 4096 W 1400290320700814060 710583834  
3594 sdb 82720 4096 W 1400290320700847087 1889170741  
3594 sdb 82720 4096 W 1400290320700879500 1889170741  
3594 sdb 82728 4096 W 1400290320700912161 -1336805431  
3594 sdb 82728 4096 W 1400290320700944503 -1336805431  
3594 sdb 20713520 4096 W 1400290320701657798 -1716816620  
3594 sdb 20713520 4096 W 1400290320701696541 -1716816620  
3594 sdb 20713528 4096 W 1400290320701745394 513245056  
3594 sdb 20713528 4096 W 1400290320701778779 513245056  
3594 sdb 20713536 4096 W 1400290320701812945 -2060072270  
3594 sdb 20713536 4096 W 1400290320701917006 -2060072270  
3594 sdb 20713544 4096 W 1400290320701957073 1300689907  
3594 sdb 20713544 4096 W 1400290320701990472 1300689907  
3594 sdb 20713552 4096 W 1400290320702023703 1814241638  
3594 sdb 20713552 4096 W 1400290320702056354 1814241638  
3594 sdb 20713560 4096 W 1400290320702089545 1761825939  
3594 sdb 20713560 4096 W 1400290320702122085 1761825939  
3594 sdb 20713568 4096 W 1400290320702155178 -1717786979  
3594 sdb 20713568 4096 W 1400290320702187682 -1717786979  
3594 sdb 20713576 4096 W 1400290320702466924 -2042127054  
3594 sdb 20713576 4096 W 1400290320702502512 -2042127054  
222 sda1 4513352 4096 W 1400290320726148943 1764675738  
222 sda 4515400 4096 W 1400290320726196485 1764675738  
222 sda1 4513360 4096 W 1400290326694933046 14438188  
222 sda 4515408 4096 W 1400290326694978341 14438188  
222 sda1 4513368 4096 W 1400290326695021624 -1316630304  
222 sda 4515416 4096 W 1400290326695054828 -1316630304  
222 sda1 4513376 4096 W 1400290326695546334 1304493871  
222 sda 4515424 4096 W 1400290326695582240 1304493871  
222 sda1 4513384 4096 W 1400290332694949333 2145879338  
222 sda 4515432 4096 W 1400290332694996649 2145879338  
222 sda1 4513392 4096 W 1400290332695040080 832739219  
222 sda 4515440 4096 W 1400290332695073251 832739219  
222 sda1 4513400 4096 W 1400290332695509456 1483827406  
222 sda 4515448 4096 W 1400290332695549061 1483827406  
222 sda1 4513408 4096 W 1400290338694809297 572276987  
222 sda 4515456 4096 W 1400290338694831425 572276987  
222 sda1 4513416 4096 W 1400290338694851027 167048305  
222 sda 4515464 4096 W 1400290338694879202 167048305  
222 sda1 4513424 4096 W 1400290338695182531 1692507229  
222 sda 4515472 4096 W 1400290338695218930 1692507229  
222 sda1 4513432 4096 W 1400290344694888296 1562872573  
222 sda 4515480 4096 W 1400290344694934227 1562872573  
222 sda1 4513440 4096 W 1400290344694977654 545857973  
222 sda 4515488 4096 W 1400290344695011046 545857973  
222 sda1 4513448 4096 W 1400290344695391850 -2009785999  
222 sda 4515496 4096 W 1400290344695427831 -2009785999  
3590 sda1 6675512 4096 W 1400290344799037526 964235434  
3590 sda 6677560 4096 W 1400290344799085446 964235434  
3590 sda1 12908032 102400 W 1400290349799657499 1736876276 415933401 -1537603667 -1239096702 1752029486 -300512040 -904198973 1045977163 1832839675 -184344336 1814988276 1004977070 1102771909 -1750383625 1003216352 1321680701 1179157475 798823110 79160091 -26135663 -1706309191 -1714781352 -1349784983 414883613 1180733610  
3590 sda 12910080 102400 W 1400290349800394876 1736876276 415933401 -1537603667 -1239096702 1752029486 -300512040 -904198973 1045977163 1832839675 -184344336 1814988276 1004977070 1102771909 -1750383625 1003216352 1321680701 1179157475 798823110 79160091 -26135663 -1706309191 -1714781352 -1349784983 414883613 1180733610  
222 sda1 4513456 4096 W 1400290349800496450 1754219414  
222 sda 4515504 4096 W 1400290349800532474 1754219414  
222 sda1 4513464 4096 W 1400290349800568712 -670507417  
222 sda 4515512 4096 W 1400290349800602553 -670507417  
222 sda1 4513472 4096 W 1400290349800619856 -125684669  
222 sda 4515520 4096 W 1400290349800635057 -125684669  
222 sda1 4513480 4096 W 1400290349800650944 -1  
222 sda 4515528 4096 W 1400290349800665948 -1  
222 sda1 4513488 4096 W 1400290349800703044 2146001996  
222 sda 4515536 4096 W 1400290349800736299 2146001996  
222 sda1 4513496 4096 W 1400290349800770368 -283375439  
222 sda 4515544 4096 W 1400290349800802559 -283375439  
222 sda1 4513504 4096 W 1400290349800835596 1482226338  
222 sda 4515552 4096 W 1400290349800867770 1482226338  
222 sda1 4513512 4096 W 1400290349800900542 1585932438  
222 sda 4515560 4096 W 1400290349800932724 1585932438  
222 sda1 4513520 4096 W 1400290349800965703 1488738256  
222 sda 4515568 4096 W 1400290349800997818 1488738256  
222 sda1 4513528 4096 W 1400290349801577644 -756784666  
222 sda 4515576 4096 W 1400290349801613699 -756784666  
3590 sda1 12906496 524288 W 1400290349803933926 -1774563439 1472733451 713940784 976909746 -1954948954 1265850131 -1451082184 1987231053 -1006885368 437394247 1492475005 -1121236307 665217637 -803466407 212673882 -795442850 -1798388162 1273081865 2132691308 -270222593 1199517888 604450698 -1070968860 -581032084 1347142689 -618193601 1023534516 -226841818 1535100950 -1194201900 789952262 -1398902457 476343647 -319453485 -654318929 -617595509 1918051981 462645548 856727538 1825634323 -1482268722 -1567387242 183842580 1880071726 974025229 -1981744761 -1897 
3590 sda 12908544 524288 W 1400290349809948249 -1774563439 1472733451 713940784 976909746 -1954948954 1265850131 -1451082184 1987231053 -1006885368 437394247 1492475005 -1121236307 665217637 -803466407 212673882 -795442850 -1798388162 1273081865 2132691308 -270222593 1199517888 604450698 -1070968860 -581032084 1347142689 -618193601 1023534516 -226841818 1535100950 -1194201900 789952262 -1398902457 476343647 -319453485 -654318929 -617595509 1918051981 462645548 856727538 1825634323 -1482268722 -1567387242 183842580 1880071726 974025229 -1981744761 -1897 
3590 sda1 12907520 229376 W 1400290349810601845 862303060 -1151675551 322512983 59390201 -1667684369 1835304794 -1481686889 1910054221 1050604684 1875966600 1205696000 -267388758 -71657796 -613848767 1506270742 1214342609 227322131 933493367 -1878181761 -549637190 1009062054 1270061551 -156220875 1556917625 -983636324 -975864330 -674957848 2011151008 1751009276 1967351954 -244327485 1901175596 314891564 1602852099 -1311315507 -18411064 770804176 -1148109037 1636724952 349001293 835822688 663534126 1271492620 -1682894617 475281368 -1932059885 2080893265  
3590 sda 12909568 229376 W 1400290349811636895 862303060 -1151675551 322512983 59390201 -1667684369 1835304794 -1481686889 1910054221 1050604684 1875966600 1205696000 -267388758 -71657796 -613848767 1506270742 1214342609 227322131 933493367 -1878181761 -549637190 1009062054 1270061551 -156220875 1556917625 -983636324 -975864330 -674957848 2011151008 1751009276 1967351954 -244327485 1901175596 314891564 1602852099 -1311315507 -18411064 770804176 -1148109037 1636724952 349001293 835822688 663534126 1271492620 -1682894617 475281368 -1932059885 2080893265  
3590 sda1 3592 4096 R 1400290349815406905 -788237180  
3590 sda 5640 4096 R 1400290349815426004 -788237180  
3590 sda1 145064 4096 W 1400290349913936883 1821324164  
3590 sda 147112 4096 W 1400290349913970457 1821324164  
3590 sda1 6675520 20480 W 1400290349914059791 -1231470932 44119618 -215678713 950402544 -1089122884  
3590 sda 6677568 20480 W 1400290349914138783 -1231470932 44119618 -215678713 950402544 -1089122884  
3590 sda1 8388624 4096 W 1400290354910937063 -1  
3590 sda 8390672 4096 W 1400290354910984880 -1  
3590 sda1 8388864 4096 W 1400290354911034915 -1616500066  
3590 sda 8390912 4096 W 1400290354911068737 -1616500066  
3590 sda1 8414656 4096 W 1400290354911105716 2146001996  
3590 sda 8416704 4096 W 1400290354911138431 2146001996  
3590 sda1 8414664 4096 W 1400290354911174974 -1787294674  
3590 sda 8416712 4096 W 1400290354911207652 -1787294674  
3590 sda1 8454448 4096 W 1400290354911243686 -536173355  
3590 sda 8456496 4096 W 1400290354911276210 -536173355  
3590 sda1 9107944 4096 W 1400290354911313008 -283375439  
3590 sda 9109992 4096 W 1400290354911345505 -283375439  
3590 sda1 12582912 4096 W 1400290354911382253 1028544455  
3590 sda 12584960 4096 W 1400290354911415082 1028544455  
3590 sda1 12583056 4096 W 1400290354911451424 1431471224  
3590 sda 12585104 4096 W 1400290354911483934 1431471224  
3590 sda1 12662120 4096 W 1400290354911524900 1319752775  
3590 sda 12664168 4096 W 1400290354911557524 1319752775  
3590 sda1 0 4096 W 1400290354911611516 -1674380909  
3590 sda 2048 4096 W 1400290354911644091 -1674380909  
3590 sda1 4194480 4096 W 1400290354911684788 536293928  
3590 sda 4196528 4096 W 1400290354911717624 536293928  
3590 sda1 4195992 4096 W 1400290354911754617 -964231328  
3590 sda 4198040 4096 W 1400290354911787227 -964231328  
3590 sda1 4216672 4096 W 1400290354911823298 1586371781  
3590 sda 4218720 4096 W 1400290354911855818 1586371781  
3590 sda1 4219080 4096 W 1400290354911895158 -664452109  
3590 sda 4221128 4096 W 1400290354911927873 -664452109  
3590 sda1 4219248 4096 W 1400290354911965878 1142396692  
3590 sda 4221296 4096 W 1400290354911998513 1142396692  
3590 sda1 4219312 4096 W 1400290354912035100 155202084  
3590 sda 4221360 4096 W 1400290354912067784 155202084  
3590 sda1 4280616 4096 W 1400290354912106125 1133408009  
3590 sda 4282664 4096 W 1400290354912138564 1133408009  
3590 sda1 4326280 4096 W 1400290354912176607 -421321080  
3590 sda 4328328 4096 W 1400290354912209157 -421321080  
222 sda1 6675552 4096 W 1400290355071009252 121169573  
222 sda 6677600 4096 W 1400290355071056334 121169573  
222 sda1 4513536 4096 W 1400290355071234318 -970252896  
222 sda 4515584 4096 W 1400290355071289865 -970252896  
222 sda1 4513544 4096 W 1400290355071526731 -1917219078  
222 sda 4515592 4096 W 1400290355071566506 -1917219078  
222 sda1 4513552 4096 W 1400290355071603573 -433178107  
222 sda 4515600 4096 W 1400290355071636277 -433178107  
222 sda1 4513560 4096 W 1400290355071670645 -1379799545  
222 sda 4515608 4096 W 1400290355071703253 -1379799545  
222 sda1 4513568 4096 W 1400290355071737091 1615302599  
222 sda 4515616 4096 W 1400290355071769466 1615302599  
222 sda1 4513576 4096 W 1400290355071803469 -1392275798  
222 sda 4515624 4096 W 1400290355071835744 -1392275798  
222 sda1 4513584 4096 W 1400290355071869692 779647843  
222 sda 4515632 4096 W 1400290355071902222 779647843  
222 sda1 4513592 4096 W 1400290355071935909 972873824  
222 sda 4515640 4096 W 1400290355071968275 972873824  
222 sda1 4513600 4096 W 1400290355072002274 -1223961629  
222 sda 4515648 4096 W 1400290355072034741 -1223961629  
222 sda1 4513608 4096 W 1400290355072674783 -943225914  
222 sda 4515656 4096 W 1400290355072716983 -943225914  
3592 sdb 0 4096 W 1400290355599073390 -2060072270  
3592 sdb 0 4096 W 1400290355599123908 -2060072270  
3592 sdb 8 4096 W 1400290355599175211 1761825939  
3592 sdb 8 4096 W 1400290355599212003 1761825939  
3592 sdb 8200 4096 W 1400290355599255555 1814241638  
3592 sdb 8200 4096 W 1400290355599291431 1814241638  
3592 sdb 8224 4096 W 1400290355599329095 1300689907  
3592 sdb 8224 4096 W 1400290355599361578 1300689907  
3592 sdb 82424 4096 W 1400290355599397897 -1717786979  
3592 sdb 82424 4096 W 1400290355599431513 -1717786979  
222 sda1 6675552 4096 W 1400290360694849505 1322240490  
222 sda 6677600 4096 W 1400290360694895429 1322240490  
222 sda1 4513616 4096 W 1400290360695065272 -814480727  
222 sda 4515664 4096 W 1400290360695246732 -814480727  
222 sda1 4513624 4096 W 1400290360695285433 2115762514  
222 sda 4515672 4096 W 1400290360695318385 2115762514  
222 sda1 4513632 4096 W 1400290360695653532 -470477217  
222 sda 4515680 4096 W 1400290360695689271 -470477217  
222 sda1 9875888 4096 W 1400290366694859990 2054743025  
222 sda 9877936 4096 W 1400290366694883902 2054743025  
222 sda1 4513640 4096 W 1400290366694973602 303804041  
222 sda 4515688 4096 W 1400290366695088598 303804041  
222 sda1 4513648 4096 W 1400290366695107074 1996762539  
222 sda 4515696 4096 W 1400290366695121979 1996762539  
222 sda1 4513656 4096 W 1400290366695139374 -768787959  
222 sda 4515704 4096 W 1400290366695153779 -768787959  
222 sda1 4513664 4096 W 1400290366695314777 -742844629  
222 sda 4515712 4096 W 1400290366695330570 -742844629  
222 sda1 4513672 4096 W 1400290372694939901 95701512  
222 sda 4515720 4096 W 1400290372694991500 95701512  
222 sda1 4513680 4096 W 1400290372695063225 -118358629  
222 sda 4515728 4096 W 1400290372695104712 -118358629  
222 sda1 4513688 4096 W 1400290372695497556 1181345099  
222 sda 4515736 4096 W 1400290372695533603 1181345099  
