bcache: 2357 1400279532 545496166  4096 
bcache: 2357 1400279532 378907019  4096 
bcache: 2357 1400279532 -448531690  4096 
bcache: 2357 1400279532 -516257410  4096 
bcache: 2357 1400279532 163075453  4096 
bcache: 2357 1400279532 633618862  4096 
bcache: 2357 1400279532 310236532  4096 
bcache: 2357 1400279532 -1889052869  4096 
bcache: 2357 1400279532 1654578079  4096 
bcache: 2357 1400279532 -580250535  4096 
bcache: 2357 1400279532 1381967141  4096 
bcache: 2357 1400279532 -2112130609  4096 
bcache: 2357 1400279532 51228440  4096 
bcache: 2357 1400279532 -31498022  4096 
bcache: 2357 1400279532 -1807301904  4096 
bcache: 2357 1400279532 712971481  4096 
bcache: 2357 1400279532 -1655225818  4096 
bcache: 2357 1400279532 33713989  4096 
bcache: 2357 1400279532 -535007647  4096 
bcache: 2357 1400279532 -1690599786  4096 
bcache: 2357 1400279532 -1293908099  4096 
bcache: 2357 1400279532 -360943136  4096 
bcache: 2357 1400279532 2068083069  4096 
bcache: 2357 1400279532 1027207110  4096 
bcache: 2357 1400279532 -1799989205  4096 
bcache: 2357 1400279532 1420849549  4096 
bcache: 2357 1400279532 -1844007951  4096 
bcache: 2357 1400279532 237192013  4096 
bcache: 2357 1400279532 -1044915726  4096 
bcache: 2357 1400279532 11324900  4096 
bcache: 2357 1400279532 -2038506019  4096 
bcache: 2357 1400279532 -689857506  4096 
bcache: 2357 1400279532 98090376  4096 
bcache: 2357 1400279532 -1168095381  4096 
bcache: 2357 1400279532 -266053243  4096 
bcache: 2357 1400279532 1342386911  4096 
bcache: 2357 1400279532 -1675302233  4096 
bcache: 2357 1400279532 1239076339  4096 
bcache: 2357 1400279532 -1983171924  4096 
bcache: 2357 1400279532 -1977785137  4096 
bcache: 2357 1400279532 -1049388018  4096 
bcache: 2357 1400279532 -977912860  4096 
bcache: 2357 1400279532 -1829562199  4096 
bcache: 2357 1400279532 -1194552633  4096 
bcache: 2357 1400279532 -8843558  4096 
bcache: 2357 1400279532 301907890  4096 
bcache: 2357 1400279532 -1239377340  4096 
bcache: 2357 1400279532 -678815440  4096 
bcache: 2357 1400279532 -1956787030  4096 
bcache: 2357 1400279532 -970462997  4096 
222 sda1 145056 4096 W 1400279537 1028176933  
222 sda 147104 4096 W 1400279537 1028176933  
222 sda1 6632936 4096 W 1400279537 -416892423  
222 sda 6634984 4096 W 1400279537 -416892423  
222 sda1 9883112 4096 W 1400279537 -848668205  
222 sda 9885160 4096 W 1400279537 -848668205  
222 sda1 9883104 4096 W 1400279537 1864765907  
222 sda 9885152 4096 W 1400279537 1864765907  
222 sda1 4475040 4096 W 1400279537 -266868567  
222 sda 4477088 4096 W 1400279537 -266868567  
222 sda1 4475048 4096 W 1400279537 -869305762  
222 sda 4477096 4096 W 1400279537 -869305762  
222 sda1 4475056 4096 W 1400279537 872167335  
222 sda 4477104 4096 W 1400279537 872167335  
222 sda1 4475064 4096 W 1400279537 1219234033  
222 sda 4477112 4096 W 1400279537 1219234033  
222 sda1 4475072 4096 W 1400279537 644211143  
222 sda 4477120 4096 W 1400279537 644211143  
222 sda1 4475080 4096 W 1400279537 -1797803562  
222 sda 4477128 4096 W 1400279537 -1797803562  
222 sda1 4475088 4096 W 1400279537 -997546153  
222 sda 4477136 4096 W 1400279537 -997546153  
222 sda1 4475096 4096 W 1400279537 -1966106306  
222 sda 4477144 4096 W 1400279537 -1966106306  
222 sda1 4475104 4096 W 1400279537 506629364  
222 sda 4477152 4096 W 1400279537 506629364  
222 sda1 4475112 4096 W 1400279537 -2007134348  
222 sda 4477160 4096 W 1400279537 -2007134348  
222 sda1 4475120 4096 W 1400279537 64593849  
222 sda 4477168 4096 W 1400279537 64593849  
222 sda1 4475128 4096 W 1400279537 -1414480477  
222 sda 4477176 4096 W 1400279537 -1414480477  
222 sda1 4475136 4096 W 1400279537 -563889206  
222 sda 4477184 4096 W 1400279537 -563889206  
222 sda1 4475144 4096 W 1400279537 -1966249169  
222 sda 4477192 4096 W 1400279537 -1966249169  
222 sda1 4475152 4096 W 1400279537 1792847921  
222 sda 4477200 4096 W 1400279537 1792847921  
222 sda1 4475160 4096 W 1400279537 -1360257248  
222 sda 4477208 4096 W 1400279537 -1360257248  
222 sda1 4475168 4096 W 1400279537 2007394229  
222 sda 4477216 4096 W 1400279537 2007394229  
222 sda1 4475176 4096 W 1400279537 -875094463  
222 sda 4477224 4096 W 1400279537 -875094463  
222 sda1 4475184 4096 W 1400279537 -501500809  
222 sda 4477232 4096 W 1400279537 -501500809  
222 sda1 4475192 4096 W 1400279537 -355448073  
222 sda 4477240 4096 W 1400279537 -355448073  
2087 sdb 81920 4096 W 1400279538 545496166  
2087 sdb 81920 4096 W 1400279538 545496166  
2087 sdb 81928 4096 W 1400279538 378907019  
2087 sdb 81928 4096 W 1400279538 378907019  
2087 sdb 81936 4096 W 1400279538 -448531690  
2087 sdb 81936 4096 W 1400279538 -448531690  
2087 sdb 81944 4096 W 1400279538 -516257410  
2087 sdb 81944 4096 W 1400279538 -516257410  
2087 sdb 81952 4096 W 1400279538 163075453  
2087 sdb 81952 4096 W 1400279538 163075453  
2087 sdb 81960 4096 W 1400279538 633618862  
2087 sdb 81960 4096 W 1400279538 633618862  
2087 sdb 81968 4096 W 1400279538 310236532  
2087 sdb 81968 4096 W 1400279538 310236532  
2087 sdb 81976 4096 W 1400279538 -1889052869  
2087 sdb 81976 4096 W 1400279538 -1889052869  
2087 sdb 81984 4096 W 1400279538 1654578079  
2087 sdb 81984 4096 W 1400279538 1654578079  
2087 sdb 81992 4096 W 1400279538 -580250535  
2087 sdb 81992 4096 W 1400279538 -580250535  
2087 sdb 82000 4096 W 1400279538 1381967141  
2087 sdb 82000 4096 W 1400279538 1381967141  
2087 sdb 82008 4096 W 1400279538 -2112130609  
2087 sdb 82008 4096 W 1400279538 -2112130609  
2087 sdb 82024 4096 W 1400279538 51228440  
2087 sdb 82024 4096 W 1400279538 51228440  
2087 sdb 82032 4096 W 1400279538 -31498022  
2087 sdb 82032 4096 W 1400279538 -31498022  
2087 sdb 82040 4096 W 1400279538 -1807301904  
2087 sdb 82040 4096 W 1400279538 -1807301904  
2087 sdb 82048 4096 W 1400279538 712971481  
2087 sdb 82048 4096 W 1400279538 712971481  
2087 sdb 82056 4096 W 1400279538 -1655225818  
2087 sdb 82056 4096 W 1400279538 -1655225818  
2087 sdb 82064 4096 W 1400279538 33713989  
2087 sdb 82064 4096 W 1400279538 33713989  
2087 sdb 82072 4096 W 1400279538 -535007647  
2087 sdb 82072 4096 W 1400279538 -535007647  
2087 sdb 82080 4096 W 1400279538 -1690599786  
2087 sdb 82080 4096 W 1400279538 -1690599786  
2087 sdb 82088 4096 W 1400279538 -1293908099  
2087 sdb 82088 4096 W 1400279538 -1293908099  
2087 sdb 82096 4096 W 1400279538 -360943136  
2087 sdb 82096 4096 W 1400279538 -360943136  
2087 sdb 82104 4096 W 1400279538 2068083069  
2087 sdb 82104 4096 W 1400279538 2068083069  
2087 sdb 82112 4096 W 1400279538 1027207110  
2087 sdb 82112 4096 W 1400279538 1027207110  
2087 sdb 82120 4096 W 1400279538 -1799989205  
2087 sdb 82120 4096 W 1400279538 -1799989205  
2087 sdb 82128 4096 W 1400279538 1420849549  
2087 sdb 82128 4096 W 1400279538 1420849549  
2087 sdb 82136 4096 W 1400279538 -1844007951  
2087 sdb 82136 4096 W 1400279538 -1844007951  
2087 sdb 82144 4096 W 1400279538 237192013  
2087 sdb 82144 4096 W 1400279538 237192013  
2087 sdb 82152 4096 W 1400279538 -1044915726  
2087 sdb 82152 4096 W 1400279538 -1044915726  
2087 sdb 82160 4096 W 1400279538 11324900  
2087 sdb 82160 4096 W 1400279538 11324900  
2087 sdb 82168 4096 W 1400279538 -2038506019  
2087 sdb 82168 4096 W 1400279538 -2038506019  
2087 sdb 82176 4096 W 1400279538 -689857506  
2087 sdb 82176 4096 W 1400279538 -689857506  
2087 sdb 82184 4096 W 1400279538 98090376  
2087 sdb 82184 4096 W 1400279538 98090376  
2087 sdb 82192 4096 W 1400279538 -1168095381  
2087 sdb 82192 4096 W 1400279538 -1168095381  
2087 sdb 82200 4096 W 1400279538 -266053243  
2087 sdb 82200 4096 W 1400279538 -266053243  
2087 sdb 82208 4096 W 1400279538 1342386911  
2087 sdb 82208 4096 W 1400279538 1342386911  
2087 sdb 82216 4096 W 1400279538 -1675302233  
2087 sdb 82216 4096 W 1400279538 -1675302233  
2087 sdb 82224 4096 W 1400279538 1239076339  
2087 sdb 82224 4096 W 1400279538 1239076339  
2087 sdb 82232 4096 W 1400279538 -1983171924  
2087 sdb 82232 4096 W 1400279538 -1983171924  
2087 sdb 82240 4096 W 1400279538 -1977785137  
2087 sdb 82240 4096 W 1400279538 -1977785137  
2087 sdb 82248 4096 W 1400279538 -1049388018  
2087 sdb 82248 4096 W 1400279538 -1049388018  
2087 sdb 82256 4096 W 1400279538 -977912860  
2087 sdb 82256 4096 W 1400279538 -977912860  
2087 sdb 82264 4096 W 1400279538 -1829562199  
2087 sdb 82264 4096 W 1400279538 -1829562199  
2087 sdb 82272 4096 W 1400279538 -1194552633  
2087 sdb 82272 4096 W 1400279538 -1194552633  
2087 sdb 82280 4096 W 1400279538 -8843558  
2087 sdb 82280 4096 W 1400279538 -8843558  
2087 sdb 82288 4096 W 1400279538 301907890  
2087 sdb 82288 4096 W 1400279538 301907890  
2087 sdb 82296 4096 W 1400279538 -1239377340  
2087 sdb 82296 4096 W 1400279538 -1239377340  
2087 sdb 82304 4096 W 1400279538 -678815440  
2087 sdb 82304 4096 W 1400279538 -678815440  
2087 sdb 82312 4096 W 1400279538 -1956787030  
2087 sdb 82312 4096 W 1400279538 -1956787030  
2087 sdb 82320 4096 W 1400279538 -970462997  
2087 sdb 82320 4096 W 1400279538 -970462997  
2087 sdb 20714312 4096 W 1400279538 -1976534632  
2087 sdb 20714312 4096 W 1400279538 -1976534632  
2087 sdb 20714320 4096 W 1400279538 -1106586275  
2087 sdb 20714320 4096 W 1400279538 -1106586275  
2087 sdb 20714328 4096 W 1400279538 1052884969  
2087 sdb 20714328 4096 W 1400279538 1052884969  
2087 sdb 20714336 4096 W 1400279538 -1949826028  
2087 sdb 20714336 4096 W 1400279538 -1949826028  
2087 sdb 20714344 4096 W 1400279538 990549528  
2087 sdb 20714344 4096 W 1400279538 990549528  
2087 sdb 20714352 4096 W 1400279538 1237148708  
2087 sdb 20714352 4096 W 1400279538 1237148708  
2087 sdb 20714360 4096 W 1400279538 -1550148898  
2087 sdb 20714360 4096 W 1400279538 -1550148898  
2087 sdb 20714368 4096 W 1400279538 2106589719  
2087 sdb 20714368 4096 W 1400279538 2106589719  
2087 sdb 20714376 4096 W 1400279538 -2011122753  
2087 sdb 20714376 4096 W 1400279538 -2011122753  
222 sda1 4475200 4096 W 1400279543 -1223819963  
222 sda 4477248 4096 W 1400279543 -1223819963  
222 sda1 4475208 4096 W 1400279543 -115298677  
222 sda 4477256 4096 W 1400279543 -115298677  
222 sda1 4475216 4096 W 1400279543 684992411  
222 sda 4477264 4096 W 1400279543 684992411  
248 sda1 4768664 4096 W 1400279546 505254028  
248 sda 4770712 4096 W 1400279546 505254028  
222 sda1 4475224 4096 W 1400279549 508382791  
222 sda 4477272 4096 W 1400279549 508382791  
222 sda1 4475232 4096 W 1400279549 108453299  
222 sda 4477280 4096 W 1400279549 108453299  
222 sda1 4475240 4096 W 1400279549 -968620904  
222 sda 4477288 4096 W 1400279549 -968620904  
222 sda1 4475248 4096 W 1400279549 1109581165  
222 sda 4477296 4096 W 1400279549 1109581165  
222 sda1 4475256 4096 W 1400279549 -699197300  
222 sda 4477304 4096 W 1400279549 -699197300  
222 sda1 4475264 4096 W 1400279549 806911410  
222 sda 4477312 4096 W 1400279549 806911410  
222 sda1 4475272 4096 W 1400279555 2110633444  
222 sda 4477320 4096 W 1400279555 2110633444  
222 sda1 4475280 4096 W 1400279555 7771910  
222 sda 4477328 4096 W 1400279555 7771910  
222 sda1 4475288 4096 W 1400279555 -65468179  
222 sda 4477336 4096 W 1400279555 -65468179  
222 sda1 4475296 4096 W 1400279561 626947345  
222 sda 4477344 4096 W 1400279561 626947345  
222 sda1 4475304 4096 W 1400279561 -2069853658  
222 sda 4477352 4096 W 1400279561 -2069853658  
222 sda1 4475312 4096 W 1400279561 1279737309  
222 sda 4477360 4096 W 1400279561 1279737309  
248 sda1 9883304 4096 W 1400279566 -1455560517  
248 sda 9885352 4096 W 1400279566 -1455560517  
248 sda1 9389368 106496 W 1400279566 1736876276 415933401 -1537603667 -1239096702 -1341715270 -1231044657 -88575920 -1935773426 318083335 315649902 1685938438 1470222552 1238532309 -1875001902 -1264482396 259815692 1014613459 -485264802 -362411415 -1362231500 -659380451 -1495753390 -729979947 1187205123 1976908983 -1408062251  
248 sda 9391416 106496 W 1400279566 1736876276 415933401 -1537603667 -1239096702 -1341715270 -1231044657 -88575920 -1935773426 318083335 315649902 1685938438 1470222552 1238532309 -1875001902 -1264482396 259815692 1014613459 -485264802 -362411415 -1362231500 -659380451 -1495753390 -729979947 1187205123 1976908983 -1408062251  
248 sda1 9967616 524288 W 1400279566 -1989381242 1472733451 713940784 976909746 -1172248752 -88513670 1601482048 1215950833 1416073652 274849555 -1875569396 -1018118084 893898588 1817054653 -1407707578 -1425210743 -427370884 -596178691 -1156563369 1796539082 -1571810266 1879362119 10478538 666863205 1658240736 1429977437 -571676105 -610704549 -1597849394 153042780 1137578094 -1542434807 1598669113 -262938977 -1017836121 903539450 -1680017339 89780052 312052939 -785161887 -1879004794 2030688750 -947993219 -637984711 1766846880 -770718780 17631 
248 sda 9969664 524288 W 1400279566 -1989381242 1472733451 713940784 976909746 -1172248752 -88513670 1601482048 1215950833 1416073652 274849555 -1875569396 -1018118084 893898588 1817054653 -1407707578 -1425210743 -427370884 -596178691 -1156563369 1796539082 -1571810266 1879362119 10478538 666863205 1658240736 1429977437 -571676105 -610704549 -1597849394 153042780 1137578094 -1542434807 1598669113 -262938977 -1017836121 903539450 -1680017339 89780052 312052939 -785161887 -1879004794 2030688750 -947993219 -637984711 1766846880 -770718780 17631 
248 sda1 9968640 233472 W 1400279566 -78614520 -2010376155 1196384129 -2018630035 1482028023 -1113613517 -1412856781 -1446104045 1503101491 2019400540 696023817 1979124524 -1483639776 -907465658 -1719832412 304215579 -82954065 1401880787 738021310 -479073577 1532921182 1643816674 558509129 1742611557 214458256 -2000282701 -1197869282 -1008483259 1827561281 194309337 933743810 1714759234 -1071519447 1030055016 348512390 1915571174 944376167 450361804 -1178414418 -418745417 147964206 179267490 -1702431490 538412938 -1420701159 1981718039 -10722 
248 sda 9970688 233472 W 1400279566 -78614520 -2010376155 1196384129 -2018630035 1482028023 -1113613517 -1412856781 -1446104045 1503101491 2019400540 696023817 1979124524 -1483639776 -907465658 -1719832412 304215579 -82954065 1401880787 738021310 -479073577 1532921182 1643816674 558509129 1742611557 214458256 -2000282701 -1197869282 -1008483259 1827561281 194309337 933743810 1714759234 -1071519447 1030055016 348512390 1915571174 944376167 450361804 -1178414418 -418745417 147964206 179267490 -1702431490 538412938 -1420701159 1981718039 -10722 
222 sda1 4475320 4096 W 1400279566 115025447  
222 sda 4477368 4096 W 1400279566 115025447  
222 sda1 4475328 4096 W 1400279566 -1361462452  
222 sda 4477376 4096 W 1400279566 -1361462452  
222 sda1 4475336 4096 W 1400279566 -1524567546  
222 sda 4477384 4096 W 1400279566 -1524567546  
222 sda1 4475344 4096 W 1400279566 -999292410  
222 sda 4477392 4096 W 1400279566 -999292410  
222 sda1 4475352 4096 W 1400279566 -1299811979  
222 sda 4477400 4096 W 1400279566 -1299811979  
222 sda1 4475360 4096 W 1400279566 1570604124  
222 sda 4477408 4096 W 1400279566 1570604124  
222 sda1 4475368 4096 W 1400279566 -648605079  
222 sda 4477416 4096 W 1400279566 -648605079  
222 sda1 4475376 4096 W 1400279566 -1648366628  
222 sda 4477424 4096 W 1400279566 -1648366628  
222 sda1 4475384 4096 W 1400279566 2142738669  
222 sda 4477432 4096 W 1400279566 2142738669  
248 sda1 9883312 12288 W 1400279566 -250359950 -99719497 1540126935  
248 sda 9885360 12288 W 1400279566 -250359950 -99719497 1540126935  
248 sda1 4219256 4096 W 1400279571 -699197300  
248 sda 4221304 4096 W 1400279571 -699197300  
248 sda1 8388608 4096 W 1400279571 -1966106306  
248 sda 8390656 4096 W 1400279571 -1966106306  
248 sda1 8388632 4096 W 1400279571 1570604124  
248 sda 8390680 4096 W 1400279571 1570604124  
248 sda1 8388656 4096 W 1400279571 -1648366628  
248 sda 8390704 4096 W 1400279571 -1648366628  
248 sda1 8388784 4096 W 1400279571 644211143  
248 sda 8390832 4096 W 1400279571 644211143  
248 sda1 8388864 4096 W 1400279571 -2007134348  
248 sda 8390912 4096 W 1400279571 -2007134348  
248 sda1 8414320 4096 W 1400279571 -997546153  
248 sda 8416368 4096 W 1400279571 -997546153  
248 sda1 8414648 4096 W 1400279571 -648605079  
248 sda 8416696 4096 W 1400279571 -648605079  
248 sda1 8414656 4096 W 1400279571 -1299811979  
248 sda 8416704 4096 W 1400279571 -1299811979  
248 sda1 8414664 4096 W 1400279571 1219234033  
248 sda 8416712 4096 W 1400279571 1219234033  
248 sda1 8454448 4096 W 1400279571 64593849  
248 sda 8456496 4096 W 1400279571 64593849  
248 sda1 8517976 4096 W 1400279571 506629364  
248 sda 8520024 4096 W 1400279571 506629364  
248 sda1 0 4096 W 1400279571 -1414480477  
248 sda 2048 4096 W 1400279571 -1414480477  
248 sda1 4194320 4096 W 1400279571 -968620904  
248 sda 4196368 4096 W 1400279571 -968620904  
248 sda1 4195992 4096 W 1400279571 -501500809  
248 sda 4198040 4096 W 1400279571 -501500809  
248 sda1 4217520 4096 W 1400279571 -563889206  
248 sda 4219568 4096 W 1400279571 -563889206  
248 sda1 4219080 4096 W 1400279571 1792847921  
248 sda 4221128 4096 W 1400279571 1792847921  
248 sda1 4219088 4096 W 1400279571 -869305762  
248 sda 4221136 4096 W 1400279571 -869305762  
248 sda1 4219120 4096 W 1400279571 -1360257248  
248 sda 4221168 4096 W 1400279571 -1360257248  
222 sda1 9883328 4096 W 1400279572 329369658  
222 sda 9885376 4096 W 1400279572 329369658  
222 sda1 4475392 4096 W 1400279572 -464182188  
222 sda 4477440 4096 W 1400279572 -464182188  
222 sda1 4475400 4096 W 1400279572 -653608776  
222 sda 4477448 4096 W 1400279572 -653608776  
222 sda1 4475408 4096 W 1400279572 -1078766535  
222 sda 4477456 4096 W 1400279572 -1078766535  
222 sda1 4475416 4096 W 1400279572 1866709096  
222 sda 4477464 4096 W 1400279572 1866709096  
222 sda1 4475424 4096 W 1400279572 1466999964  
222 sda 4477472 4096 W 1400279572 1466999964  
2225 sdb 82016 4096 W 1400279572 2106589719  
2225 sdb 82016 4096 W 1400279572 2106589719  
2225 sdb 8 4096 W 1400279572 1052884969  
2225 sdb 8 4096 W 1400279572 1052884969  
2225 sdb 8200 4096 W 1400279572 -1550148898  
2225 sdb 8200 4096 W 1400279572 -1550148898  
2225 sdb 8208 4096 W 1400279572 -1106586275  
2225 sdb 8208 4096 W 1400279572 -1106586275  
2225 sdb 8216 4096 W 1400279572 990549528  
2225 sdb 8216 4096 W 1400279572 990549528  
2225 sdb 8224 4096 W 1400279572 -1949826028  
2225 sdb 8224 4096 W 1400279572 -1949826028  
2225 sdb 12312 4096 W 1400279572 1237148708  
2225 sdb 12312 4096 W 1400279572 1237148708  
222 sda1 4475432 4096 W 1400279577 -1868171338  
222 sda 4477480 4096 W 1400279577 -1868171338  
222 sda1 4475440 4096 W 1400279577 -2126823119  
222 sda 4477488 4096 W 1400279577 -2126823119  
222 sda1 4475448 4096 W 1400279577 1299120503  
222 sda 4477496 4096 W 1400279577 1299120503  
222 sda1 4475456 4096 W 1400279583 1433186276  
222 sda 4477504 4096 W 1400279583 1433186276  
222 sda1 4475464 4096 W 1400279583 805665965  
222 sda 4477512 4096 W 1400279583 805665965  
222 sda1 4475472 4096 W 1400279583 473279354  
222 sda 4477520 4096 W 1400279583 473279354  
222 sda1 4475480 4096 W 1400279589 710370786  
222 sda 4477528 4096 W 1400279589 710370786  
222 sda1 4475488 4096 W 1400279589 533744502  
222 sda 4477536 4096 W 1400279589 533744502  
222 sda1 4475496 4096 W 1400279589 1558561636  
222 sda 4477544 4096 W 1400279589 1558561636  
