2528 sda1 8658784 4096 R 1399589517  
2528 sda 8660832 4096 R 1399589517  
2528 sda1 8658824 8192 R 1399589517  
2528 sda 8660872 8192 R 1399589517  
2529 sda1 8667360 4096 R 1399589517  
2529 sda 8669408 4096 R 1399589517  
2529 sda1 8667384 8192 R 1399589517  
2529 sda 8669432 8192 R 1399589517  
1658 sda1 319480 4096 W 1399589519 -1925252082  
1658 sda 321528 4096 W 1399589519 -1925252082  
280 sda1 3687112 4096 W 1399589519 -473235812  
280 sda 3689160 4096 W 1399589519 -473235812  
280 sda1 3673648 4096 W 1399589519 1729371158  
280 sda 3675696 4096 W 1399589519 1729371158  
280 sda1 1970480 4096 W 1399589519 1211735428  
280 sda 1972528 4096 W 1399589519 1211735428  
280 sda1 1970904 4096 W 1399589519 253704034  
280 sda 1972952 4096 W 1399589519 253704034  
280 sda1 4473920 4096 W 1399589519 -338001855  
280 sda 4475968 4096 W 1399589519 -338001855  
280 sda1 4473928 4096 W 1399589519 1667986446  
280 sda 4475976 4096 W 1399589519 1667986446  
280 sda1 4473936 4096 W 1399589519 -1755131330  
280 sda 4475984 4096 W 1399589519 -1755131330  
280 sda1 4473944 4096 W 1399589519 1620025423  
280 sda 4475992 4096 W 1399589519 1620025423  
280 sda1 4473952 4096 W 1399589519 -937287910  
280 sda 4476000 4096 W 1399589519 -937287910  
280 sda1 4473960 4096 W 1399589519 -203660041  
280 sda 4476008 4096 W 1399589519 -203660041  
280 sda1 4473968 4096 W 1399589519 2065345544  
280 sda 4476016 4096 W 1399589519 2065345544  
280 sda1 4473976 4096 W 1399589519 1635381243  
280 sda 4476024 4096 W 1399589519 1635381243  
280 sda1 4473984 4096 W 1399589519 -1884907323  
280 sda 4476032 4096 W 1399589519 -1884907323  
280 sda1 4473992 4096 W 1399589519 308850216  
280 sda 4476040 4096 W 1399589519 308850216  
280 sda1 4474000 4096 W 1399589519 421861497  
280 sda 4476048 4096 W 1399589519 421861497  
280 sda1 4474008 4096 W 1399589519 1970188903  
280 sda 4476056 4096 W 1399589519 1970188903  
280 sda1 4474016 4096 W 1399589519 1271122093  
280 sda 4476064 4096 W 1399589519 1271122093  
280 sda1 4474024 4096 W 1399589519 1984130360  
280 sda 4476072 4096 W 1399589519 1984130360  
280 sda1 4474032 4096 W 1399589519 1971635501  
280 sda 4476080 4096 W 1399589519 1971635501  
280 sda1 4474040 4096 W 1399589519 1545286587  
280 sda 4476088 4096 W 1399589519 1545286587  
280 sda1 4474048 4096 W 1399589519 1557332625  
280 sda 4476096 4096 W 1399589519 1557332625  
280 sda1 4474056 4096 W 1399589519 780003178  
280 sda 4476104 4096 W 1399589519 780003178  
280 sda1 4474064 4096 W 1399589519 -1557489431  
280 sda 4476112 4096 W 1399589519 -1557489431  
280 sda1 4474072 4096 W 1399589519 1983330138  
280 sda 4476120 4096 W 1399589519 1983330138  
280 sda1 4474080 4096 W 1399589519 -1449564191  
280 sda 4476128 4096 W 1399589519 -1449564191  
280 sda1 4474088 4096 W 1399589519 823663870  
280 sda 4476136 4096 W 1399589519 823663870  
280 sda1 4474096 4096 W 1399589519 -310074247  
280 sda 4476144 4096 W 1399589519 -310074247  
280 sda1 4474104 4096 W 1399589519 -621394772  
280 sda 4476152 4096 W 1399589519 -621394772  
280 sda1 4474112 4096 W 1399589519 145874466  
280 sda 4476160 4096 W 1399589519 145874466  
280 sda1 4474120 4096 W 1399589519 -642975733  
280 sda 4476168 4096 W 1399589519 -642975733  
280 sda1 4474128 4096 W 1399589519 273983814  
280 sda 4476176 4096 W 1399589519 273983814  
280 sda1 4474136 4096 W 1399589519 -1113816958  
280 sda 4476184 4096 W 1399589519 -1113816958  
280 sda1 4474144 4096 W 1399589519 1900272601  
280 sda 4476192 4096 W 1399589519 1900272601  
280 sda1 4474152 4096 W 1399589519 -2135136638  
280 sda 4476200 4096 W 1399589519 -2135136638  
280 sda1 4474160 4096 W 1399589519 -1988609851  
280 sda 4476208 4096 W 1399589519 -1988609851  
1658 sda1 448928 8192 W 1399589519 1122776276 20177290  
1658 sda 450976 8192 W 1399589519 1122776276 20177290  
1658 sda1 3592 4096 W 1399589519 -682373327  
1658 sda 5640 4096 W 1399589519 -682373327  
1658 sda1 3848 4096 W 1399589519 1518235824  
1658 sda 5896 4096 W 1399589519 1518235824  
1658 sda1 69464 4096 W 1399589519 2042336130  
1658 sda 71512 4096 W 1399589519 2042336130  
1658 sda1 4194304 4096 W 1399589519 1582591577  
1658 sda 4196352 4096 W 1399589519 1582591577  
1658 sda1 4194504 4096 W 1399589519 1340912843  
1658 sda 4196552 4096 W 1399589519 1340912843  
1658 sda1 4221376 4096 W 1399589519 -1348207851  
1658 sda 4223424 4096 W 1399589519 -1348207851  
1658 sda1 4221408 4096 W 1399589519 -1922730100  
1658 sda 4223456 4096 W 1399589519 -1922730100  
1658 sda1 4221432 4096 W 1399589519 -968088549  
1658 sda 4223480 4096 W 1399589519 -968088549  
1658 sda1 4355160 4096 W 1399589519 -281771386  
1658 sda 4357208 4096 W 1399589519 -281771386  
2360 sdb 12560 4096 W 1399589522 870974570  
2360 sdb 12560 4096 W 1399589522 870974570  
2360 sdb 12360 4096 W 1399589522 594008141  
2360 sdb 12360 4096 W 1399589522 594008141  
2360 sdb 12368 4096 W 1399589522 2066309305  
2360 sdb 12368 4096 W 1399589522 2066309305  
2360 sdb 12376 4096 W 1399589522 669403494  
2360 sdb 12376 4096 W 1399589522 669403494  
2360 sdb 12384 4096 W 1399589522 1933972307  
2360 sdb 12384 4096 W 1399589522 1933972307  
2360 sdb 12392 4096 W 1399589522 1127488434  
2360 sdb 12392 4096 W 1399589522 1127488434  
2360 sdb 12400 4096 W 1399589522 1072671424  
2360 sdb 12400 4096 W 1399589522 1072671424  
2360 sdb 12408 4096 W 1399589522 314261122  
2360 sdb 12408 4096 W 1399589522 314261122  
2360 sdb 12416 4096 W 1399589522 578255010  
2360 sdb 12416 4096 W 1399589522 578255010  
2360 sdb 12424 4096 W 1399589522 -1414085061  
2360 sdb 12424 4096 W 1399589522 -1414085061  
2360 sdb 12432 4096 W 1399589522 -1438790091  
2360 sdb 12432 4096 W 1399589522 -1438790091  
2360 sdb 12440 4096 W 1399589522 -360509362  
2360 sdb 12440 4096 W 1399589522 -360509362  
2360 sdb 12448 4096 W 1399589522 -878235541  
2360 sdb 12448 4096 W 1399589522 -878235541  
2360 sdb 12464 4096 W 1399589522 270860521  
2360 sdb 12464 4096 W 1399589522 270860521  
2360 sdb 12472 4096 W 1399589522 659045101  
2360 sdb 12472 4096 W 1399589522 659045101  
2360 sdb 12480 4096 W 1399589522 1907314421  
2360 sdb 12480 4096 W 1399589522 1907314421  
2360 sdb 12488 4096 W 1399589522 -1458533923  
2360 sdb 12488 4096 W 1399589522 -1458533923  
2360 sdb 12496 4096 W 1399589522 -803780779  
2360 sdb 12496 4096 W 1399589522 -803780779  
2360 sdb 12504 4096 W 1399589522 1731884145  
2360 sdb 12504 4096 W 1399589522 1731884145  
2360 sdb 12512 4096 W 1399589522 1949229591  
2360 sdb 12512 4096 W 1399589522 1949229591  
2360 sdb 12520 4096 W 1399589522 -1561267907  
2360 sdb 12520 4096 W 1399589522 -1561267907  
2360 sdb 12528 4096 W 1399589522 1096998791  
2360 sdb 12528 4096 W 1399589522 1096998791  
2360 sdb 12536 4096 W 1399589522 372775125  
2360 sdb 12536 4096 W 1399589522 372775125  
2360 sdb 12544 4096 W 1399589522 -1353983551  
2360 sdb 12544 4096 W 1399589522 -1353983551  
2360 sdb 12552 4096 W 1399589522 1247037512  
2360 sdb 12552 4096 W 1399589522 1247037512  
1881 sdb 104599640 4096 W 1399589522 803644263  
1881 sdb 104599640 4096 W 1399589522 803644263  
1881 sdb 104599648 4096 W 1399589522 -1443200653  
1881 sdb 104599648 4096 W 1399589522 -1443200653  
1881 sdb 104599656 4096 W 1399589522 -1753219465  
1881 sdb 104599656 4096 W 1399589522 -1753219465  
1881 sdb 104599672 4096 W 1399589522 -1411467902  
1881 sdb 104599672 4096 W 1399589522 -1411467902  
1881 sdb 104599680 4096 W 1399589522 1940067060  
1881 sdb 104599680 4096 W 1399589522 1940067060  
1881 sdb 104599688 4096 W 1399589522 -85101230  
1881 sdb 104599688 4096 W 1399589522 -85101230  
1881 sdb 104599696 4096 W 1399589522 -1968365099  
1881 sdb 104599696 4096 W 1399589522 -1968365099  
1881 sdb 104599704 4096 W 1399589522 1200160314  
1881 sdb 104599704 4096 W 1399589522 1200160314  
280 sda1 4474168 4096 W 1399589524 -425542070  
280 sda 4476216 4096 W 1399589524 -425542070  
280 sda1 4474176 4096 W 1399589524 1794277109  
280 sda 4476224 4096 W 1399589524 1794277109  
280 sda1 4474184 4096 W 1399589524 1377247261  
280 sda 4476232 4096 W 1399589524 1377247261  
280 sda1 4474192 4096 W 1399589524 254659395  
280 sda 4476240 4096 W 1399589524 254659395  
280 sda1 4474200 4096 W 1399589524 -1199250511  
280 sda 4476248 4096 W 1399589524 -1199250511  
280 sda1 4474208 4096 W 1399589524 799924327  
280 sda 4476256 4096 W 1399589524 799924327  
280 sda1 4474216 4096 W 1399589530 392913424  
280 sda 4476264 4096 W 1399589530 392913424  
280 sda1 4474224 4096 W 1399589530 308523402  
280 sda 4476272 4096 W 1399589530 308523402  
280 sda1 4474232 4096 W 1399589530 -1826743556  
280 sda 4476280 4096 W 1399589530 -1826743556  
280 sda1 4474240 4096 W 1399589536 1750116374  
280 sda 4476288 4096 W 1399589536 1750116374  
280 sda1 4474248 4096 W 1399589536 1648828474  
280 sda 4476296 4096 W 1399589536 1648828474  
280 sda1 4474256 4096 W 1399589536 1035401392  
280 sda 4476304 4096 W 1399589536 1035401392  
280 sda1 4474264 4096 W 1399589542 -266558583  
280 sda 4476312 4096 W 1399589542 -266558583  
280 sda1 4474272 4096 W 1399589542 2140674488  
280 sda 4476320 4096 W 1399589542 2140674488  
280 sda1 4474280 4096 W 1399589542 1381217932  
280 sda 4476328 4096 W 1399589542 1381217932  
280 sda1 4474288 4096 W 1399589548 -1893242481  
280 sda 4476336 4096 W 1399589548 -1893242481  
280 sda1 4474296 4096 W 1399589548 491731814  
280 sda 4476344 4096 W 1399589548 491731814  
280 sda1 4474304 4096 W 1399589548 469408496  
280 sda 4476352 4096 W 1399589548 469408496  
1658 sda1 1891624 524288 W 1399589549 -177528245 554192726 6306053 -1006796778 1669873743 -34207851 2058976272 -1904567679 -1585259055 -167481114 1103628018 1973624353 -1430987865 -2014070247 1755887546 2111536039 -2131102 1145534725 -366364467 -1672339194 -34502176 -1515549456 -673433501 638181582 184884753 1312432180 -523257293 1259221844 -99283854 1779239213 2065376387 1272605982 49989334 -392892950 1295864568 -320738625 -337388333 -1237088017 -298819458 -896999057 -1677025601 995911906 -314363668 -1954557659 -1628338751 541546872 101087400 
1658 sda 1893672 524288 W 1399589549 -177528245 554192726 6306053 -1006796778 1669873743 -34207851 2058976272 -1904567679 -1585259055 -167481114 1103628018 1973624353 -1430987865 -2014070247 1755887546 2111536039 -2131102 1145534725 -366364467 -1672339194 -34502176 -1515549456 -673433501 638181582 184884753 1312432180 -523257293 1259221844 -99283854 1779239213 2065376387 1272605982 49989334 -392892950 1295864568 -320738625 -337388333 -1237088017 -298819458 -896999057 -1677025601 995911906 -314363668 -1954557659 -1628338751 541546872 101087400 
1658 sda1 1892648 61440 W 1399589549 867330378 1665726762 267430110 -31763635 110765769 -2072508540 -1504517551 561379569 -1459616741 -334886903 1193252958 -958844064 -1839426930 1950976996 306211056  
1658 sda 1894696 61440 W 1399589549 867330378 1665726762 267430110 -31763635 110765769 -2072508540 -1504517551 561379569 -1459616741 -334886903 1193252958 -958844064 -1839426930 1950976996 306211056  
1658 sda1 845736 45056 W 1399589549 1357106306 989789988 509343657 9957543 -1499595217 1000260513 1860606901 -1552071591 316351844 585983812 -764967196  
1658 sda 847784 45056 W 1399589549 1357106306 989789988 509343657 9957543 -1499595217 1000260513 1860606901 -1552071591 316351844 585983812 -764967196  
1658 sda1 319896 4096 W 1399589549 790013406  
1658 sda 321944 4096 W 1399589549 790013406  
1658 sda1 320024 4096 W 1399589549 24395094  
1658 sda 322072 4096 W 1399589549 24395094  
1658 sda1 320440 4096 W 1399589549 907969573  
1658 sda 322488 4096 W 1399589549 907969573  
1658 sda1 836608 57344 W 1399589549 -544867323 -1118251896 2125942535 2019279294 2094918375 -1078498998 -730820253 1042937979 -1724333807 147408063 -1033768278 -1350155332 1463523934 1735454625  
1658 sda 838656 57344 W 1399589549 -544867323 -1118251896 2125942535 2019279294 2094918375 -1078498998 -730820253 1042937979 -1724333807 147408063 -1033768278 -1350155332 1463523934 1735454625  
1658 sda1 385528 28672 W 1399589549 771392154 108857058 1792433608 83413224 -1207136859 -1490718319 -284578724  
1658 sda 387576 28672 W 1399589549 771392154 108857058 1792433608 83413224 -1207136859 -1490718319 -284578724  
1658 sda1 1857512 524288 W 1399589549 793549353 -129963668 -914982651 -322311483 1356545804 778652293 -1706785216 -1675383891 -801469215 369719956 -1483777856 -1916024074 -1138776013 -1044683611 568383392 -836857486 52755478 1793203569 378314134 -4181150 1117572156 1625339199 -1595602996 376193798 1303389850 -1571140771 1710631308 -1813720787 254945520 1059689305 -608728347 1465641445 758938132 -1072757535 -2038356065 -775903379 1544927247 -618468567 -817227712 -228509647 1303057934 1783910241 217105651 326931699 -55014287 1808973728 154266735 
1658 sda 1859560 524288 W 1399589549 793549353 -129963668 -914982651 -322311483 1356545804 778652293 -1706785216 -1675383891 -801469215 369719956 -1483777856 -1916024074 -1138776013 -1044683611 568383392 -836857486 52755478 1793203569 378314134 -4181150 1117572156 1625339199 -1595602996 376193798 1303389850 -1571140771 1710631308 -1813720787 254945520 1059689305 -608728347 1465641445 758938132 -1072757535 -2038356065 -775903379 1544927247 -618468567 -817227712 -228509647 1303057934 1783910241 217105651 326931699 -55014287 1808973728 154266735 
1658 sda1 1858536 110592 W 1399589549 1679979570 -658200854 -1119281916 283376613 1714043619 1287046883 -728202767 696919484 -1115565488 -524434948 1023868746 -1157358273 1192666524 1979915982 -559811061 -1013338000 -1373971696 1944514345 -1979351167 -1622655032 -395719350 108577377 1822074274 -259747424 -1680987273 -1738227608 -624103804  
1658 sda 1860584 110592 W 1399589549 1679979570 -658200854 -1119281916 283376613 1714043619 1287046883 -728202767 696919484 -1115565488 -524434948 1023868746 -1157358273 1192666524 1979915982 -559811061 -1013338000 -1373971696 1944514345 -1979351167 -1622655032 -395719350 108577377 1822074274 -259747424 -1680987273 -1738227608 -624103804  
1658 sda1 320504 4096 W 1399589549 644304537  
1658 sda 322552 4096 W 1399589549 644304537  
1658 sda1 7124808 524288 W 1399589549 793549353 -129963668 -914982651 -322311483 1356545804 778652293 -1706785216 -1675383891 -801469215 369719956 -1483777856 -1916024074 -1138776013 -1044683611 568383392 -836857486 52755478 1793203569 378314134 -4181150 1117572156 1625339199 -1595602996 376193798 1303389850 -1571140771 1710631308 -1813720787 254945520 1059689305 -608728347 1465641445 758938132 -1072757535 -2038356065 -775903379 1544927247 -618468567 -817227712 -228509647 1303057934 1783910241 217105651 326931699 -55014287 1808973728 154266735 
1658 sda 7126856 524288 W 1399589549 793549353 -129963668 -914982651 -322311483 1356545804 778652293 -1706785216 -1675383891 -801469215 369719956 -1483777856 -1916024074 -1138776013 -1044683611 568383392 -836857486 52755478 1793203569 378314134 -4181150 1117572156 1625339199 -1595602996 376193798 1303389850 -1571140771 1710631308 -1813720787 254945520 1059689305 -608728347 1465641445 758938132 -1072757535 -2038356065 -775903379 1544927247 -618468567 -817227712 -228509647 1303057934 1783910241 217105651 326931699 -55014287 1808973728 154266735 
1658 sda1 7125832 110592 W 1399589549 1679979570 -658200854 -1119281916 283376613 1714043619 1287046883 -728202767 696919484 -1115565488 -524434948 1023868746 -1157358273 1192666524 1979915982 -559811061 -1013338000 -1373971696 1944514345 -1979351167 -1622655032 -395719350 108577377 1822074274 -259747424 -1680987273 -1738227608 -624103804  
1658 sda 7127880 110592 W 1399589549 1679979570 -658200854 -1119281916 283376613 1714043619 1287046883 -728202767 696919484 -1115565488 -524434948 1023868746 -1157358273 1192666524 1979915982 -559811061 -1013338000 -1373971696 1944514345 -1979351167 -1622655032 -395719350 108577377 1822074274 -259747424 -1680987273 -1738227608 -624103804  
1658 sda1 6550880 61440 W 1399589549 -1679835867 -52238922 -1162110580 993713324 -365700792 -1540099701 2033658881 1890673703 1437927343 -8549780 1481608153 1772381990 1012659504 916367695 1437918476  
1658 sda 6552928 61440 W 1399589549 -1679835867 -52238922 -1162110580 993713324 -365700792 -1540099701 2033658881 1890673703 1437927343 -8549780 1481608153 1772381990 1012659504 916367695 1437918476  
1658 sda1 5013144 4096 W 1399589549 -1925252082  
1658 sda 5015192 4096 W 1399589549 -1925252082  
1658 sda1 1970912 12288 W 1399589549 1407037535 -1033902887 157013392  
1658 sda 1972960 12288 W 1399589549 1407037535 -1033902887 157013392  
1658 sda1 4377400 4096 W 1399589549 -1449564191  
1658 sda 4379448 4096 W 1399589549 -1449564191  
1658 sda1 0 4096 W 1399589549 1271122093  
1658 sda 2048 4096 W 1399589549 1271122093  
1658 sda1 3624 4096 W 1399589549 2065345544  
1658 sda 5672 4096 W 1399589549 2065345544  
1658 sda1 3696 4096 W 1399589549 -1884907323  
1658 sda 5744 4096 W 1399589549 -1884907323  
1658 sda1 3760 4096 W 1399589549 308850216  
1658 sda 5808 4096 W 1399589549 308850216  
1658 sda1 4552 4096 W 1399589549 1620025423  
1658 sda 6600 4096 W 1399589549 1620025423  
1658 sda1 25512 4096 W 1399589549 -642975733  
1658 sda 27560 4096 W 1399589549 -642975733  
1658 sda1 25520 4096 W 1399589549 1635381243  
1658 sda 27568 4096 W 1399589549 1635381243  
1658 sda1 74248 4096 W 1399589549 1970188903  
1658 sda 76296 4096 W 1399589549 1970188903  
1658 sda1 124216 4096 W 1399589549 1984130360  
1658 sda 126264 4096 W 1399589549 1984130360  
1658 sda1 4194480 4096 W 1399589549 1983330138  
1658 sda 4196528 4096 W 1399589549 1983330138  
1658 sda1 4219416 4096 W 1399589549 -1113816958  
1658 sda 4221464 4096 W 1399589549 -1113816958  
1658 sda1 4219848 4096 W 1399589549 1900272601  
1658 sda 4221896 4096 W 1399589549 1900272601  
1658 sda1 4221960 4096 W 1399589549 -621394772  
1658 sda 4224008 4096 W 1399589549 -621394772  
1658 sda1 4227536 4096 W 1399589549 1545286587  
1658 sda 4229584 4096 W 1399589549 1545286587  
1658 sda1 4231424 4096 W 1399589549 780003178  
1658 sda 4233472 4096 W 1399589549 780003178  
1658 sda1 4232760 4096 W 1399589549 -1557489431  
1658 sda 4234808 4096 W 1399589549 -1557489431  
1658 sda1 4232808 4096 W 1399589549 1557332625  
1658 sda 4234856 4096 W 1399589549 1557332625  
1658 sda1 4355192 4096 W 1399589549 -310074247  
1658 sda 4357240 4096 W 1399589549 -310074247  
2360 sdb 0 4096 W 1399589552 -1753219465  
2360 sdb 0 4096 W 1399589552 -1753219465  
2360 sdb 8 4096 W 1399589552 -85101230  
2360 sdb 8 4096 W 1399589552 -85101230  
2360 sdb 8200 4096 W 1399589552 1940067060  
2360 sdb 8200 4096 W 1399589552 1940067060  
2360 sdb 8216 4096 W 1399589552 -1411467902  
2360 sdb 8216 4096 W 1399589552 -1411467902  
2360 sdb 12456 4096 W 1399589552 -1968365099  
2360 sdb 12456 4096 W 1399589552 -1968365099  
280 sda1 1970928 4096 W 1399589554 956235923  
280 sda 1972976 4096 W 1399589554 956235923  
280 sda1 4474312 4096 W 1399589554 185460306  
280 sda 4476360 4096 W 1399589554 185460306  
280 sda1 4474320 4096 W 1399589554 -4259488  
280 sda 4476368 4096 W 1399589554 -4259488  
280 sda1 4474328 4096 W 1399589554 -914860441  
280 sda 4476376 4096 W 1399589554 -914860441  
280 sda1 4474336 4096 W 1399589554 312046861  
280 sda 4476384 4096 W 1399589554 312046861  
280 sda1 4474344 4096 W 1399589554 867666508  
280 sda 4476392 4096 W 1399589554 867666508  
280 sda1 4474352 4096 W 1399589554 -1245786472  
280 sda 4476400 4096 W 1399589554 -1245786472  
280 sda1 4474360 4096 W 1399589554 -518068604  
280 sda 4476408 4096 W 1399589554 -518068604  
280 sda1 4474368 4096 W 1399589554 -232764499  
280 sda 4476416 4096 W 1399589554 -232764499  
280 sda1 4474376 4096 W 1399589554 -1564803346  
280 sda 4476424 4096 W 1399589554 -1564803346  
280 sda1 4474384 4096 W 1399589554 -17129313  
280 sda 4476432 4096 W 1399589554 -17129313  
280 sda1 4474392 4096 W 1399589554 -79446183  
280 sda 4476440 4096 W 1399589554 -79446183  
280 sda1 4474400 4096 W 1399589554 -1562974763  
280 sda 4476448 4096 W 1399589554 -1562974763  
280 sda1 4474408 4096 W 1399589554 -1  
280 sda 4476456 4096 W 1399589554 -1  
280 sda1 4474416 4096 W 1399589554 218617757  
280 sda 4476464 4096 W 1399589554 218617757  
1686 sda1 1444176 4096 R 1399589555 951042190  
1686 sda 1446224 4096 R 1399589555 951042190  
1686 sda1 1444168 8192 W 1399589555 -1103747643 -190286829  
1686 sda 1446216 8192 W 1399589555 -1103747643 -190286829  
280 sda1 4474424 4096 W 1399589555 -1698984961  
280 sda 4476472 4096 W 1399589555 -1698984961  
280 sda1 4474432 4096 W 1399589555 1217598073  
280 sda 4476480 4096 W 1399589555 1217598073  
280 sda1 4474440 4096 W 1399589555 676901062  
280 sda 4476488 4096 W 1399589555 676901062  
280 sda1 4474448 4096 W 1399589556 -390230864  
280 sda 4476496 4096 W 1399589556 -390230864  
280 sda1 4474456 4096 W 1399589561 506254654  
280 sda 4476504 4096 W 1399589561 506254654  
280 sda1 4474464 4096 W 1399589561 604416354  
280 sda 4476512 4096 W 1399589561 604416354  
280 sda1 4474472 4096 W 1399589561 576441958  
280 sda 4476520 4096 W 1399589561 576441958  
280 sda1 4474480 4096 W 1399589561 -1978732321  
280 sda 4476528 4096 W 1399589561 -1978732321  
280 sda1 4474488 4096 W 1399589567 1649355741  
280 sda 4476536 4096 W 1399589567 1649355741  
280 sda1 4474496 4096 W 1399589567 240297648  
280 sda 4476544 4096 W 1399589567 240297648  
280 sda1 4474504 4096 W 1399589567 126819354  
280 sda 4476552 4096 W 1399589567 126819354  
280 sda1 4474512 4096 W 1399589573 -676025990  
280 sda 4476560 4096 W 1399589573 -676025990  
280 sda1 4474520 4096 W 1399589573 80706822  
280 sda 4476568 4096 W 1399589573 80706822  
280 sda1 4474528 4096 W 1399589573 987195968  
280 sda 4476576 4096 W 1399589573 987195968  
