3203 sda1 8658720 16384 R 1400134398  
3203 sda 8660768 16384 R 1400134398  
600 sda1 144480 4096 R 1400134398 -1819097220  
600 sda 146528 4096 R 1400134398 -1819097220  
3203 sda1 8658752 36864 R 1400134398  
3203 sda 8660800 36864 R 1400134398  
3203 sdb 8224 4096 R 1400134398 2043567065  
3203 sdb 8224 4096 R 1400134398 2043567065  
3203 sdb 8200 4096 R 1400134398 -1605654485  
3203 sdb 8200 4096 R 1400134398 -1605654485  
3203 sdb 229472 4096 R 1400134398 -1155423867  
3203 sdb 229472 4096 R 1400134398 -1155423867  
bcache: 3203 1400134398 -194221109  4096 
bcache: 3203 1400134398 -1053098293  4096 
bcache: 3203 1400134398 -1933042757  4096 
bcache: 3203 1400134398 167467882  4096 
bcache: 3203 1400134398 -1079373758  4096 
bcache: 3203 1400134398 1956869696  4096 
bcache: 3203 1400134398 -1001036785  4096 
bcache: 3203 1400134398 1959905333  4096 
bcache: 3203 1400134398 1544033896  4096 
bcache: 3203 1400134398 -1544701954  4096 
bcache: 3203 1400134398 -689260031  4096 
bcache: 3203 1400134398 -1840659321  4096 
bcache: 3203 1400134398 -259718753  4096 
bcache: 3203 1400134398 752480989  4096 
bcache: 3203 1400134398 -1066135658  4096 
bcache: 3203 1400134398 1303834495  4096 
bcache: 3203 1400134398 -1975430592  4096 
bcache: 3203 1400134398 -1192442033  4096 
bcache: 3203 1400134398 452144997  4096 
bcache: 3203 1400134398 -589862627  4096 
bcache: 3203 1400134398 -1665744646  4096 
bcache: 3203 1400134398 173807637  4096 
bcache: 3203 1400134398 944880278  4096 
bcache: 3203 1400134398 1346329740  4096 
bcache: 3203 1400134398 -1094526100  4096 
bcache: 3203 1400134398 -1064445317  4096 
bcache: 3203 1400134398 -139502410  4096 
bcache: 3203 1400134398 1090768622  4096 
bcache: 3203 1400134398 1099732556  4096 
bcache: 3203 1400134398 -987176871  4096 
bcache: 3203 1400134398 -771911022  4096 
bcache: 3203 1400134398 1794642056  4096 
bcache: 3203 1400134398 -966780938  4096 
bcache: 3203 1400134398 113763241  4096 
bcache: 3203 1400134398 -922998500  4096 
bcache: 3203 1400134398 292553300  4096 
bcache: 3203 1400134398 1039539154  4096 
bcache: 3203 1400134398 -2140246055  4096 
bcache: 3203 1400134398 -1752203638  4096 
bcache: 3203 1400134398 1953624210  4096 
bcache: 3203 1400134398 -1622138477  4096 
bcache: 3203 1400134398 -1108868071  4096 
bcache: 3203 1400134398 621971044  4096 
bcache: 3203 1400134398 60589964  4096 
bcache: 3203 1400134398 1965287348  4096 
bcache: 3203 1400134398 466125361  4096 
bcache: 3203 1400134398 888396066  4096 
bcache: 3203 1400134398 -1089574534  4096 
bcache: 3203 1400134398 -27514730  4096 
bcache: 3203 1400134398 -831769764  4096 
3203 sda1 6201096 4096 R 1400134398  
3203 sda 6203144 4096 R 1400134398  
3204 sda1 8667344 16384 R 1400134398  
3204 sda 8669392 16384 R 1400134398  
3204 sda1 8667376 12288 R 1400134398  
3204 sda 8669424 12288 R 1400134398  
230 sda1 144480 4096 W 1400134403 -1799809468  
230 sda 146528 4096 W 1400134403 -1799809468  
230 sda1 142776 4096 W 1400134403 574533090  
230 sda 144824 4096 W 1400134403 574533090  
230 sda1 6493280 4096 W 1400134403 -806508083  
230 sda 6495328 4096 W 1400134403 -806508083  
230 sda1 6493296 4096 W 1400134403 -9914075  
230 sda 6495344 4096 W 1400134403 -9914075  
230 sda1 4504048 4096 W 1400134403 731814315  
230 sda 4506096 4096 W 1400134403 731814315  
230 sda1 4504056 4096 W 1400134403 687947950  
230 sda 4506104 4096 W 1400134403 687947950  
230 sda1 4504064 4096 W 1400134403 1388247310  
230 sda 4506112 4096 W 1400134403 1388247310  
230 sda1 4504072 4096 W 1400134403 -1610447747  
230 sda 4506120 4096 W 1400134403 -1610447747  
230 sda1 4504080 4096 W 1400134403 -2100230443  
230 sda 4506128 4096 W 1400134403 -2100230443  
230 sda1 4504088 4096 W 1400134403 -1771901672  
230 sda 4506136 4096 W 1400134403 -1771901672  
230 sda1 4504096 4096 W 1400134403 1082892017  
230 sda 4506144 4096 W 1400134403 1082892017  
230 sda1 4504104 4096 W 1400134403 -995123336  
230 sda 4506152 4096 W 1400134403 -995123336  
230 sda1 4504112 4096 W 1400134403 1846944767  
230 sda 4506160 4096 W 1400134403 1846944767  
230 sda1 4504120 4096 W 1400134403 -1233333821  
230 sda 4506168 4096 W 1400134403 -1233333821  
230 sda1 4504128 4096 W 1400134403 -806876958  
230 sda 4506176 4096 W 1400134403 -806876958  
230 sda1 4504136 4096 W 1400134403 1506333497  
230 sda 4506184 4096 W 1400134403 1506333497  
230 sda1 4504144 4096 W 1400134403 -467407343  
230 sda 4506192 4096 W 1400134403 -467407343  
230 sda1 4504152 4096 W 1400134403 -1505283241  
230 sda 4506200 4096 W 1400134403 -1505283241  
230 sda1 4504160 4096 W 1400134403 1516515416  
230 sda 4506208 4096 W 1400134403 1516515416  
230 sda1 4504168 4096 W 1400134403 -66452079  
230 sda 4506216 4096 W 1400134403 -66452079  
3205 sdb 49536 4096 W 1400134403 -1089574534  
3205 sdb 49536 4096 W 1400134403 -1089574534  
3205 sdb 49544 4096 W 1400134403 -27514730  
3205 sdb 49544 4096 W 1400134403 -27514730  
3205 sdb 49552 4096 W 1400134403 -831769764  
3205 sdb 49552 4096 W 1400134403 -831769764  
3205 sdb 49152 4096 W 1400134403 -194221109  
3205 sdb 49152 4096 W 1400134403 -194221109  
3205 sdb 49160 4096 W 1400134403 -1053098293  
3205 sdb 49160 4096 W 1400134403 -1053098293  
3205 sdb 49168 4096 W 1400134403 -1933042757  
3205 sdb 49168 4096 W 1400134403 -1933042757  
3205 sdb 49176 4096 W 1400134403 167467882  
3205 sdb 49176 4096 W 1400134403 167467882  
3205 sdb 49184 4096 W 1400134403 -1079373758  
3205 sdb 49184 4096 W 1400134403 -1079373758  
3205 sdb 49192 4096 W 1400134403 1956869696  
3205 sdb 49192 4096 W 1400134403 1956869696  
3205 sdb 49200 4096 W 1400134403 -1001036785  
3205 sdb 49200 4096 W 1400134403 -1001036785  
3205 sdb 49208 4096 W 1400134403 1959905333  
3205 sdb 49208 4096 W 1400134403 1959905333  
3205 sdb 49216 4096 W 1400134403 1544033896  
3205 sdb 49216 4096 W 1400134403 1544033896  
3205 sdb 49224 4096 W 1400134403 -1544701954  
3205 sdb 49224 4096 W 1400134403 -1544701954  
3205 sdb 49232 4096 W 1400134403 -689260031  
3205 sdb 49232 4096 W 1400134403 -689260031  
3205 sdb 49240 4096 W 1400134403 -1840659321  
3205 sdb 49240 4096 W 1400134403 -1840659321  
3205 sdb 49256 4096 W 1400134403 -259718753  
3205 sdb 49256 4096 W 1400134403 -259718753  
3205 sdb 49264 4096 W 1400134403 752480989  
3205 sdb 49264 4096 W 1400134403 752480989  
3205 sdb 49272 4096 W 1400134403 -1066135658  
3205 sdb 49272 4096 W 1400134403 -1066135658  
3205 sdb 49280 4096 W 1400134403 1303834495  
3205 sdb 49280 4096 W 1400134403 1303834495  
3205 sdb 49288 4096 W 1400134403 -1975430592  
3205 sdb 49288 4096 W 1400134403 -1975430592  
3205 sdb 49296 4096 W 1400134403 -1192442033  
3205 sdb 49296 4096 W 1400134403 -1192442033  
3205 sdb 49304 4096 W 1400134403 452144997  
3205 sdb 49304 4096 W 1400134403 452144997  
3205 sdb 49312 4096 W 1400134403 -589862627  
3205 sdb 49312 4096 W 1400134403 -589862627  
3205 sdb 49320 4096 W 1400134403 -1665744646  
3205 sdb 49320 4096 W 1400134403 -1665744646  
3205 sdb 49328 4096 W 1400134403 173807637  
3205 sdb 49328 4096 W 1400134403 173807637  
3205 sdb 49336 4096 W 1400134403 944880278  
3205 sdb 49336 4096 W 1400134403 944880278  
3205 sdb 49344 4096 W 1400134403 1346329740  
3205 sdb 49344 4096 W 1400134403 1346329740  
3205 sdb 49352 4096 W 1400134403 -1094526100  
3205 sdb 49352 4096 W 1400134403 -1094526100  
3205 sdb 49360 4096 W 1400134403 -1064445317  
3205 sdb 49360 4096 W 1400134403 -1064445317  
3205 sdb 49368 4096 W 1400134403 -139502410  
3205 sdb 49368 4096 W 1400134403 -139502410  
3205 sdb 49376 4096 W 1400134403 1090768622  
3205 sdb 49376 4096 W 1400134403 1090768622  
3205 sdb 49384 4096 W 1400134403 1099732556  
3205 sdb 49384 4096 W 1400134403 1099732556  
3205 sdb 49392 4096 W 1400134403 -987176871  
3205 sdb 49392 4096 W 1400134403 -987176871  
3205 sdb 49400 4096 W 1400134403 -771911022  
3205 sdb 49400 4096 W 1400134403 -771911022  
3205 sdb 49408 4096 W 1400134403 1794642056  
3205 sdb 49408 4096 W 1400134403 1794642056  
3205 sdb 49416 4096 W 1400134403 -966780938  
3205 sdb 49416 4096 W 1400134403 -966780938  
3205 sdb 49424 4096 W 1400134403 113763241  
3205 sdb 49424 4096 W 1400134403 113763241  
3205 sdb 49432 4096 W 1400134403 -922998500  
3205 sdb 49432 4096 W 1400134403 -922998500  
3205 sdb 49440 4096 W 1400134403 292553300  
230 sda1 4504176 4096 W 1400134403 14051775  
230 sda 4506224 4096 W 1400134403 14051775  
3205 sdb 49440 4096 W 1400134403 292553300  
3205 sdb 49448 4096 W 1400134403 1039539154  
3205 sdb 49448 4096 W 1400134403 1039539154  
3205 sdb 49456 4096 W 1400134403 -2140246055  
3205 sdb 49456 4096 W 1400134403 -2140246055  
3205 sdb 49464 4096 W 1400134403 -1752203638  
3205 sdb 49464 4096 W 1400134403 -1752203638  
3205 sdb 49472 4096 W 1400134403 1953624210  
3205 sdb 49472 4096 W 1400134403 1953624210  
3205 sdb 49480 4096 W 1400134403 -1622138477  
3205 sdb 49480 4096 W 1400134403 -1622138477  
3205 sdb 49488 4096 W 1400134403 -1108868071  
3205 sdb 49488 4096 W 1400134403 -1108868071  
3205 sdb 49496 4096 W 1400134403 621971044  
3205 sdb 49496 4096 W 1400134403 621971044  
3205 sdb 49504 4096 W 1400134403 60589964  
3205 sdb 49504 4096 W 1400134403 60589964  
3205 sdb 49512 4096 W 1400134403 1965287348  
3205 sdb 49512 4096 W 1400134403 1965287348  
3205 sdb 49520 4096 W 1400134403 466125361  
3205 sdb 49520 4096 W 1400134403 466125361  
3205 sdb 49528 4096 W 1400134403 888396066  
3205 sdb 49528 4096 W 1400134403 888396066  
1963 sdb 20713584 4096 R 1400134404 -831769764  
1963 sdb 20713584 4096 R 1400134404 -831769764  
1963 sdb 20713704 4096 W 1400134404 -1388233775  
1963 sdb 20713704 4096 W 1400134404 -1388233775  
1963 sdb 20713712 4096 W 1400134404 -2030663939  
1963 sdb 20713712 4096 W 1400134404 -2030663939  
1963 sdb 20713720 4096 W 1400134404 828574604  
1963 sdb 20713720 4096 W 1400134404 828574604  
1963 sdb 20713728 4096 W 1400134404 54619547  
1963 sdb 20713728 4096 W 1400134404 54619547  
1963 sdb 20713736 4096 W 1400134404 1872574613  
1963 sdb 20713736 4096 W 1400134404 1872574613  
1963 sdb 20713744 4096 W 1400134404 -1967796150  
1963 sdb 20713744 4096 W 1400134404 -1967796150  
1963 sdb 20713752 4096 W 1400134404 1315604309  
1963 sdb 20713752 4096 W 1400134404 1315604309  
1963 sdb 20713760 4096 W 1400134404 352632068  
1963 sdb 20713760 4096 W 1400134404 352632068  
230 sda1 4504184 4096 W 1400134409 -738526040  
230 sda 4506232 4096 W 1400134409 -738526040  
230 sda1 4504192 4096 W 1400134409 -253946111  
230 sda 4506240 4096 W 1400134409 -253946111  
230 sda1 4504200 4096 W 1400134409 -1342728495  
230 sda 4506248 4096 W 1400134409 -1342728495  
1487 sda1 6493504 4096 W 1400134410 -324656066  
1487 sda 6495552 4096 W 1400134410 -324656066  
230 sda1 4504208 4096 W 1400134415 -1520864708  
230 sda 4506256 4096 W 1400134415 -1520864708  
230 sda1 4504216 4096 W 1400134415 -2045269181  
230 sda 4506264 4096 W 1400134415 -2045269181  
230 sda1 4504224 4096 W 1400134415 -1218852954  
230 sda 4506272 4096 W 1400134415 -1218852954  
230 sda1 4504232 4096 W 1400134415 546091687  
230 sda 4506280 4096 W 1400134415 546091687  
230 sda1 4504240 4096 W 1400134415 1780257042  
230 sda 4506288 4096 W 1400134415 1780257042  
230 sda1 4504248 4096 W 1400134415 1481007351  
230 sda 4506296 4096 W 1400134415 1481007351  
230 sda1 4504256 4096 W 1400134415 1339996093  
230 sda 4506304 4096 W 1400134415 1339996093  
230 sda1 4504264 4096 W 1400134415 -1529305502  
230 sda 4506312 4096 W 1400134415 -1529305502  
