278 sda9 61354328 4096 W 1400115818 1232166029  
2162 sdb2 487068096 4096 W 1400115818 2108191197  
278 sda 499677528 4096 W 1400115818 1232166029  
2162 sdb 487477736 4096 W 1400115818 2108191197  
2162 sdb2 487068104 4096 W 1400115818 -1178018957  
278 sda9 147992272 4096 W 1400115818 -897599566  
2162 sdb 487477744 4096 W 1400115818 -1178018957  
278 sda 586315472 4096 W 1400115818 -897599566  
278 sda9 148116144 4096 W 1400115818 1410639243  
278 sda 586439344 4096 W 1400115818 1410639243  
278 sda9 148116136 4096 W 1400115818 -38167141  
278 sda 586439336 4096 W 1400115818 -38167141  
278 sda9 222590688 4096 W 1400115818 1498825488  
278 sda 660913888 4096 W 1400115818 1498825488  
278 sda9 222590696 4096 W 1400115818 355909703  
278 sda 660913896 4096 W 1400115818 355909703  
278 sda9 222590704 4096 W 1400115818 941563179  
278 sda 660913904 4096 W 1400115818 941563179  
278 sda9 222590712 4096 W 1400115818 603550755  
278 sda 660913912 4096 W 1400115818 603550755  
2162 sdb2 487068112 4096 W 1400115818 -124536801  
278 sda9 222590720 4096 W 1400115818 1252239552  
2162 sdb 487477752 4096 W 1400115818 -124536801  
278 sda 660913920 4096 W 1400115818 1252239552  
278 sda9 222590728 4096 W 1400115818 -904328296  
278 sda 660913928 4096 W 1400115818 -904328296  
278 sda9 222590736 4096 W 1400115818 783664251  
278 sda 660913936 4096 W 1400115818 783664251  
278 sda9 222590744 4096 W 1400115818 1705316392  
278 sda 660913944 4096 W 1400115818 1705316392  
278 sda9 222590752 4096 W 1400115818 -325086478  
278 sda 660913952 4096 W 1400115818 -325086478  
278 sda9 222590760 4096 W 1400115818 1602666477  
278 sda 660913960 4096 W 1400115818 1602666477  
278 sda9 222590768 4096 W 1400115818 1543643875  
278 sda 660913968 4096 W 1400115818 1543643875  
278 sda9 222590776 4096 W 1400115818 1112011378  
278 sda 660913976 4096 W 1400115818 1112011378  
278 sda9 222590784 4096 W 1400115818 -358061181  
278 sda 660913984 4096 W 1400115818 -358061181  
278 sda9 222590792 4096 W 1400115818 1502210084  
278 sda 660913992 4096 W 1400115818 1502210084  
278 sda9 222590800 4096 W 1400115818 42633653  
278 sda 660914000 4096 W 1400115818 42633653  
278 sda9 222590808 4096 W 1400115818 1211132618  
278 sda 660914008 4096 W 1400115818 1211132618  
278 sda9 222590816 4096 W 1400115818 -1285798097  
278 sda 660914016 4096 W 1400115818 -1285798097  
278 sda9 222590824 4096 W 1400115818 -1596481438  
278 sda 660914024 4096 W 1400115818 -1596481438  
278 sda9 222590832 4096 W 1400115818 -377750896  
278 sda 660914032 4096 W 1400115818 -377750896  
278 sda9 222590840 4096 W 1400115818 -1290644445  
278 sda 660914040 4096 W 1400115818 -1290644445  
278 sda9 222590848 4096 W 1400115818 743848063  
278 sda 660914048 4096 W 1400115818 743848063  
278 sda9 222590856 4096 W 1400115818 18962233  
278 sda 660914056 4096 W 1400115818 18962233  
278 sda9 222590864 4096 W 1400115818 158655523  
278 sda 660914064 4096 W 1400115818 158655523  
278 sda9 222590872 4096 W 1400115818 154152824  
278 sda 660914072 4096 W 1400115818 154152824  
bcache: 3548 1400115819 -917678602  4096 
bcache: 3548 1400115819 -746108439  4096 
3548 sda9 31355088 8192 W 1400115819 -917678602 -746108439  
3548 sda 469678288 8192 W 1400115819 -917678602 -746108439  
3548 sda9 0 0 W 1400115819  
3548 sda9 0 0 W 1400115819  
bcache: 3548 1400115819 -1297089670  4096 
3548 sda9 31355104 4096 W 1400115819 -1297089670  
3548 sda 469678304 4096 W 1400115819 -1297089670  
3548 sda9 0 0 W 1400115819  
3548 sda9 0 0 W 1400115819  
278 sda9 222590880 4096 W 1400115824 -670921350  
278 sda 660914080 4096 W 1400115824 -670921350  
278 sda9 222590888 4096 W 1400115824 -790352661  
278 sda 660914088 4096 W 1400115824 -790352661  
278 sda9 222590896 4096 W 1400115824 -1001283668  
278 sda 660914096 4096 W 1400115824 -1001283668  
278 sda9 222590904 4096 W 1400115824 2108871254  
278 sda 660914104 4096 W 1400115824 2108871254  
bcache: 3548 1400115825 2092357457  4096 
bcache: 3548 1400115825 361246720  4096 
3548 sda9 31355112 8192 W 1400115825 2092357457 361246720  
3548 sda 469678312 8192 W 1400115825 2092357457 361246720  
3548 sda9 0 0 W 1400115825  
3548 sda9 0 0 W 1400115825  
bcache: 3548 1400115825 -361714135  4096 
3548 sda9 31355128 4096 W 1400115825 -361714135  
3548 sda 469678328 4096 W 1400115825 -361714135  
3548 sda9 0 0 W 1400115825  
3548 sda9 0 0 W 1400115825  
278 sda9 222590912 4096 W 1400115830 1078888165  
278 sda 660914112 4096 W 1400115830 1078888165  
278 sda9 222590920 4096 W 1400115830 -1075328719  
278 sda 660914120 4096 W 1400115830 -1075328719  
278 sda9 222590928 4096 W 1400115830 -1382479784  
278 sda 660914128 4096 W 1400115830 -1382479784  
278 sda9 222590936 4096 W 1400115830 -426896214  
278 sda 660914136 4096 W 1400115830 -426896214  
bcache: 3548 1400115831 59579735  4096 
bcache: 3548 1400115831 -375044261  4096 
3548 sda9 31355136 8192 W 1400115831 59579735 -375044261  
3548 sda 469678336 8192 W 1400115831 59579735 -375044261  
3548 sda9 0 0 W 1400115831  
3548 sda9 0 0 W 1400115831  
bcache: 3548 1400115831 -687693082  4096 
3548 sda9 31355152 4096 W 1400115831 -687693082  
3548 sda 469678352 4096 W 1400115831 -687693082  
3548 sda9 0 0 W 1400115831  
3548 sda9 0 0 W 1400115831  
304 sda9 146800672 4096 W 1400115835 -1596481438  
304 sda 585123872 4096 W 1400115835 -1596481438  
304 sda9 155192480 4096 W 1400115835 -1285798097  
304 sda 593515680 4096 W 1400115835 -1285798097  
304 sda9 180355072 4096 W 1400115835 1543643875  
304 sda 618678272 4096 W 1400115835 1543643875  
304 sda9 180355208 4096 W 1400115835 1705316392  
304 sda 618678408 4096 W 1400115835 1705316392  
304 sda9 180360048 4096 W 1400115835 -1290644445  
304 sda 618683248 4096 W 1400115835 -1290644445  
304 sda9 180360152 4096 W 1400115835 1602666477  
304 sda 618683352 4096 W 1400115835 1602666477  
304 sda9 180428352 4096 W 1400115835 1112011378  
304 sda 618751552 4096 W 1400115835 1112011378  
304 sda9 0 4096 W 1400115835 941563179  
304 sda 438323200 4096 W 1400115835 941563179  
304 sda9 16 4096 W 1400115835 783664251  
304 sda 438323216 4096 W 1400115835 783664251  
304 sda9 40 4096 W 1400115835 -377750896  
304 sda 438323240 4096 W 1400115835 -377750896  
304 sda9 48 4096 W 1400115835 -325086478  
304 sda 438323248 4096 W 1400115835 -325086478  
304 sda9 46137352 4096 W 1400115835 -904328296  
304 sda 484460552 4096 W 1400115835 -904328296  
304 sda9 46143088 4096 W 1400115835 1252239552  
304 sda 484466288 4096 W 1400115835 1252239552  
304 sda9 46143096 4096 W 1400115835 -323325190  
304 sda 484466296 4096 W 1400115835 -323325190  
304 sda9 58720344 4096 W 1400115835 743848063  
304 sda 497043544 4096 W 1400115835 743848063  
304 sda9 104858720 4096 W 1400115835 18962233  
304 sda 543181920 4096 W 1400115835 18962233  
304 sda9 104860592 4096 W 1400115835 158655523  
304 sda 543183792 4096 W 1400115835 158655523  
304 sda9 117440768 4096 W 1400115835 -358061181  
304 sda 555763968 4096 W 1400115835 -358061181  
304 sda9 117442288 4096 W 1400115835 42633653  
304 sda 555765488 4096 W 1400115835 42633653  
304 sda9 117442744 4096 W 1400115835 1211132618  
304 sda 555765944 4096 W 1400115835 1211132618  
304 sda9 117506304 4096 W 1400115835 1502210084  
304 sda 555829504 4096 W 1400115835 1502210084  
278 sda9 222590944 4096 W 1400115836 1064652003  
278 sda 660914144 4096 W 1400115836 1064652003  
278 sda9 222590952 4096 W 1400115836 -2137087529  
278 sda 660914152 4096 W 1400115836 -2137087529  
278 sda9 222590960 4096 W 1400115836 -202751546  
278 sda 660914160 4096 W 1400115836 -202751546  
278 sda9 222590968 4096 W 1400115836 -365729323  
278 sda 660914168 4096 W 1400115836 -365729323  
bcache: 3548 1400115837 1528749474  4096 
bcache: 3548 1400115837 41018683  4096 
3548 sda9 31355160 8192 W 1400115837 1528749474 41018683  
3548 sda 469678360 8192 W 1400115837 1528749474 41018683  
3548 sda9 0 0 W 1400115837  
3548 sda9 0 0 W 1400115837  
bcache: 3548 1400115837 1362295636  4096 
3548 sda9 31355176 4096 W 1400115837 1362295636  
3548 sda 469678376 4096 W 1400115837 1362295636  
3548 sda9 0 0 W 1400115837  
3548 sda9 0 0 W 1400115837  
bcache: 3548 1400115839 -1809513350  4096 
3548 sda9 36871096 4096 W 1400115839 -1809513350  
3548 sda 475194296 4096 W 1400115839 -1809513350  
3548 sda9 0 0 W 1400115839  
3548 sda9 0 0 W 1400115839  
bcache: 3548 1400115839 1736876276  4096 
bcache: 3548 1400115839 415933401  4096 
bcache: 3548 1400115839 -1537603667  4096 
bcache: 3548 1400115839 -1239096702  4096 
bcache: 3548 1400115839 -1341715270  4096 
bcache: 3548 1400115839 1030318891  4096 
bcache: 3548 1400115839 -1458391952  4096 
bcache: 3548 1400115839 1870147959  4096 
bcache: 3548 1400115839 -1975765746  4096 
bcache: 3548 1400115839 315649902  4096 
bcache: 3548 1400115839 1685938438  4096 
bcache: 3548 1400115839 -196794567  4096 
bcache: 3548 1400115839 -486789020  4096 
bcache: 3548 1400115839 883484143  4096 
bcache: 3548 1400115839 1266800070  4096 
bcache: 3548 1400115839 259815692  4096 
bcache: 3548 1400115839 -1208976272  4096 
bcache: 3548 1400115839 -485264802  4096 
bcache: 3548 1400115839 -362411415  4096 
bcache: 3548 1400115839 -1362231500  4096 
bcache: 3548 1400115839 -659380451  4096 
bcache: 3548 1400115839 -1495753390  4096 
bcache: 3548 1400115839 -729979947  4096 
bcache: 3548 1400115839 1187205123  4096 
bcache: 3548 1400115839 1976908983  4096 
bcache: 3548 1400115839 -1408062251  4096 
3548 sda9 27464704 106496 W 1400115839 1736876276 415933401 -1537603667 -1239096702 -1341715270 1030318891 -1458391952 1870147959 -1975765746 315649902 1685938438 -196794567 -486789020 883484143 1266800070 259815692 -1208976272 -485264802 -362411415 -1362231500 -659380451 -1495753390 -729979947 1187205123 1976908983 -1408062251  
3548 sda 465787904 106496 W 1400115839 1736876276 415933401 -1537603667 -1239096702 -1341715270 1030318891 -1458391952 1870147959 -1975765746 315649902 1685938438 -196794567 -486789020 883484143 1266800070 259815692 -1208976272 -485264802 -362411415 -1362231500 -659380451 -1495753390 -729979947 1187205123 1976908983 -1408062251  
3548 sda9 0 0 W 1400115839  
3548 sda9 0 0 W 1400115839  
bcache: 3548 1400115839 -924568458  4096 
bcache: 3548 1400115839 1472733451  4096 
bcache: 3548 1400115839 713940784  4096 
bcache: 3548 1400115839 976909746  4096 
bcache: 3548 1400115839 -1172248752  4096 
bcache: 3548 1400115839 -88513670  4096 
bcache: 3548 1400115839 1601482048  4096 
bcache: 3548 1400115839 1215950833  4096 
bcache: 3548 1400115839 1252223595  4096 
bcache: 3548 1400115839 274849555  4096 
bcache: 3548 1400115839 -695031948  4096 
bcache: 3548 1400115839 -1608340955  4096 
bcache: 3548 1400115839 893898588  4096 
bcache: 3548 1400115839 1817054653  4096 
bcache: 3548 1400115839 -1407707578  4096 
bcache: 3548 1400115839 -1425210743  4096 
bcache: 3548 1400115839 -427370884  4096 
bcache: 3548 1400115839 -596178691  4096 
bcache: 3548 1400115839 -1156563369  4096 
bcache: 3548 1400115839 1796539082  4096 
bcache: 3548 1400115839 -1571810266  4096 
bcache: 3548 1400115839 1879362119  4096 
bcache: 3548 1400115839 10478538  4096 
bcache: 3548 1400115839 666863205  4096 
bcache: 3548 1400115839 1658240736  4096 
bcache: 3548 1400115839 1429977437  4096 
bcache: 3548 1400115839 -571676105  4096 
bcache: 3548 1400115839 -610704549  4096 
bcache: 3548 1400115839 -1597849394  4096 
bcache: 3548 1400115839 153042780  4096 
bcache: 3548 1400115839 1137578094  4096 
bcache: 3548 1400115839 -1542434807  4096 
bcache: 3548 1400115839 1598669113  4096 
bcache: 3548 1400115839 -262938977  4096 
bcache: 3548 1400115839 -1017836121  4096 
bcache: 3548 1400115839 903539450  4096 
bcache: 3548 1400115839 -1680017339  4096 
bcache: 3548 1400115839 1086006527  4096 
bcache: 3548 1400115839 312052939  4096 
bcache: 3548 1400115839 -785161887  4096 
bcache: 3548 1400115839 -1879004794  4096 
bcache: 3548 1400115839 2030688750  4096 
bcache: 3548 1400115839 -947993219  4096 
bcache: 3548 1400115839 -637984711  4096 
bcache: 3548 1400115839 1766846880  4096 
bcache: 3548 1400115839 -770718780  4096 
bcache: 3548 1400115839 1763122930  4096 
bcache: 3548 1400115839 785791693  4096 
bcache: 3548 1400115839 -16017526  4096 
bcache: 3548 1400115839 1687280245  4096 
bcache: 3548 1400115839 -109077691  4096 
bcache: 3548 1400115839 1996226043  4096 
bcache: 3548 1400115839 -1140595425  4096 
bcache: 3548 1400115839 -583439650  4096 
bcache: 3548 1400115839 -517027344  4096 
bcache: 3548 1400115839 933296134  4096 
bcache: 3548 1400115839 679955155  4096 
bcache: 3548 1400115839 -1824594034  4096 
bcache: 3548 1400115839 991336733  4096 
bcache: 3548 1400115839 -655239472  4096 
bcache: 3548 1400115839 -1153913408  4096 
bcache: 3548 1400115839 1809826471  4096 
bcache: 3548 1400115839 1010874005  4096 
bcache: 3548 1400115839 1010874005  4096 
bcache: 3548 1400115839 1010874005  4096 
bcache: 3548 1400115839 -2021018967  4096 
bcache: 3548 1400115839 1986300337  4096 
bcache: 3548 1400115839 1315810114  4096 
bcache: 3548 1400115839 -2038601120  4096 
bcache: 3548 1400115839 906150054  4096 
bcache: 3548 1400115839 -1992102982  4096 
bcache: 3548 1400115839 -1541706867  4096 
bcache: 3548 1400115839 571121202  4096 
bcache: 3548 1400115839 1776745306  4096 
bcache: 3548 1400115839 1182618565  4096 
bcache: 3548 1400115839 -1074421931  4096 
bcache: 3548 1400115839 -1164945244  4096 
bcache: 3548 1400115839 24155912  4096 
bcache: 3548 1400115839 438940289  4096 
bcache: 3548 1400115839 -1666673955  4096 
bcache: 3548 1400115839 1700295808  4096 
bcache: 3548 1400115839 -816535630  4096 
bcache: 3548 1400115839 -1460772871  4096 
bcache: 3548 1400115839 -1927026181  4096 
bcache: 3548 1400115839 1549492396  4096 
bcache: 3548 1400115839 1302196426  4096 
bcache: 3548 1400115839 -1291481478  4096 
bcache: 3548 1400115839 1666122705  4096 
bcache: 3548 1400115839 734145244  4096 
bcache: 3548 1400115839 -930197571  4096 
bcache: 3548 1400115839 -443199391  4096 
bcache: 3548 1400115839 -174492306  4096 
bcache: 3548 1400115839 -1079403752  4096 
bcache: 3548 1400115839 1944728287  4096 
bcache: 3548 1400115839 1962756310  4096 
bcache: 3548 1400115839 895068288  4096 
bcache: 3548 1400115839 -1909856280  4096 
bcache: 3548 1400115839 243532995  4096 
bcache: 3548 1400115839 -760272177  4096 
bcache: 3548 1400115839 -31415323  4096 
bcache: 3548 1400115839 -487077876  4096 
bcache: 3548 1400115839 646134352  4096 
bcache: 3548 1400115839 -835793186  4096 
bcache: 3548 1400115839 -2115137708  4096 
bcache: 3548 1400115839 -1934104827  4096 
bcache: 3548 1400115839 -2091318093  4096 
bcache: 3548 1400115839 -97544710  4096 
bcache: 3548 1400115839 -696768956  4096 
bcache: 3548 1400115839 -2101661959  4096 
bcache: 3548 1400115839 1484976297  4096 
bcache: 3548 1400115839 1801202073  4096 
bcache: 3548 1400115839 1407481062  4096 
bcache: 3548 1400115839 -2072301715  4096 
bcache: 3548 1400115839 -1430132884  4096 
bcache: 3548 1400115839 -213390828  4096 
bcache: 3548 1400115839 2121840238  4096 
bcache: 3548 1400115839 1463282487  4096 
bcache: 3548 1400115839 -898462038  4096 
bcache: 3548 1400115839 -528348247  4096 
bcache: 3548 1400115839 1386616432  4096 
bcache: 3548 1400115839 -1151990438  4096 
bcache: 3548 1400115839 1321075088  4096 
bcache: 3548 1400115839 -2051624680  4096 
bcache: 3548 1400115839 987858918  4096 
bcache: 3548 1400115839 -136817948  4096 
bcache: 3548 1400115839 -173523596  4096 
bcache: 3548 1400115839 -1767569653  4096 
bcache: 3548 1400115839 -1384015939  4096 
3548 sda9 28477440 524288 W 1400115839 -924568458 1472733451 713940784 976909746 -1172248752 -88513670 1601482048 1215950833 1252223595 274849555 -695031948 -1608340955 893898588 1817054653 -1407707578 -1425210743 -427370884 -596178691 -1156563369 1796539082 -1571810266 1879362119 10478538 666863205 1658240736 1429977437 -571676105 -610704549 -1597849394 153042780 1137578094 -1542434807 1598669113 -262938977 -1017836121 903539450 -1680017339 1086006527 312052939 -785161887 -1879004794 2030688750 -947993219 -637984711 1766846880 -770718780 17631 
3548 sda 466800640 524288 W 1400115839 -924568458 1472733451 713940784 976909746 -1172248752 -88513670 1601482048 1215950833 1252223595 274849555 -695031948 -1608340955 893898588 1817054653 -1407707578 -1425210743 -427370884 -596178691 -1156563369 1796539082 -1571810266 1879362119 10478538 666863205 1658240736 1429977437 -571676105 -610704549 -1597849394 153042780 1137578094 -1542434807 1598669113 -262938977 -1017836121 903539450 -1680017339 1086006527 312052939 -785161887 -1879004794 2030688750 -947993219 -637984711 1766846880 -770718780 17631 
3548 sda9 0 0 W 1400115839  
3548 sda9 0 0 W 1400115839  
bcache: 3548 1400115839 855227499  4096 
bcache: 3548 1400115839 -1128217993  4096 
bcache: 3548 1400115839 -1292655562  4096 
bcache: 3548 1400115839 766771920  4096 
bcache: 3548 1400115839 2140496137  4096 
bcache: 3548 1400115839 2055639175  4096 
bcache: 3548 1400115839 1821121389  4096 
bcache: 3548 1400115839 399110365  4096 
bcache: 3548 1400115839 -56268239  4096 
bcache: 3548 1400115839 2019400540  4096 
bcache: 3548 1400115839 696023817  4096 
bcache: 3548 1400115839 1979124524  4096 
bcache: 3548 1400115839 -1483639776  4096 
bcache: 3548 1400115839 -907465658  4096 
bcache: 3548 1400115839 -1719832412  4096 
bcache: 3548 1400115839 304215579  4096 
bcache: 3548 1400115839 -82954065  4096 
bcache: 3548 1400115839 1401880787  4096 
bcache: 3548 1400115839 738021310  4096 
bcache: 3548 1400115839 -479073577  4096 
bcache: 3548 1400115839 1532921182  4096 
bcache: 3548 1400115839 1643816674  4096 
bcache: 3548 1400115839 558509129  4096 
bcache: 3548 1400115839 1742611557  4096 
bcache: 3548 1400115839 214458256  4096 
bcache: 3548 1400115839 -2000282701  4096 
bcache: 3548 1400115839 -1197869282  4096 
bcache: 3548 1400115839 -1008483259  4096 
bcache: 3548 1400115839 1827561281  4096 
bcache: 3548 1400115839 194309337  4096 
bcache: 3548 1400115839 933743810  4096 
bcache: 3548 1400115839 1714759234  4096 
bcache: 3548 1400115839 -1071519447  4096 
bcache: 3548 1400115839 1030055016  4096 
bcache: 3548 1400115839 348512390  4096 
bcache: 3548 1400115839 1915571174  4096 
bcache: 3548 1400115839 944376167  4096 
bcache: 3548 1400115839 450361804  4096 
bcache: 3548 1400115839 -1178414418  4096 
bcache: 3548 1400115839 -418745417  4096 
bcache: 3548 1400115839 147964206  4096 
bcache: 3548 1400115839 179267490  4096 
bcache: 3548 1400115839 -1702431490  4096 
bcache: 3548 1400115839 538412938  4096 
bcache: 3548 1400115839 -1420701159  4096 
bcache: 3548 1400115839 1981718039  4096 
bcache: 3548 1400115839 -1072231327  4096 
bcache: 3548 1400115839 1848059150  4096 
bcache: 3548 1400115839 -1759052539  4096 
bcache: 3548 1400115839 1564513908  4096 
bcache: 3548 1400115839 6638648  4096 
bcache: 3548 1400115839 -1916303926  4096 
bcache: 3548 1400115839 1164525804  4096 
bcache: 3548 1400115839 -925478332  4096 
bcache: 3548 1400115839 2124531665  4096 
bcache: 3548 1400115839 40583931  4096 
bcache: 3548 1400115839 1053062858  4096 
3548 sda9 28478464 233472 W 1400115839 855227499 -1128217993 -1292655562 766771920 2140496137 2055639175 1821121389 399110365 -56268239 2019400540 696023817 1979124524 -1483639776 -907465658 -1719832412 304215579 -82954065 1401880787 738021310 -479073577 1532921182 1643816674 558509129 1742611557 214458256 -2000282701 -1197869282 -1008483259 1827561281 194309337 933743810 1714759234 -1071519447 1030055016 348512390 1915571174 944376167 450361804 -1178414418 -418745417 147964206 179267490 -1702431490 538412938 -1420701159 1981718039 -1072231327  
3548 sda 466801664 233472 W 1400115839 855227499 -1128217993 -1292655562 766771920 2140496137 2055639175 1821121389 399110365 -56268239 2019400540 696023817 1979124524 -1483639776 -907465658 -1719832412 304215579 -82954065 1401880787 738021310 -479073577 1532921182 1643816674 558509129 1742611557 214458256 -2000282701 -1197869282 -1008483259 1827561281 194309337 933743810 1714759234 -1071519447 1030055016 348512390 1915571174 944376167 450361804 -1178414418 -418745417 147964206 179267490 -1702431490 538412938 -1420701159 1981718039 -1072231327  
3548 sda9 0 0 W 1400115839  
3548 sda9 0 0 W 1400115839  
bcache: 3548 1400115839 1719454927  4096 
bcache: 3548 1400115839 689016319  4096 
bcache: 3548 1400115839 -699258104  4096 
3548 sda9 36871104 12288 W 1400115839 1719454927 689016319 -699258104  
3548 sda 475194304 12288 W 1400115839 1719454927 689016319 -699258104  
3548 sda9 0 0 W 1400115839  
3548 sda9 0 0 W 1400115839  
bcache: 3548 1400115839 1464733237  4096 
3548 sda9 27511512 4096 W 1400115839 1464733237  
3548 sda 465834712 4096 W 1400115839 1464733237  
3548 sda9 0 0 W 1400115839  
3548 sda9 0 0 W 1400115839  
278 sda9 222590976 4096 W 1400115841 -1970352572  
278 sda 660914176 4096 W 1400115841 -1970352572  
278 sda9 222590984 4096 W 1400115841 -568692709  
278 sda 660914184 4096 W 1400115841 -568692709  
278 sda9 222590992 4096 W 1400115841 -396318366  
278 sda 660914192 4096 W 1400115841 -396318366  
278 sda9 222591000 4096 W 1400115841 -1523857662  
278 sda 660914200 4096 W 1400115841 -1523857662  
bcache: 3548 1400115843 780761356  4096 
3548 sda9 36871120 4096 W 1400115843 780761356  
3548 sda 475194320 4096 W 1400115843 780761356  
3548 sda9 0 0 W 1400115843  
3548 sda9 0 0 W 1400115843  
bcache: 3548 1400115843 1761614679  4096 
bcache: 3548 1400115843 -489884575  4096 
bcache: 3548 1400115843 1544810603  4096 
bcache: 3548 1400115843 -27285753  4096 
bcache: 3548 1400115843 432820013  4096 
bcache: 3548 1400115843 1665873782  4096 
bcache: 3548 1400115843 -1501575177  4096 
bcache: 3548 1400115843 1119586577  4096 
bcache: 3548 1400115843 -1837999878  4096 
bcache: 3548 1400115843 1054672901  4096 
bcache: 3548 1400115843 -911417561  4096 
3548 sda9 31355184 45056 W 1400115843 1761614679 -489884575 1544810603 -27285753 432820013 1665873782 -1501575177 1119586577 -1837999878 1054672901 -911417561  
3548 sda 469678384 45056 W 1400115843 1761614679 -489884575 1544810603 -27285753 432820013 1665873782 -1501575177 1119586577 -1837999878 1054672901 -911417561  
3548 sda9 0 0 W 1400115843  
3548 sda9 0 0 W 1400115843  
bcache: 3548 1400115843 72587372  4096 
3548 sda9 31355272 4096 W 1400115843 72587372  
3548 sda 469678472 4096 W 1400115843 72587372  
3548 sda9 0 0 W 1400115843  
3548 sda9 0 0 W 1400115843  
bcache: 3548 1400115844 262549713  4096 
3548 sdb2 24608 4096 W 1400115844 262549713  
3548 sdb 434248 4096 W 1400115844 262549713  
3548 sdb2 0 0 W 1400115844  
bcache: 3548 1400115844 1544810603  4096 
3548 sda9 35555368 4096 W 1400115844 1544810603  
3548 sda 473878568 4096 W 1400115844 1544810603  
3548 sda9 0 0 W 1400115844  
3548 sda9 0 0 W 1400115844  
bcache: 3548 1400115844 -1680387872  4096 
3548 sdb2 28720 4096 W 1400115844 -1680387872  
3548 sdb 438360 4096 W 1400115844 -1680387872  
3548 sdb2 0 0 W 1400115844  
bcache: 3548 1400115844 1865482927  4096 
bcache: 3548 1400115844 -27285753  4096 
3548 sda9 26118144 8192 W 1400115844 1865482927 -27285753  
3548 sda 464441344 8192 W 1400115844 1865482927 -27285753  
3548 sda9 0 0 W 1400115844  
3548 sda9 0 0 W 1400115844  
bcache: 3548 1400115844 -1603503025  4096 
3548 sdb2 243139856 4096 W 1400115844 -1603503025  
3548 sdb 243549496 4096 W 1400115844 -1603503025  
3548 sdb2 0 0 W 1400115844  
bcache: 3548 1400115844 -1733263222  4096 
3548 sda9 26121736 4096 W 1400115844 -1733263222  
3548 sda 464444936 4096 W 1400115844 -1733263222  
3548 sda9 0 0 W 1400115844  
3548 sda9 0 0 W 1400115844  
bcache: 3548 1400115844 -1852392174  4096 
3548 sdb2 16392 4096 W 1400115844 -1852392174  
3548 sdb 426032 4096 W 1400115844 -1852392174  
3548 sdb2 0 0 W 1400115844  
bcache: 3548 1400115844 1665873782  4096 
3548 sda9 26121760 4096 W 1400115844 1665873782  
3548 sda 464444960 4096 W 1400115844 1665873782  
3548 sda9 0 0 W 1400115844  
3548 sda9 0 0 W 1400115844  
bcache: 3548 1400115844 -1278328690  4096 
bcache: 3548 1400115844 1684556494  4096 
3548 sdb2 24592 4096 W 1400115844 -1278328690  
3548 sdb 434232 4096 W 1400115844 -1278328690  
3548 sdb2 24600 4096 W 1400115844 1684556494  
3548 sdb 434240 4096 W 1400115844 1684556494  
3548 sdb2 0 0 W 1400115844  
bcache: 3548 1400115844 1119586577  4096 
3548 sda9 26121792 4096 W 1400115844 1119586577  
3548 sda 464444992 4096 W 1400115844 1119586577  
3548 sda9 0 0 W 1400115844  
3548 sda9 0 0 W 1400115844  
bcache: 3548 1400115844 -1  4096 
3548 sda9 26121864 4096 W 1400115844 -1  
3548 sda 464445064 4096 W 1400115844 -1  
3548 sda9 0 0 W 1400115844  
3548 sda9 0 0 W 1400115844  
bcache: 3548 1400115844 66737816  4096 
3548 sda9 26121904 4096 W 1400115844 66737816  
3548 sda 464445104 4096 W 1400115844 66737816  
3548 sda9 0 0 W 1400115844  
3548 sda9 0 0 W 1400115844  
bcache: 3548 1400115844 -36208576  4096 
3548 sda9 26121992 4096 W 1400115844 -36208576  
3548 sda 464445192 4096 W 1400115844 -36208576  
3548 sda9 0 0 W 1400115844  
3548 sda9 0 0 W 1400115844  
bcache: 3548 1400115844 -1501575177  4096 
3548 sda9 26122696 4096 W 1400115844 -1501575177  
3548 sda 464445896 4096 W 1400115844 -1501575177  
3548 sda9 0 0 W 1400115844  
3548 sda9 0 0 W 1400115844  
bcache: 3548 1400115844 432820013  4096 
3548 sda9 26140456 4096 W 1400115844 432820013  
3548 sda 464463656 4096 W 1400115844 432820013  
3548 sda9 0 0 W 1400115844  
3548 sda9 0 0 W 1400115844  
bcache: 3548 1400115844 1637196131  4096 
bcache: 3548 1400115844 -1837999878  4096 
3548 sda9 26143656 8192 W 1400115844 1637196131 -1837999878  
3548 sda 464466856 8192 W 1400115844 1637196131 -1837999878  
3548 sda9 0 0 W 1400115844  
3548 sda9 0 0 W 1400115844  
bcache: 3548 1400115844 -254050731  4096 
3548 sda9 26187608 4096 W 1400115844 -254050731  
3548 sda 464510808 4096 W 1400115844 -254050731  
3548 sda9 0 0 W 1400115844  
3548 sda9 0 0 W 1400115844  
bcache: 3548 1400115844 1857423137  4096 
3548 sda9 26192392 4096 W 1400115844 1857423137  
3548 sda 464515592 4096 W 1400115844 1857423137  
3548 sda9 0 0 W 1400115844  
3548 sda9 0 0 W 1400115844  
bcache: 3548 1400115844 -1892254930  4096 
3548 sda9 31082536 4096 W 1400115844 -1892254930  
3548 sda 469405736 4096 W 1400115844 -1892254930  
3548 sda9 0 0 W 1400115844  
3548 sda9 0 0 W 1400115844  
bcache: 3548 1400115844 653783762  4096 
3548 sda9 31082600 4096 W 1400115844 653783762  
3548 sda 469405800 4096 W 1400115844 653783762  
3548 sda9 0 0 W 1400115844  
3548 sda9 0 0 W 1400115844  
bcache: 3548 1400115844 -911417561  4096 
3548 sda9 31106712 4096 W 1400115844 -911417561  
3548 sda 469429912 4096 W 1400115844 -911417561  
3548 sda9 0 0 W 1400115844  
3548 sda9 0 0 W 1400115844  
bcache: 3548 1400115844 795651362  4096 
3548 sda9 31109560 4096 W 1400115844 795651362  
3548 sda 469432760 4096 W 1400115844 795651362  
3548 sda9 0 0 W 1400115844  
3548 sda9 0 0 W 1400115844  
bcache: 3548 1400115844 -2030655140  4096 
3548 sda9 31109600 4096 W 1400115844 -2030655140  
3548 sda 469432800 4096 W 1400115844 -2030655140  
3548 sda9 0 0 W 1400115844  
3548 sda9 0 0 W 1400115844  
bcache: 3548 1400115844 -451403606  4096 
3548 sda9 31109624 4096 W 1400115844 -451403606  
3548 sda 469432824 4096 W 1400115844 -451403606  
3548 sda9 0 0 W 1400115844  
3548 sda9 0 0 W 1400115844  
bcache: 3548 1400115844 863272643  4096 
3548 sda9 31114400 4096 W 1400115844 863272643  
3548 sda 469437600 4096 W 1400115844 863272643  
3548 sda9 0 0 W 1400115844  
3548 sda9 0 0 W 1400115844  
bcache: 3548 1400115844 -331124153  4096 
bcache: 3548 1400115844 287553793  4096 
3548 sda9 31114424 8192 W 1400115844 -331124153 287553793  
3548 sda 469437624 8192 W 1400115844 -331124153 287553793  
3548 sda9 0 0 W 1400115844  
3548 sda9 0 0 W 1400115844  
bcache: 3548 1400115844 1054672901  4096 
3548 sda9 31794608 4096 W 1400115844 1054672901  
3548 sda 470117808 4096 W 1400115844 1054672901  
3548 sda9 0 0 W 1400115844  
3548 sda9 0 0 W 1400115844  
278 sda9 222591008 4096 W 1400115847 -172686270  
278 sda 660914208 4096 W 1400115847 -172686270  
278 sda9 222591016 4096 W 1400115847 1499706595  
278 sda 660914216 4096 W 1400115847 1499706595  
278 sda9 222591024 4096 W 1400115847 -1166693704  
278 sda 660914224 4096 W 1400115847 -1166693704  
278 sda9 222591032 4096 W 1400115847 1513387920  
278 sda 660914232 4096 W 1400115847 1513387920  
bcache: 3548 1400115849 -1847683837  4096 
bcache: 3548 1400115849 -1240210252  4096 
3548 sda9 31355280 8192 W 1400115849 -1847683837 -1240210252  
3548 sda 469678480 8192 W 1400115849 -1847683837 -1240210252  
3548 sda9 0 0 W 1400115849  
3548 sda9 0 0 W 1400115849  
bcache: 3548 1400115849 -454398564  4096 
3548 sda9 31355296 4096 W 1400115849 -454398564  
3548 sda 469678496 4096 W 1400115849 -454398564  
3548 sda9 0 0 W 1400115849  
3548 sda9 0 0 W 1400115849  
2162 sdb2 487068120 4096 W 1400115849 43236315  
2162 sdb 487477760 4096 W 1400115849 43236315  
2162 sdb2 487068128 4096 W 1400115849 -1001817032  
2162 sdb 487477768 4096 W 1400115849 -1001817032  
2162 sdb2 487068136 4096 W 1400115849 -2019003879  
2162 sdb 487477776 4096 W 1400115849 -2019003879  
304 sda9 180760320 106496 W 1400115850 1736876276 415933401 -1537603667 -1239096702 -1341715270 1379429415 -1447113228 954953645 -1025187523 744632866 501324384 -292343712 543868911 -1829966932 -229999897 38089661 1030212210 -69910173 -227409845 -984945869 -1760204733 185847981 926562088 1438185410 -710372518 -576361172  
304 sda 619083520 106496 W 1400115850 1736876276 415933401 -1537603667 -1239096702 -1341715270 1379429415 -1447113228 954953645 -1025187523 744632866 501324384 -292343712 543868911 -1829966932 -229999897 38089661 1030212210 -69910173 -227409845 -984945869 -1760204733 185847981 926562088 1438185410 -710372518 -576361172  
304 sda9 180766504 524288 W 1400115850 1499804524 -66094367 713940784 976909746 -1172248752 -88513670 1601482048 -1615350034 1289958014 -388985741 -1035597447 -1039908207 -843376542 -234200870 -1642962450 -204842847 -922613822 667350371 -363393887 -1711275591 2088142187 80730994 -1706011137 1965176481 800359158 951133333 -1446991497 -357677867 2127285890 1491251927 126079164 -75101341 569613888 -1326952616 -1014414726 1511833299 -1192179139 1720837113 1730100737 904930485 479825750 742642218 -1806727636 921806307 999913618 -1841998461 105257893 
304 sda 619089704 524288 W 1400115850 1499804524 -66094367 713940784 976909746 -1172248752 -88513670 1601482048 -1615350034 1289958014 -388985741 -1035597447 -1039908207 -843376542 -234200870 -1642962450 -204842847 -922613822 667350371 -363393887 -1711275591 2088142187 80730994 -1706011137 1965176481 800359158 951133333 -1446991497 -357677867 2127285890 1491251927 126079164 -75101341 569613888 -1326952616 -1014414726 1511833299 -1192179139 1720837113 1730100737 904930485 479825750 742642218 -1806727636 921806307 999913618 -1841998461 105257893 
304 sda9 180767528 233472 W 1400115850 1568229503 1606829404 1194394326 -573239929 295167891 -29352261 -1203938744 -605084393 -1519625602 1827263757 -2086343972 435233301 865354979 -1757539931 183237037 185242946 -1207314673 -734653801 -891831942 -1655140341 1064367670 1409070682 1356963666 -632193307 1750936812 1251640135 -1287001374 -1956571667 816628703 -1265177559 -1385582102 813003790 -161060302 -1833146261 592245091 1065377186 1878338651 -96607907 871652798 -1748936449 -225174056 -1638479560 1097412426 -1548437016 -1584147531 558088474 -9 
304 sda 619090728 233472 W 1400115850 1568229503 1606829404 1194394326 -573239929 295167891 -29352261 -1203938744 -605084393 -1519625602 1827263757 -2086343972 435233301 865354979 -1757539931 183237037 185242946 -1207314673 -734653801 -891831942 -1655140341 1064367670 1409070682 1356963666 -632193307 1750936812 1251640135 -1287001374 -1956571667 816628703 -1265177559 -1385582102 813003790 -161060302 -1833146261 592245091 1065377186 1878338651 -96607907 871652798 -1748936449 -225174056 -1638479560 1097412426 -1548437016 -1584147531 558088474 -9 
304 sda9 148017960 32768 W 1400115850 -1429190950 1189316423 687446827 -560639388 -1388277439 -995267217 -102409926 -57074054  
304 sda 586341160 32768 W 1400115850 -1429190950 1189316423 687446827 -560639388 -1388277439 -995267217 -102409926 -57074054  
5464 sdb2 8224 4096 W 1400115853 -1001817032  
5464 sdb 417864 4096 W 1400115853 -1001817032  
278 sda9 148018016 4096 W 1400115853 -948109646  
278 sda 586341216 4096 W 1400115853 -948109646  
278 sda9 222591040 4096 W 1400115853 69230854  
278 sda 660914240 4096 W 1400115853 69230854  
278 sda9 222591048 4096 W 1400115853 583727898  
278 sda 660914248 4096 W 1400115853 583727898  
278 sda9 222591056 4096 W 1400115853 742676209  
278 sda 660914256 4096 W 1400115853 742676209  
278 sda9 222591064 4096 W 1400115853 -205272349  
278 sda 660914264 4096 W 1400115853 -205272349  
278 sda9 222591072 4096 W 1400115853 -1769020662  
278 sda 660914272 4096 W 1400115853 -1769020662  
278 sda9 222591080 4096 W 1400115853 1944863834  
278 sda 660914280 4096 W 1400115853 1944863834  
278 sda9 222591088 4096 W 1400115853 -1550308922  
278 sda 660914288 4096 W 1400115853 -1550308922  
278 sda9 222591096 4096 W 1400115853 -484395227  
278 sda 660914296 4096 W 1400115853 -484395227  
278 sda9 222591104 4096 W 1400115853 -600658005  
278 sda 660914304 4096 W 1400115853 -600658005  
bcache: 3548 1400115855 -286957819  4096 
bcache: 3548 1400115855 -549275533  4096 
3548 sda9 31355304 8192 W 1400115855 -286957819 -549275533  
3548 sda 469678504 8192 W 1400115855 -286957819 -549275533  
3548 sda9 0 0 W 1400115855  
3548 sda9 0 0 W 1400115855  
bcache: 3548 1400115855 184767789  4096 
3548 sda9 31355320 4096 W 1400115855 184767789  
3548 sda 469678520 4096 W 1400115855 184767789  
3548 sda9 0 0 W 1400115855  
3548 sda9 0 0 W 1400115855  
2089 sda9 147968840 4096 W 1400115857 -839444512  
2089 sda 586292040 4096 W 1400115857 -839444512  
278 sda9 148018016 4096 W 1400115857 -229789468  
278 sda 586341216 4096 W 1400115857 -229789468  
278 sda9 222591112 4096 W 1400115857 533887533  
278 sda 660914312 4096 W 1400115857 533887533  
278 sda9 222591120 4096 W 1400115857 -1512714825  
278 sda 660914320 4096 W 1400115857 -1512714825  
278 sda9 222591128 4096 W 1400115857 -1730165737  
278 sda 660914328 4096 W 1400115857 -1730165737  
278 sda9 222591136 4096 W 1400115857 -1045106568  
278 sda 660914336 4096 W 1400115857 -1045106568  
278 sda9 222591144 4096 W 1400115857 1556841704  
278 sda 660914344 4096 W 1400115857 1556841704  
278 sda9 222591152 4096 W 1400115857 1947692375  
278 sda 660914352 4096 W 1400115857 1947692375  
278 sda9 222591160 4096 W 1400115857 302702372  
278 sda 660914360 4096 W 1400115857 302702372  
278 sda9 222591168 4096 W 1400115857 -1729484024  
278 sda 660914368 4096 W 1400115857 -1729484024  
278 sda9 222591176 4096 W 1400115857 -1352739909  
278 sda 660914376 4096 W 1400115857 -1352739909  
278 sda9 222591184 4096 W 1400115857 -1066434317  
278 sda 660914384 4096 W 1400115857 -1066434317  
278 sda9 222591192 4096 W 1400115857 1258985441  
278 sda 660914392 4096 W 1400115857 1258985441  
bcache: 3548 1400115861 724305751  4096 
bcache: 3548 1400115861 1752928640  4096 
3548 sda9 31355328 8192 W 1400115861 724305751 1752928640  
3548 sda 469678528 8192 W 1400115861 724305751 1752928640  
3548 sda9 0 0 W 1400115861  
3548 sda9 0 0 W 1400115861  
bcache: 3548 1400115861 -1630012775  4096 
3548 sda9 31355344 4096 W 1400115861 -1630012775  
3548 sda 469678544 4096 W 1400115861 -1630012775  
3548 sda9 0 0 W 1400115861  
3548 sda9 0 0 W 1400115861  
278 sda9 222591200 4096 W 1400115862 -43199802  
278 sda 660914400 4096 W 1400115862 -43199802  
278 sda9 222591208 4096 W 1400115862 1525345450  
278 sda 660914408 4096 W 1400115862 1525345450  
278 sda9 222591216 4096 W 1400115862 1450994831  
278 sda 660914416 4096 W 1400115862 1450994831  
278 sda9 222591224 4096 W 1400115862 -12911014  
278 sda 660914424 4096 W 1400115862 -12911014  
278 sda9 222591232 4096 W 1400115862 766645249  
278 sda 660914432 4096 W 1400115862 766645249  
278 sda9 222591240 4096 W 1400115862 941563179  
278 sda 660914440 4096 W 1400115862 941563179  
278 sda9 222591248 4096 W 1400115862 2094254826  
278 sda 660914448 4096 W 1400115862 2094254826  
278 sda9 222591256 4096 W 1400115862 1202388059  
278 sda 660914456 4096 W 1400115862 1202388059  
278 sda9 222591264 4096 W 1400115862 -1154527630  
278 sda 660914464 4096 W 1400115862 -1154527630  
278 sda9 222591272 4096 W 1400115862 -2028632672  
278 sda 660914472 4096 W 1400115862 -2028632672  
278 sda9 222591280 4096 W 1400115862 -179600315  
278 sda 660914480 4096 W 1400115862 -179600315  
278 sda9 222591288 4096 W 1400115862 1569192646  
278 sda 660914488 4096 W 1400115862 1569192646  
bcache: 3548 1400115867 1410846033  4096 
bcache: 3548 1400115867 1488553450  4096 
3548 sda9 31355352 8192 W 1400115867 1410846033 1488553450  
3548 sda 469678552 8192 W 1400115867 1410846033 1488553450  
3548 sda9 0 0 W 1400115867  
3548 sda9 0 0 W 1400115867  
bcache: 3548 1400115867 1975722906  4096 
3548 sda9 31355368 4096 W 1400115867 1975722906  
3548 sda 469678568 4096 W 1400115867 1975722906  
3548 sda9 0 0 W 1400115867  
3548 sda9 0 0 W 1400115867  
278 sda9 222591296 4096 W 1400115868 417154576  
278 sda 660914496 4096 W 1400115868 417154576  
278 sda9 222591304 4096 W 1400115868 -345540599  
278 sda 660914504 4096 W 1400115868 -345540599  
278 sda9 222591312 4096 W 1400115868 1301857689  
278 sda 660914512 4096 W 1400115868 1301857689  
278 sda9 222591320 4096 W 1400115868 -81715552  
278 sda 660914520 4096 W 1400115868 -81715552  
bcache: 3548 1400115869 -801906352  4096 
bcache: 3548 1400115869 -1399893899  4096 
3548 sda9 36871128 8192 W 1400115869 -801906352 -1399893899  
3548 sda 475194328 8192 W 1400115869 -801906352 -1399893899  
3548 sda9 0 0 W 1400115869  
3548 sda9 0 0 W 1400115869  
bcache: 3548 1400115869 -1889872175  4096 
bcache: 3548 1400115869 -1737105864  4096 
bcache: 3548 1400115869 -1305189960  4096 
3548 sda9 34826616 12288 W 1400115869 -1889872175 -1737105864 -1305189960  
3548 sda 473149816 12288 W 1400115869 -1889872175 -1737105864 -1305189960  
3548 sda9 0 0 W 1400115869  
3548 sda9 0 0 W 1400115869  
304 sda9 146800672 4096 W 1400115870 -1352739909  
304 sda 585123872 4096 W 1400115870 -1352739909  
304 sda9 146800680 4096 W 1400115870 2094254826  
304 sda 585123880 4096 W 1400115870 2094254826  
304 sda9 180355080 4096 W 1400115870 -205272349  
304 sda 618678280 4096 W 1400115870 -205272349  
304 sda9 180360152 4096 W 1400115870 1944863834  
304 sda 618683352 4096 W 1400115870 1944863834  
304 sda9 0 4096 W 1400115870 941563179  
304 sda 438323200 4096 W 1400115870 941563179  
304 sda9 32 4096 W 1400115870 -1154527630  
304 sda 438323232 4096 W 1400115870 -1154527630  
304 sda9 40 4096 W 1400115870 1202388059  
304 sda 438323240 4096 W 1400115870 1202388059  
304 sda9 48 4096 W 1400115870 -1769020662  
304 sda 438323248 4096 W 1400115870 -1769020662  
304 sda9 100663432 4096 W 1400115870 -2028632672  
304 sda 538986632 4096 W 1400115870 -2028632672  
304 sda9 100667296 4096 W 1400115870 -12911014  
304 sda 538990496 4096 W 1400115870 -12911014  
304 sda9 100667720 4096 W 1400115870 1450994831  
304 sda 538990920 4096 W 1400115870 1450994831  
304 sda9 100735240 4096 W 1400115870 766645249  
304 sda 539058440 4096 W 1400115870 766645249  
bcache: 3548 1400115873 -1015110796  4096 
3548 sda9 36870672 4096 W 1400115873 -1015110796  
3548 sda 475193872 4096 W 1400115873 -1015110796  
3548 sda9 0 0 W 1400115873  
3548 sda9 0 0 W 1400115873  
bcache: 3548 1400115873 -230539496  4096 
3548 sda9 36871096 4096 W 1400115873 -230539496  
3548 sda 475194296 4096 W 1400115873 -230539496  
3548 sda9 0 0 W 1400115873  
3548 sda9 0 0 W 1400115873  
bcache: 3548 1400115873 820526630  4096 
bcache: 3548 1400115873 1042480250  4096 
bcache: 3548 1400115873 198266404  4096 
bcache: 3548 1400115873 -1217436303  4096 
bcache: 3548 1400115873 1817033339  4096 
bcache: 3548 1400115873 962123655  4096 
bcache: 3548 1400115873 1865482927  4096 
bcache: 3548 1400115873 371855466  4096 
bcache: 3548 1400115873 540995767  4096 
bcache: 3548 1400115873 -1004182048  4096 
bcache: 3548 1400115873 -79316346  4096 
bcache: 3548 1400115873 881741186  4096 
bcache: 3548 1400115873 -766775287  4096 
bcache: 3548 1400115873 -463043648  4096 
bcache: 3548 1400115873 -618126645  4096 
bcache: 3548 1400115873 -250082206  4096 
bcache: 3548 1400115873 -1121265195  4096 
bcache: 3548 1400115873 1420689794  4096 
bcache: 3548 1400115873 1651880128  4096 
bcache: 3548 1400115873 -626949544  4096 
3548 sda9 31355376 81920 W 1400115873 820526630 1042480250 198266404 -1217436303 1817033339 962123655 1865482927 371855466 540995767 -1004182048 -79316346 881741186 -766775287 -463043648 -618126645 -250082206 -1121265195 1420689794 1651880128 -626949544  
3548 sda 469678576 81920 W 1400115873 820526630 1042480250 198266404 -1217436303 1817033339 962123655 1865482927 371855466 540995767 -1004182048 -79316346 881741186 -766775287 -463043648 -618126645 -250082206 -1121265195 1420689794 1651880128 -626949544  
3548 sda9 0 0 W 1400115873  
3548 sda9 0 0 W 1400115873  
bcache: 3548 1400115873 -46616240  4096 
3548 sda9 31355536 4096 W 1400115873 -46616240  
3548 sda 469678736 4096 W 1400115873 -46616240  
3548 sda9 0 0 W 1400115873  
3548 sda9 0 0 W 1400115873  
278 sda9 147992272 4096 W 1400115874 542463462  
278 sda 586315472 4096 W 1400115874 542463462  
278 sda9 222591328 4096 W 1400115874 1898830206  
278 sda 660914528 4096 W 1400115874 1898830206  
278 sda9 222591336 4096 W 1400115874 -639250784  
278 sda 660914536 4096 W 1400115874 -639250784  
278 sda9 222591344 4096 W 1400115874 -1068311480  
278 sda 660914544 4096 W 1400115874 -1068311480  
278 sda9 222591352 4096 W 1400115874 1716162837  
278 sda 660914552 4096 W 1400115874 1716162837  
278 sda9 222591360 4096 W 1400115874 342926022  
278 sda 660914560 4096 W 1400115874 342926022  
bcache: 3548 1400115879 543599517  4096 
bcache: 3548 1400115879 -1897401349  4096 
bcache: 3548 1400115879 119048669  4096 
bcache: 3548 1400115879 1262453629  4096 
3548 sda9 36871144 16384 W 1400115879 543599517 -1897401349 119048669 1262453629  
3548 sda 475194344 16384 W 1400115879 543599517 -1897401349 119048669 1262453629  
3548 sda9 0 0 W 1400115879  
3548 sda9 0 0 W 1400115879  
bcache: 3548 1400115879 543599517  4096 
bcache: 3548 1400115879 -1897401349  4096 
bcache: 3548 1400115879 119048669  4096 
bcache: 3548 1400115879 1262453629  4096 
3548 sda9 36871176 16384 W 1400115879 543599517 -1897401349 119048669 1262453629  
3548 sda 475194376 16384 W 1400115879 543599517 -1897401349 119048669 1262453629  
3548 sda9 0 0 W 1400115879  
3548 sda9 0 0 W 1400115879  
bcache: 3548 1400115879 1719454927  4096 
bcache: 3548 1400115879 689016319  4096 
bcache: 3548 1400115879 780761356  4096 
bcache: 3548 1400115879 -801906352  4096 
bcache: 3548 1400115879 -1399893899  4096 
3548 sda9 36871208 20480 W 1400115879 1719454927 689016319 780761356 -801906352 -1399893899  
3548 sda 475194408 20480 W 1400115879 1719454927 689016319 780761356 -801906352 -1399893899  
3548 sda9 0 0 W 1400115879  
3548 sda9 0 0 W 1400115879  
278 sda9 222591368 4096 W 1400115880 -1573923772  
278 sda 660914568 4096 W 1400115880 -1573923772  
278 sda9 222591376 4096 W 1400115880 -1328099272  
278 sda 660914576 4096 W 1400115880 -1328099272  
278 sda9 222591384 4096 W 1400115880 -1439670949  
278 sda 660914584 4096 W 1400115880 -1439670949  
278 sda9 222591392 4096 W 1400115880 1577411691  
278 sda 660914592 4096 W 1400115880 1577411691  
304 sda9 148018024 12288 W 1400115880 -467061364 2142873272 -386630406  
304 sda 586341224 12288 W 1400115880 -467061364 2142873272 -386630406  
bcache: 3548 1400115882 554999846  4096 
3548 sda9 32649536 4096 W 1400115882 554999846  
3548 sda 470972736 4096 W 1400115882 554999846  
3548 sda9 0 0 W 1400115882  
3548 sda9 0 0 W 1400115882  
bcache: 3548 1400115882 -1680568173  4096 
bcache: 3548 1400115882 540903744  4096 
3548 sda9 33168864 8192 W 1400115882 -1680568173 540903744  
3548 sda 471492064 8192 W 1400115882 -1680568173 540903744  
3548 sda9 0 0 W 1400115882  
3548 sda9 0 0 W 1400115882  
bcache: 3548 1400115882 -1319518147  4096 
3548 sda9 32649544 4096 W 1400115882 -1319518147  
3548 sda 470972744 4096 W 1400115882 -1319518147  
3548 sda9 0 0 W 1400115882  
3548 sda9 0 0 W 1400115882  
bcache: 3548 1400115882 -567798670  4096 
bcache: 3548 1400115882 560024757  4096 
3548 sda9 33170336 8192 W 1400115882 -567798670 560024757  
3548 sda 471493536 8192 W 1400115882 -567798670 560024757  
3548 sda9 0 0 W 1400115882  
3548 sda9 0 0 W 1400115882  
bcache: 3548 1400115882 1254220203  4096 
3548 sda9 34826640 4096 W 1400115882 1254220203  
3548 sda 473149840 4096 W 1400115882 1254220203  
3548 sda9 0 0 W 1400115882  
3548 sda9 0 0 W 1400115882  
bcache: 3548 1400115882 -997481239  4096 
3548 sda9 33168848 4096 W 1400115882 -997481239  
3548 sda 471492048 4096 W 1400115882 -997481239  
3548 sda9 0 0 W 1400115882  
3548 sda9 0 0 W 1400115882  
bcache: 3548 1400115884 -1225036030  4096 
3548 sda9 33439504 4096 W 1400115884 -1225036030  
3548 sda 471762704 4096 W 1400115884 -1225036030  
3548 sda9 0 0 W 1400115884  
3548 sda9 0 0 W 1400115884  
bcache: 3548 1400115884 -1225036030  4096 
3548 sda9 33204712 4096 W 1400115884 -1225036030  
3548 sda 471527912 4096 W 1400115884 -1225036030  
3548 sda9 0 0 W 1400115884  
3548 sda9 0 0 W 1400115884  
bcache: 3548 1400115884 -363923712  4096 
3548 sda9 36870672 4096 W 1400115884 -363923712  
3548 sda 475193872 4096 W 1400115884 -363923712  
3548 sda9 0 0 W 1400115884  
3548 sda9 0 0 W 1400115884  
bcache: 3548 1400115884 1337452434  4096 
3548 sda9 36871096 4096 W 1400115884 1337452434  
3548 sda 475194296 4096 W 1400115884 1337452434  
3548 sda9 0 0 W 1400115884  
3548 sda9 0 0 W 1400115884  
bcache: 3548 1400115884 1415795151  4096 
bcache: 3548 1400115884 1865482927  4096 
bcache: 3548 1400115884 -689483362  4096 
bcache: 3548 1400115884 -54219141  4096 
bcache: 3548 1400115884 -1409589619  4096 
bcache: 3548 1400115884 717561749  4096 
bcache: 3548 1400115884 618784834  4096 
bcache: 3548 1400115884 959779189  4096 
bcache: 3548 1400115884 -1885065648  4096 
bcache: 3548 1400115884 875994514  4096 
bcache: 3548 1400115884 -1148287796  4096 
bcache: 3548 1400115884 1883709481  4096 
bcache: 3548 1400115884 -1400009453  4096 
bcache: 3548 1400115884 63112040  4096 
bcache: 3548 1400115884 925700359  4096 
bcache: 3548 1400115884 -839191886  4096 
bcache: 3548 1400115884 -509576229  4096 
bcache: 3548 1400115884 -1542362946  4096 
bcache: 3548 1400115884 -919236784  4096 
bcache: 3548 1400115884 -1840818139  4096 
bcache: 3548 1400115884 -1269978571  4096 
bcache: 3548 1400115884 -1106069080  4096 
bcache: 3548 1400115884 -271628093  4096 
bcache: 3548 1400115884 1693332539  4096 
bcache: 3548 1400115884 540208249  4096 
bcache: 3548 1400115884 435465921  4096 
bcache: 3548 1400115884 901015704  4096 
bcache: 3548 1400115884 -425874910  4096 
bcache: 3548 1400115884 131403964  4096 
bcache: 3548 1400115884 -184316972  4096 
bcache: 3548 1400115884 -621952410  4096 
bcache: 3548 1400115884 563618008  4096 
bcache: 3548 1400115884 -1476375820  4096 
bcache: 3548 1400115884 -1191482929  4096 
bcache: 3548 1400115884 -1936811038  4096 
bcache: 3548 1400115884 511237973  4096 
bcache: 3548 1400115884 -256160801  4096 
bcache: 3548 1400115884 -418836731  4096 
bcache: 3548 1400115884 -1439463476  4096 
bcache: 3548 1400115884 -340296642  4096 
bcache: 3548 1400115884 137865128  4096 
3548 sda9 31355544 167936 W 1400115884 1415795151 1865482927 -689483362 -54219141 -1409589619 717561749 618784834 959779189 -1885065648 875994514 -1148287796 1883709481 -1400009453 63112040 925700359 -839191886 -509576229 -1542362946 -919236784 -1840818139 -1269978571 -1106069080 -271628093 1693332539 540208249 435465921 901015704 -425874910 131403964 -184316972 -621952410 563618008 -1476375820 -1191482929 -1936811038 511237973 -256160801 -418836731 -1439463476 -340296642 137865128  
3548 sda 469678744 167936 W 1400115884 1415795151 1865482927 -689483362 -54219141 -1409589619 717561749 618784834 959779189 -1885065648 875994514 -1148287796 1883709481 -1400009453 63112040 925700359 -839191886 -509576229 -1542362946 -919236784 -1840818139 -1269978571 -1106069080 -271628093 1693332539 540208249 435465921 901015704 -425874910 131403964 -184316972 -621952410 563618008 -1476375820 -1191482929 -1936811038 511237973 -256160801 -418836731 -1439463476 -340296642 137865128  
3548 sda9 0 0 W 1400115884  
3548 sda9 0 0 W 1400115884  
bcache: 3548 1400115884 295863044  4096 
3548 sda9 31355872 4096 W 1400115884 295863044  
3548 sda 469679072 4096 W 1400115884 295863044  
3548 sda9 0 0 W 1400115884  
3548 sda9 0 0 W 1400115884  
bcache: 3548 1400115884 -1038761655  4096 
3548 sda9 31636448 4096 W 1400115884 -1038761655  
3548 sda 469959648 4096 W 1400115884 -1038761655  
3548 sda9 0 0 W 1400115884  
3548 sda9 0 0 W 1400115884  
bcache: 3548 1400115884 -1038761655  4096 
3548 sda9 32639520 4096 W 1400115884 -1038761655  
3548 sda 470962720 4096 W 1400115884 -1038761655  
3548 sda9 0 0 W 1400115884  
3548 sda9 0 0 W 1400115884  
bcache: 3548 1400115884 -997481239  4096 
3548 sda9 32648832 4096 W 1400115884 -997481239  
3548 sda 470972032 4096 W 1400115884 -997481239  
3548 sda9 0 0 W 1400115884  
3548 sda9 0 0 W 1400115884  
278 sda9 148018040 4096 W 1400115886 -128977529  
278 sda 586341240 4096 W 1400115886 -128977529  
278 sda9 222591400 4096 W 1400115886 -2012633525  
278 sda 660914600 4096 W 1400115886 -2012633525  
278 sda9 222591408 4096 W 1400115886 472210539  
278 sda 660914608 4096 W 1400115886 472210539  
278 sda9 222591416 4096 W 1400115886 1138560380  
278 sda 660914616 4096 W 1400115886 1138560380  
278 sda9 222591424 4096 W 1400115886 -1231674791  
278 sda 660914624 4096 W 1400115886 -1231674791  
278 sda9 222591432 4096 W 1400115886 -2143770387  
278 sda 660914632 4096 W 1400115886 -2143770387  
278 sda9 222591440 4096 W 1400115886 1365187724  
278 sda 660914640 4096 W 1400115886 1365187724  
bcache: 3548 1400115889 -54219141  4096 
3548 sda9 35555368 4096 W 1400115889 -54219141  
3548 sda 473878568 4096 W 1400115889 -54219141  
3548 sda9 0 0 W 1400115889  
3548 sda9 0 0 W 1400115889  
bcache: 3548 1400115889 -250082206  4096 
3548 sda9 26121736 4096 W 1400115889 -250082206  
3548 sda 464444936 4096 W 1400115889 -250082206  
3548 sda9 0 0 W 1400115889  
3548 sda9 0 0 W 1400115889  
bcache: 3548 1400115889 881741186  4096 
3548 sda9 26121760 4096 W 1400115889 881741186  
3548 sda 464444960 4096 W 1400115889 881741186  
3548 sda9 0 0 W 1400115889  
3548 sda9 0 0 W 1400115889  
bcache: 3548 1400115889 540995767  4096 
3548 sda9 26121792 4096 W 1400115889 540995767  
3548 sda 464444992 4096 W 1400115889 540995767  
3548 sda9 0 0 W 1400115889  
3548 sda9 0 0 W 1400115889  
bcache: 3548 1400115889 -766775287  4096 
3548 sda9 26121864 4096 W 1400115889 -766775287  
3548 sda 464445064 4096 W 1400115889 -766775287  
3548 sda9 0 0 W 1400115889  
3548 sda9 0 0 W 1400115889  
bcache: 3548 1400115889 -1004182048  4096 
3548 sda9 26121904 4096 W 1400115889 -1004182048  
3548 sda 464445104 4096 W 1400115889 -1004182048  
3548 sda9 0 0 W 1400115889  
3548 sda9 0 0 W 1400115889  
bcache: 3548 1400115889 -618126645  4096 
3548 sda9 26121992 4096 W 1400115889 -618126645  
3548 sda 464445192 4096 W 1400115889 -618126645  
3548 sda9 0 0 W 1400115889  
3548 sda9 0 0 W 1400115889  
bcache: 3548 1400115889 -79316346  4096 
3548 sda9 26122696 4096 W 1400115889 -79316346  
3548 sda 464445896 4096 W 1400115889 -79316346  
3548 sda9 0 0 W 1400115889  
3548 sda9 0 0 W 1400115889  
bcache: 3548 1400115889 371855466  4096 
3548 sda9 26143664 4096 W 1400115889 371855466  
3548 sda 464466864 4096 W 1400115889 371855466  
3548 sda9 0 0 W 1400115889  
3548 sda9 0 0 W 1400115889  
bcache: 3548 1400115889 -463043648  4096 
3548 sda9 26187608 4096 W 1400115889 -463043648  
3548 sda 464510808 4096 W 1400115889 -463043648  
3548 sda9 0 0 W 1400115889  
3548 sda9 0 0 W 1400115889  
bcache: 3548 1400115889 -425874910  4096 
3548 sda9 31082496 4096 W 1400115889 -425874910  
3548 sda 469405696 4096 W 1400115889 -425874910  
3548 sda9 0 0 W 1400115889  
3548 sda9 0 0 W 1400115889  
bcache: 3548 1400115889 -1439463476  4096 
3548 sda9 31082600 4096 W 1400115889 -1439463476  
3548 sda 469405800 4096 W 1400115889 -1439463476  
3548 sda9 0 0 W 1400115889  
3548 sda9 0 0 W 1400115889  
bcache: 3548 1400115889 435465921  4096 
3548 sda9 31082696 4096 W 1400115889 435465921  
3548 sda 469405896 4096 W 1400115889 435465921  
3548 sda9 0 0 W 1400115889  
3548 sda9 0 0 W 1400115889  
bcache: 3548 1400115889 -689483362  4096 
bcache: 3548 1400115889 717561749  4096 
3548 sda9 31109592 8192 W 1400115889 -689483362 717561749  
3548 sda 469432792 8192 W 1400115889 -689483362 717561749  
3548 sda9 0 0 W 1400115889  
3548 sda9 0 0 W 1400115889  
bcache: 3548 1400115889 618784834  4096 
3548 sda9 31109624 4096 W 1400115889 618784834  
3548 sda 469432824 4096 W 1400115889 618784834  
3548 sda9 0 0 W 1400115889  
3548 sda9 0 0 W 1400115889  
bcache: 3548 1400115889 511237973  4096 
3548 sda9 31110160 4096 W 1400115889 511237973  
3548 sda 469433360 4096 W 1400115889 511237973  
3548 sda9 0 0 W 1400115889  
3548 sda9 0 0 W 1400115889  
bcache: 3548 1400115889 -1840818139  4096 
bcache: 3548 1400115889 -1148287796  4096 
3548 sda9 31114400 8192 W 1400115889 -1840818139 -1148287796  
3548 sda 469437600 8192 W 1400115889 -1840818139 -1148287796  
3548 sda9 0 0 W 1400115889  
3548 sda9 0 0 W 1400115889  
bcache: 3548 1400115889 959779189  4096 
3548 sda9 31114424 4096 W 1400115889 959779189  
3548 sda 469437624 4096 W 1400115889 959779189  
3548 sda9 0 0 W 1400115889  
3548 sda9 0 0 W 1400115889  
bcache: 3548 1400115889 -621952410  4096 
3548 sda9 31114440 4096 W 1400115889 -621952410  
3548 sda 469437640 4096 W 1400115889 -621952410  
3548 sda9 0 0 W 1400115889  
3548 sda9 0 0 W 1400115889  
bcache: 3548 1400115889 -1191482929  4096 
3548 sda9 31120952 4096 W 1400115889 -1191482929  
3548 sda 469444152 4096 W 1400115889 -1191482929  
3548 sda9 0 0 W 1400115889  
3548 sda9 0 0 W 1400115889  
bcache: 3548 1400115889 -340296642  4096 
3548 sda9 31120968 4096 W 1400115889 -340296642  
3548 sda 469444168 4096 W 1400115889 -340296642  
3548 sda9 0 0 W 1400115889  
3548 sda9 0 0 W 1400115889  
bcache: 3548 1400115889 1693332539  4096 
bcache: 3548 1400115889 -1269978571  4096 
3548 sda9 31121008 8192 W 1400115889 1693332539 -1269978571  
3548 sda 469444208 8192 W 1400115889 1693332539 -1269978571  
3548 sda9 0 0 W 1400115889  
3548 sda9 0 0 W 1400115889  
bcache: 3548 1400115889 901015704  4096 
3548 sda9 31121040 4096 W 1400115889 901015704  
3548 sda 469444240 4096 W 1400115889 901015704  
3548 sda9 0 0 W 1400115889  
3548 sda9 0 0 W 1400115889  
bcache: 3548 1400115889 -1476375820  4096 
3548 sda9 31264856 4096 W 1400115889 -1476375820  
3548 sda 469588056 4096 W 1400115889 -1476375820  
3548 sda9 0 0 W 1400115889  
3548 sda9 0 0 W 1400115889  
bcache: 3548 1400115889 -1936811038  4096 
3548 sda9 31264880 4096 W 1400115889 -1936811038  
3548 sda 469588080 4096 W 1400115889 -1936811038  
3548 sda9 0 0 W 1400115889  
3548 sda9 0 0 W 1400115889  
bcache: 3548 1400115889 -184316972  4096 
3548 sda9 31264920 4096 W 1400115889 -184316972  
3548 sda 469588120 4096 W 1400115889 -184316972  
3548 sda9 0 0 W 1400115889  
3548 sda9 0 0 W 1400115889  
bcache: 3548 1400115889 137865128  4096 
3548 sda9 31265080 4096 W 1400115889 137865128  
3548 sda 469588280 4096 W 1400115889 137865128  
3548 sda9 0 0 W 1400115889  
3548 sda9 0 0 W 1400115889  
bcache: 3548 1400115889 540208249  4096 
3548 sda9 31265640 4096 W 1400115889 540208249  
3548 sda 469588840 4096 W 1400115889 540208249  
3548 sda9 0 0 W 1400115889  
3548 sda9 0 0 W 1400115889  
bcache: 3548 1400115889 -1106069080  4096 
3548 sda9 31265768 4096 W 1400115889 -1106069080  
3548 sda 469588968 4096 W 1400115889 -1106069080  
3548 sda9 0 0 W 1400115889  
3548 sda9 0 0 W 1400115889  
bcache: 3548 1400115889 131403964  4096 
bcache: 3548 1400115889 -256160801  4096 
bcache: 3548 1400115889 -418836731  4096 
3548 sda9 31278976 12288 W 1400115889 131403964 -256160801 -418836731  
3548 sda 469602176 12288 W 1400115889 131403964 -256160801 -418836731  
3548 sda9 0 0 W 1400115889  
3548 sda9 0 0 W 1400115889  
bcache: 3548 1400115890 -1841093369  4096 
3548 sda9 36871096 4096 W 1400115890 -1841093369  
3548 sda 475194296 4096 W 1400115890 -1841093369  
3548 sda9 0 0 W 1400115890  
3548 sda9 0 0 W 1400115890  
bcache: 3548 1400115890 1555342964  4096 
3548 sda9 33204512 4096 W 1400115890 1555342964  
3548 sda 471527712 4096 W 1400115890 1555342964  
3548 sda9 0 0 W 1400115890  
3548 sda9 0 0 W 1400115890  
bcache: 3548 1400115890 644803811  4096 
bcache: 3548 1400115890 -37476728  4096 
bcache: 3548 1400115890 -1939994667  4096 
bcache: 3548 1400115890 1819877167  4096 
bcache: 3548 1400115890 -1000931094  4096 
bcache: 3548 1400115890 -22013097  4096 
bcache: 3548 1400115890 1190093013  4096 
bcache: 3548 1400115890 1865482927  4096 
bcache: 3548 1400115890 -1542362946  4096 
bcache: 3548 1400115890 436581617  4096 
bcache: 3548 1400115890 -1  4096 
bcache: 3548 1400115890 1944133284  4096 
bcache: 3548 1400115890 781699708  4096 
bcache: 3548 1400115890 -652254407  4096 
bcache: 3548 1400115890 -1051101692  4096 
bcache: 3548 1400115890 891420789  4096 
bcache: 3548 1400115890 -1416670408  4096 
3548 sda9 31355880 69632 W 1400115890 644803811 -37476728 -1939994667 1819877167 -1000931094 -22013097 1190093013 1865482927 -1542362946 436581617 -1 1944133284 781699708 -652254407 -1051101692 891420789 -1416670408  
3548 sda 469679080 69632 W 1400115890 644803811 -37476728 -1939994667 1819877167 -1000931094 -22013097 1190093013 1865482927 -1542362946 436581617 -1 1944133284 781699708 -652254407 -1051101692 891420789 -1416670408  
3548 sda9 0 0 W 1400115890  
3548 sda9 0 0 W 1400115890  
bcache: 3548 1400115890 710322083  4096 
3548 sda9 31356016 4096 W 1400115890 710322083  
3548 sda 469679216 4096 W 1400115890 710322083  
3548 sda9 0 0 W 1400115890  
3548 sda9 0 0 W 1400115890  
278 sda9 222591448 4096 W 1400115892 1760533733  
278 sda 660914648 4096 W 1400115892 1760533733  
278 sda9 222591456 4096 W 1400115892 -526848423  
278 sda 660914656 4096 W 1400115892 -526848423  
278 sda9 222591464 4096 W 1400115892 -348864534  
278 sda 660914664 4096 W 1400115892 -348864534  
278 sda9 222591472 4096 W 1400115892 1134109653  
278 sda 660914672 4096 W 1400115892 1134109653  
278 sda9 222591480 4096 W 1400115898 -1163237787  
278 sda 660914680 4096 W 1400115898 -1163237787  
278 sda9 222591488 4096 W 1400115898 1747380807  
278 sda 660914688 4096 W 1400115898 1747380807  
278 sda9 222591496 4096 W 1400115898 1429108274  
278 sda 660914696 4096 W 1400115898 1429108274  
bcache: 3548 1400115899 343427792  4096 
3548 sda9 36871248 4096 W 1400115899 343427792  
3548 sda 475194448 4096 W 1400115899 343427792  
3548 sda9 0 0 W 1400115899  
3548 sda9 0 0 W 1400115899  
bcache: 3548 1400115899 151883214  4096 
3548 sda9 31636448 4096 W 1400115899 151883214  
3548 sda 469959648 4096 W 1400115899 151883214  
3548 sda9 0 0 W 1400115899  
3548 sda9 0 0 W 1400115899  
5539 sda9 148116240 4096 W 1400115901 1267787579  
5539 sda 586439440 4096 W 1400115901 1267787579  
5539 sda9 148018048 4096 W 1400115901 -1548736798  
5539 sda 586341248 4096 W 1400115901 -1548736798  
5539 sda9 147968848 4096 W 1400115901 1864218673  
5539 sda 586292048 4096 W 1400115901 1864218673  
