308 sda9 100663432 4096 W 414874690  
308 sda 538986632 4096 W 414874690  
308 sda9 100667296 4096 W -787551085  
308 sda 538990496 4096 W -787551085  
308 sda9 100667720 4096 W -500760902  
308 sda 538990920 4096 W -500760902  
308 sda9 100735240 4096 W 734708493  
308 sda 539058440 4096 W 734708493  
282 sda9 129210520 4096 W 2141782109  
282 sda 567533720 4096 W 2141782109  
282 sda9 77632 4096 W -2022997772  
282 sda 438400832 4096 W -2022997772  
282 sda9 127679536 4096 W -334886594  
282 sda 566002736 4096 W -334886594  
282 sda9 127679528 4096 W 1675429026  
282 sda 566002728 4096 W 1675429026  
282 sda9 222642432 4096 W -823949389  
282 sda 660965632 4096 W -823949389  
282 sda9 222642440 4096 W 1764807753  
282 sda 660965640 4096 W 1764807753  
282 sda9 222642448 4096 W 1108905364  
282 sda 660965648 4096 W 1108905364  
282 sda9 222642456 4096 W 838589015  
282 sda 660965656 4096 W 838589015  
282 sda9 222642464 4096 W 1745518396  
282 sda 660965664 4096 W 1745518396  
282 sda9 222642472 4096 W 1614220441  
282 sda 660965672 4096 W 1614220441  
282 sda9 222642480 4096 W 1144054873  
282 sda 660965680 4096 W 1144054873  
282 sda9 222642488 4096 W -507281464  
282 sda 660965688 4096 W -507281464  
282 sda9 222642496 4096 W -1836723278  
282 sda 660965696 4096 W -1836723278  
282 sda9 222642504 4096 W -1052291580  
282 sda 660965704 4096 W -1052291580  
282 sda9 222642512 4096 W 6991451  
282 sda 660965712 4096 W 6991451  
282 sda9 222642520 4096 W 627672756  
282 sda 660965720 4096 W 627672756  
282 sda9 222642528 4096 W -213840546  
282 sda 660965728 4096 W -213840546  
282 sda9 222642536 4096 W 1786910957  
282 sda 660965736 4096 W 1786910957  
282 sda9 222642544 4096 W 1537257695  
282 sda 660965744 4096 W 1537257695  
282 sda9 222642552 4096 W -855138758  
282 sda 660965752 4096 W -855138758  
282 sda9 222642560 4096 W 933719062  
282 sda 660965760 4096 W 933719062  
282 sda9 222642568 4096 W 1758174953  
282 sda 660965768 4096 W 1758174953  
282 sda9 222642576 4096 W -1413542110  
282 sda 660965776 4096 W -1413542110  
282 sda9 222642584 4096 W 1175586830  
282 sda 660965784 4096 W 1175586830  
282 sda9 222642592 4096 W 1681541963  
282 sda 660965792 4096 W 1681541963  
282 sda9 222642600 4096 W -964970491  
282 sda 660965800 4096 W -964970491  
282 sda9 222642608 4096 W 931634422  
282 sda 660965808 4096 W 931634422  
282 sda9 222642616 4096 W 1815101030  
282 sda 660965816 4096 W 1815101030  
282 sda9 222642624 4096 W 1275742229  
282 sda 660965824 4096 W 1275742229  
282 sda9 222642632 4096 W -1277939109  
282 sda 660965832 4096 W -1277939109  
282 sda9 222642640 4096 W 1937510082  
282 sda 660965840 4096 W 1937510082  
282 sda9 222642648 4096 W 1977726958  
282 sda 660965848 4096 W 1977726958  
282 sda9 222642656 4096 W 2033743451  
282 sda 660965856 4096 W 2033743451  
282 sda9 222642664 4096 W 17765005  
282 sda 660965864 4096 W 17765005  
282 sda9 222642672 4096 W 1229232300  
282 sda 660965872 4096 W 1229232300  
7143 sda9 31362584 8192 W 922268144 -129131915  
7143 sda 469685784 8192 W 922268144 -129131915  
7143 sda9 0 0 W  
7143 sda9 0 0 W  
pwrite: 7143 1399583713 10 2291945472 4096 1167435698  
7143 sda9 31362600 4096 W 1167435698  
7143 sda 469685800 4096 W 1167435698  
7143 sda9 0 0 W  
7143 sda9 0 0 W  
2126 sda9 127679736 4096 W -279153859  
2126 sda 566002936 4096 W -279153859  
282 sda9 127679736 4096 W -1800292900  
282 sda 566002936 4096 W -1800292900  
282 sda9 222642680 4096 W 1081464715  
282 sda 660965880 4096 W 1081464715  
282 sda9 222642688 4096 W -1240534642  
282 sda 660965888 4096 W -1240534642  
282 sda9 222642696 4096 W -1717912371  
282 sda 660965896 4096 W -1717912371  
282 sda9 222642704 4096 W -1820464616  
282 sda 660965904 4096 W -1820464616  
282 sda9 222642712 4096 W 2134102289  
282 sda 660965912 4096 W 2134102289  
282 sda9 222642720 4096 W 2098316105  
282 sda 660965920 4096 W 2098316105  
282 sda9 222642728 4096 W -633224088  
282 sda 660965928 4096 W -633224088  
282 sda9 127679736 4096 W -1656794596  
282 sda 566002936 4096 W -1656794596  
282 sda9 222642736 4096 W -351573500  
282 sda 660965936 4096 W -351573500  
282 sda9 222642744 4096 W 420052282  
282 sda 660965944 4096 W 420052282  
282 sda9 222642752 4096 W -99339649  
282 sda 660965952 4096 W -99339649  
pwrite: 7143 1399583727 10 1014493184 4096 596106509  
7143 sda9 28605432 4096 W 596106509  
7143 sda 466928632 4096 W 596106509  
7143 sda9 0 0 W  
7143 sda9 0 0 W  
pwrite: 7143 1399583727 10 1014497280 4096 596106509  
7143 sda9 28605440 4096 W 596106509  
7143 sda 466928640 4096 W 596106509  
7143 sda9 0 0 W  
7143 sda9 0 0 W  
pwrite: 7143 1399583727 10 1012383744 4096 596106509  
7143 sda9 28601312 4096 W 596106509  
7143 sda 466924512 4096 W 596106509  
7143 sda9 0 0 W  
7143 sda9 0 0 W  
pwrite: 7143 1399583727 10 7521759232 4096 1554548666  
7143 sda9 42379896 4096 W 1554548666  
7143 sda 480703096 4096 W 1554548666  
7143 sda9 0 0 W  
7143 sda9 0 0 W  
7143 sda9 42379904 524288 W -86489182 -142206365 -988182578 1010874005 1010874005 1010874005 -1613337969 1382093419 1811307472 1868240956 -1378925939 -279713431 -1870551938 1990675714 -855223634 -905237530 -1261665425 442424585 1384558593 1384930244 -977660034 -280639270 515576730 -289303648 283061047 1217714702 1674120868 1977298390 -873482817 256676017 -24093586 -1807811847 708451485 -551961878 -574761326 1435901821 1419967009 1465104211 1257373148 1719251528 778752270 633023914 -218424483 214724188 353377973 852746590 784256717 -4 
7143 sda 480703104 524288 W -86489182 -142206365 -988182578 1010874005 1010874005 1010874005 -1613337969 1382093419 1811307472 1868240956 -1378925939 -279713431 -1870551938 1990675714 -855223634 -905237530 -1261665425 442424585 1384558593 1384930244 -977660034 -280639270 515576730 -289303648 283061047 1217714702 1674120868 1977298390 -873482817 256676017 -24093586 -1807811847 708451485 -551961878 -574761326 1435901821 1419967009 1465104211 1257373148 1719251528 778752270 633023914 -218424483 214724188 353377973 852746590 784256717 -4 
7143 sda9 0 0 W  
7143 sda9 0 0 W  
282 sda9 127679736 4096 W 110475644  
282 sda 566002936 4096 W 110475644  
282 sda9 222642760 4096 W -735653162  
282 sda 660965960 4096 W -735653162  
282 sda9 222642768 4096 W 958947972  
282 sda 660965968 4096 W 958947972  
282 sda9 222642776 4096 W -494639082  
282 sda 660965976 4096 W -494639082  
282 sda9 222642784 4096 W 2120058157  
282 sda 660965984 4096 W 2120058157  
7143 sda9 42380928 192512 W -751341822 -874138378 1849568820 249058240 1733772232 936446823 1604180024 1847659765 -1628908132 1825151213 2132134354 -625956280 -803595944 1024196533 -138837128 897178030 1561832441 743568833 683664754 548479445 1757036284 -2011682195 313285056 865453271 324767244 790665649 -1056356464 369084568 -272928242 -102366849 1030814375 -718438913 840230175 695521527 -2111856187 -1384269325 -1334355725 818409630 -342208702 -604225328 772014258 -330111144 -371487945 -350821754 -1684837062 -475422683 650200966  
7143 sda 480704128 192512 W -751341822 -874138378 1849568820 249058240 1733772232 936446823 1604180024 1847659765 -1628908132 1825151213 2132134354 -625956280 -803595944 1024196533 -138837128 897178030 1561832441 743568833 683664754 548479445 1757036284 -2011682195 313285056 865453271 324767244 790665649 -1056356464 369084568 -272928242 -102366849 1030814375 -718438913 840230175 695521527 -2111856187 -1384269325 -1334355725 818409630 -342208702 -604225328 772014258 -330111144 -371487945 -350821754 -1684837062 -475422683 650200966  
7143 sda9 0 0 W  
7143 sda9 0 0 W  
pwrite: 7143 1399583727 10 1012387840 4096 596106509  
7143 sda9 28601320 4096 W 596106509  
7143 sda 466924520 4096 W 596106509  
7143 sda9 0 0 W  
7143 sda9 0 0 W  
pwrite: 7143 1399583727 10 1012391936 4096 596106509  
7143 sda9 28601328 4096 W 596106509  
7143 sda 466924528 4096 W 596106509  
7143 sda9 0 0 W  
7143 sda9 0 0 W  
pwrite: 7143 1399583727 10 1012396032 4096 596106509  
7143 sda9 28601336 4096 W 596106509  
7143 sda 466924536 4096 W 596106509  
7143 sda9 0 0 W  
7143 sda9 0 0 W  
pwrite: 7143 1399583727 10 1012400128 4096 596106509  
7143 sda9 28601344 4096 W 596106509  
7143 sda 466924544 4096 W 596106509  
7143 sda9 0 0 W  
7143 sda9 0 0 W  
pwrite: 7143 1399583727 10 1012404224 4096 596106509  
7143 sda9 28601352 4096 W 596106509  
7143 sda 466924552 4096 W 596106509  
7143 sda9 0 0 W  
7143 sda9 0 0 W  
pwrite: 7143 1399583727 10 1012408320 4096 596106509  
7143 sda9 28601360 4096 W 596106509  
7143 sda 466924560 4096 W 596106509  
7143 sda9 0 0 W  
7143 sda9 0 0 W  
pwrite: 7143 1399583727 10 1012412416 4096 596106509  
7143 sda9 28601368 4096 W 596106509  
7143 sda 466924568 4096 W 596106509  
7143 sda9 0 0 W  
7143 sda9 0 0 W  
pwrite: 7143 1399583727 10 1012416512 4096 596106509  
7143 sda9 28601376 4096 W 596106509  
7143 sda 466924576 4096 W 596106509  
7143 sda9 0 0 W  
7143 sda9 0 0 W  
pwrite: 7143 1399583727 10 1012420608 4096 596106509  
7143 sda9 28601384 4096 W 596106509  
7143 sda 466924584 4096 W 596106509  
7143 sda9 0 0 W  
7143 sda9 0 0 W  
pwrite: 7143 1399583727 10 1012424704 4096 596106509  
7143 sda9 28601392 4096 W 596106509  
7143 sda 466924592 4096 W 596106509  
7143 sda9 0 0 W  
7143 sda9 0 0 W  
pwrite: 7143 1399583727 10 1012428800 4096 596106509  
7143 sda9 28601400 4096 W 596106509  
7143 sda 466924600 4096 W 596106509  
7143 sda9 0 0 W  
7143 sda9 0 0 W  
pwrite: 7143 1399583727 10 1012432896 4096 596106509  
7143 sda9 28601408 4096 W 596106509  
7143 sda 466924608 4096 W 596106509  
7143 sda9 0 0 W  
7143 sda9 0 0 W  
pwrite: 7143 1399583727 10 1012436992 4096 596106509  
7143 sda9 28601416 4096 W 596106509  
7143 sda 466924616 4096 W 596106509  
7143 sda9 0 0 W  
7143 sda9 0 0 W  
pwrite: 7143 1399583727 10 1012441088 4096 596106509  
7143 sda9 28601424 4096 W 596106509  
7143 sda 466924624 4096 W 596106509  
7143 sda9 0 0 W  
7143 sda9 0 0 W  
7143 sda9 28601432 12288 W -314999918 1688171237 -1172763959  
7143 sda 466924632 12288 W -314999918 1688171237 -1172763959  
7143 sda9 0 0 W  
7143 sda9 0 0 W  
pwrite: 7143 1399583728 10 1888743424 4096 -429714254  
7143 sda9 30575096 4096 W -429714254  
7143 sda 468898296 4096 W -429714254  
7143 sda9 0 0 W  
7143 sda9 0 0 W  
pwrite: 7143 1399583728 10 1881796608 4096 826802052  
7143 sda9 30561528 4096 W 826802052  
7143 sda 468884728 4096 W 826802052  
7143 sda9 0 0 W  
7143 sda9 0 0 W  
7143 sda9 28601288 8192 W 1837907841 -1718281045  
7143 sda 466924488 8192 W 1837907841 -1718281045  
7143 sda9 0 0 W  
7143 sda9 0 0 W  
7143 sda9 31362608 69632 W 804208073 2002944299 -52516468 -182118253 1815900983 -19108045 1627635987 1352520305 1475722358 1945156342 -850376445 -1950786794 -1802673451 -401295575 -1616956627 -1252558154 -1540821972  
7143 sda 469685808 69632 W 804208073 2002944299 -52516468 -182118253 1815900983 -19108045 1627635987 1352520305 1475722358 1945156342 -850376445 -1950786794 -1802673451 -401295575 -1616956627 -1252558154 -1540821972  
7143 sda9 0 0 W  
7143 sda9 0 0 W  
pwrite: 7143 1399583728 10 2292019200 4096 -540478204  
7143 sda9 31362744 4096 W -540478204  
7143 sda 469685944 4096 W -540478204  
7143 sda9 0 0 W  
7143 sda9 0 0 W  
7143 sdc2 41088 4096 R 1893265147  
7143 sdc 450728 4096 R 1893265147  
7143 sdc2 49192 4096 W 1054264628  
7143 sdc 458832 4096 W 1054264628  
7143 sdc2 49200 4096 W 1246471082  
7143 sdc 458840 4096 W 1246471082  
7143 sdc2 49208 4096 W -1575434037  
7143 sdc 458848 4096 W -1575434037  
7143 sdc2 49216 4096 W 234406634  
7143 sdc 458856 4096 W 234406634  
7143 sdc2 49224 4096 W 1503150090  
7143 sdc 458864 4096 W 1503150090  
7143 sdc2 49232 4096 W 1036881927  
7143 sdc 458872 4096 W 1036881927  
7143 sdc2 49240 4096 W 1800479906  
7143 sdc 458880 4096 W 1800479906  
7143 sdc2 49248 4096 W 215662869  
7143 sdc 458888 4096 W 215662869  
7143 sdc2 49256 4096 W -71492574  
7143 sdc 458896 4096 W -71492574  
7143 sdc2 49264 4096 W 1475605639  
7143 sdc 458904 4096 W 1475605639  
7143 sdc2 49272 4096 W -2143000097  
7143 sdc 458912 4096 W -2143000097  
7143 sdc2 49280 4096 W -1757839818  
7143 sdc 458920 4096 W -1757839818  
7143 sdc2 0 0 W  
7143 sdc2 49288 4096 R 1010874005  
7143 sdc 458928 4096 R 1010874005  
7143 sdc2 49304 4096 W 678873541  
7143 sdc 458944 4096 W 678873541  
7143 sdc2 49312 4096 W 1167379613  
7143 sdc 458952 4096 W 1167379613  
7143 sdc2 49320 4096 W -645673911  
7143 sdc 458960 4096 W -645673911  
7143 sdc2 49328 4096 W -1343279656  
7143 sdc 458968 4096 W -1343279656  
7143 sdc2 49336 4096 W -1527730752  
7143 sdc 458976 4096 W -1527730752  
7143 sdc2 49344 4096 W 1587919697  
7143 sdc 458984 4096 W 1587919697  
7143 sdc2 49352 4096 W -1726057855  
7143 sdc 458992 4096 W -1726057855  
7143 sdc2 49360 4096 W 1123307010  
7143 sdc 459000 4096 W 1123307010  
7143 sdc2 49368 4096 W -904791438  
7143 sdc 459008 4096 W -904791438  
7143 sdc2 49376 4096 W -920396727  
7143 sdc 459016 4096 W -920396727  
7143 sdc2 49384 4096 W -354547474  
7143 sdc 459024 4096 W -354547474  
7143 sdc2 49392 4096 W -1942523468  
7143 sdc 459032 4096 W -1942523468  
7143 sdc2 49400 4096 W -1592171068  
7143 sdc 459040 4096 W -1592171068  
7143 sdc2 0 0 W  
7143 sdc2 562977704 4096 W 1284406270  
7143 sdc 563387344 4096 W 1284406270  
7143 sdc2 562977712 4096 W 1556797573  
7143 sdc 563387352 4096 W 1556797573  
7143 sdc2 562977720 4096 W -232949805  
7143 sdc 563387360 4096 W -232949805  
7143 sdc2 562977728 4096 W -259512603  
7143 sdc 563387368 4096 W -259512603  
7143 sdc2 562977736 4096 W -559660815  
7143 sdc 563387376 4096 W -559660815  
7143 sdc2 562977744 4096 W -349505965  
7143 sdc 563387384 4096 W -349505965  
7143 sdc2 562977752 4096 W 2765321  
7143 sdc 563387392 4096 W 2765321  
7143 sdc2 562977760 4096 W 840656960  
7143 sdc 563387400 4096 W 840656960  
7143 sdc2 562977768 4096 W -160617421  
7143 sdc 563387408 4096 W -160617421  
7143 sdc2 0 0 W  
pwrite: 7143 1399583732 13 53555146752 4096 -144314459  
7143 sdc2 562977776 4096 W -144314459  
7143 sdc 563387416 4096 W -144314459  
7143 sdc2 0 0 W  
282 sda9 222642792 4096 W 125158929  
282 sda 660965992 4096 W 125158929  
282 sda9 222642800 4096 W -1548147161  
282 sda 660966000 4096 W -1548147161  
282 sda9 222642808 4096 W -1040991630  
282 sda 660966008 4096 W -1040991630  
282 sda9 222642816 4096 W 1623395775  
282 sda 660966016 4096 W 1623395775  
7143 sda9 31362752 8192 W -547679180 -1994095026  
7143 sda 469685952 8192 W -547679180 -1994095026  
7143 sda9 0 0 W  
7143 sda9 0 0 W  
pwrite: 7143 1399583734 10 2292031488 4096 -1393538964  
7143 sda9 31362768 4096 W -1393538964  
7143 sda 469685968 4096 W -1393538964  
7143 sda9 0 0 W  
7143 sda9 0 0 W  
7143 sda9 33205040 12288 W 1879393136 597070475 -1852621193  
7143 sda 471528240 12288 W 1879393136 597070475 -1852621193  
7143 sda9 0 0 W  
7143 sda9 0 0 W  
7090 sdc2 487067936 4096 W -898356308  
7090 sdc 487477576 4096 W -898356308  
7090 sdc2 487067944 4096 W 603275878  
7090 sdc 487477584 4096 W 603275878  
7090 sdc2 487067952 4096 W 1330635374  
7090 sdc 487477592 4096 W 1330635374  
282 sda9 222642824 4096 W 860951375  
282 sda 660966024 4096 W 860951375  
282 sda9 222642832 4096 W 1462572487  
282 sda 660966032 4096 W 1462572487  
282 sda9 222642840 4096 W -689260214  
282 sda 660966040 4096 W -689260214  
282 sda9 222642848 4096 W 946617715  
282 sda 660966048 4096 W 946617715  
308 sda9 147842872 4096 W 1765252458  
308 sda 586166072 4096 W 1765252458  
308 sda9 172431672 69632 W -1679835867 -1617973528 -1136004093 1577023757 738743802 93278754 -1677148649 262348610 -201203458 -602537691 -742851360 -1400845477 1445393386 305097508 1405716274 1052883941 902344299  
308 sda 610754872 69632 W -1679835867 -1617973528 -1136004093 1577023757 738743802 93278754 -1677148649 262348610 -201203458 -602537691 -742851360 -1400845477 1445393386 305097508 1405716274 1052883941 902344299  
308 sda9 172434176 524288 W -1389106428 1918815523 -1465247226 -866545382 -2012355149 -1431978022 -1406454480 313910134 -1367883548 1443671582 348423330 -1525339548 -38415576 -72028438 1246244241 2110612539 -1508740930 -2097708298 -1467631988 -536282187 1993451283 -2011939148 1818223866 1534730849 -772904673 1273048024 1945391193 -170023417 1443367580 -1756003832 810581276 961820739 -496216101 -610494353 1954917335 -583880161 -1556833476 -1980903712 795557467 1536051631 -1055667603 1789771196 805638153 -228062425 -1218842880 15350247 
308 sda 610757376 524288 W -1389106428 1918815523 -1465247226 -866545382 -2012355149 -1431978022 -1406454480 313910134 -1367883548 1443671582 348423330 -1525339548 -38415576 -72028438 1246244241 2110612539 -1508740930 -2097708298 -1467631988 -536282187 1993451283 -2011939148 1818223866 1534730849 -772904673 1273048024 1945391193 -170023417 1443367580 -1756003832 810581276 961820739 -496216101 -610494353 1954917335 -583880161 -1556833476 -1980903712 795557467 1536051631 -1055667603 1789771196 805638153 -228062425 -1218842880 15350247 
308 sda9 172435200 122880 W -786378652 -858377543 -498703796 -207617211 1014955729 -1953328749 1702828228 56998347 -1760511003 -1213708242 1497741969 1141177099 1098569528 1235407324 1644900934 383767742 -1262277094 -452445988 -1331298001 -1061195393 -1459487358 -1653486476 -283247498 -207025137 318833544 1437816201 -1614532276 -2040881647 -2079794549 -2029556999  
308 sda 610758400 122880 W -786378652 -858377543 -498703796 -207617211 1014955729 -1953328749 1702828228 56998347 -1760511003 -1213708242 1497741969 1141177099 1098569528 1235407324 1644900934 383767742 -1262277094 -452445988 -1331298001 -1061195393 -1459487358 -1653486476 -283247498 -207025137 318833544 1437816201 -1614532276 -2040881647 -2079794549 -2029556999  
308 sda9 147842880 12288 W 1989441081 459576160 831061311  
308 sda 586166080 12288 W 1989441081 459576160 831061311  
7143 sda9 31362776 20480 W 571553490 1967954848 1060312204 -136508963 1467237475  
7143 sda 469685976 20480 W 571553490 1967954848 1060312204 -136508963 1467237475  
7143 sda9 0 0 W  
7143 sda9 0 0 W  
pwrite: 7143 1399583740 10 2292056064 4096 465529687  
7143 sda9 31362816 4096 W 465529687  
7143 sda 469686016 4096 W 465529687  
7143 sda9 0 0 W  
7143 sda9 0 0 W  
pwrite: 7143 1399583741 10 1014128640 4096 1402327047  
7143 sda9 28604720 4096 W 1402327047  
7143 sda 466927920 4096 W 1402327047  
7143 sda9 0 0 W  
7143 sda9 0 0 W  
pwrite: 7143 1399583741 10 1014149120 4096 -1239871003  
7143 sda9 28604760 4096 W -1239871003  
7143 sda 466927960 4096 W -1239871003  
7143 sda9 0 0 W  
7143 sda9 0 0 W  
pwrite: 7143 1399583741 10 2230603776 4096 1891366401  
7143 sda9 31242792 4096 W 1891366401  
7143 sda 469565992 4096 W 1891366401  
7143 sda9 0 0 W  
7143 sda9 0 0 W  
7143 sda9 35559544 8192 W -2147166173 -129131915  
7143 sda 473882744 8192 W -2147166173 -129131915  
7143 sda9 0 0 W  
7143 sda9 0 0 W  
7143 sda9 26118144 8192 W -850376445 -136508963  
7143 sda 464441344 8192 W -850376445 -136508963  
7143 sda9 0 0 W  
7143 sda9 0 0 W  
pwrite: 7143 1399583741 10 2887680 4096 1627635987  
7143 sda9 26121736 4096 W 1627635987  
7143 sda 464444936 4096 W 1627635987  
7143 sda9 0 0 W  
7143 sda9 0 0 W  
pwrite: 7143 1399583741 10 2916352 4096 -1802673451  
7143 sda9 26121792 4096 W -1802673451  
7143 sda 464444992 4096 W -1802673451  
7143 sda9 0 0 W  
7143 sda9 0 0 W  
pwrite: 7143 1399583741 10 2973696 4096 1815900983  
7143 sda9 26121904 4096 W 1815900983  
7143 sda 464445104 4096 W 1815900983  
7143 sda9 0 0 W  
7143 sda9 0 0 W  
pwrite: 7143 1399583741 10 3018752 4096 1475722358  
7143 sda9 26121992 4096 W 1475722358  
7143 sda 464445192 4096 W 1475722358  
7143 sda9 0 0 W  
7143 sda9 0 0 W  
pwrite: 7143 1399583741 10 14114816 4096 -52516468  
7143 sda9 26143664 4096 W -52516468  
7143 sda 464466864 4096 W -52516468  
7143 sda9 0 0 W  
7143 sda9 0 0 W  
pwrite: 7143 1399583741 10 36614144 4096 1945156342  
7143 sda9 26187608 4096 W 1945156342  
7143 sda 464510808 4096 W 1945156342  
7143 sda9 0 0 W  
7143 sda9 0 0 W  
pwrite: 7143 1399583741 10 39063552 4096 1352520305  
7143 sda9 26192392 4096 W 1352520305  
7143 sda 464515592 4096 W 1352520305  
7143 sda9 0 0 W  
7143 sda9 0 0 W  
pwrite: 7143 1399583741 10 2148564992 4096 1060312204  
7143 sda9 31082560 4096 W 1060312204  
7143 sda 469405760 4096 W 1060312204  
7143 sda9 0 0 W  
7143 sda9 0 0 W  
pwrite: 7143 1399583741 10 2148622336 4096 907911628  
7143 sda9 31082672 4096 W 907911628  
7143 sda 469405872 4096 W 907911628  
7143 sda9 0 0 W  
7143 sda9 0 0 W  
pwrite: 7143 1399583741 10 2160427008 4096 2002944299  
7143 sda9 31105728 4096 W 2002944299  
7143 sda 469428928 4096 W 2002944299  
7143 sda9 0 0 W  
7143 sda9 0 0 W  
pwrite: 7143 1399583741 10 2161389568 4096 -1252558154  
7143 sda9 31107608 4096 W -1252558154  
7143 sda 469430808 4096 W -1252558154  
7143 sda9 0 0 W  
7143 sda9 0 0 W  
pwrite: 7143 1399583741 10 2161610752 4096 -1540821972  
7143 sda9 31108040 4096 W -1540821972  
7143 sda 469431240 4096 W -1540821972  
7143 sda9 0 0 W  
7143 sda9 0 0 W  
pwrite: 7143 1399583741 10 2162409472 4096 -1950786794  
7143 sda9 31109600 4096 W -1950786794  
7143 sda 469432800 4096 W -1950786794  
7143 sda9 0 0 W  
7143 sda9 0 0 W  
pwrite: 7143 1399583741 10 2162421760 4096 -182118253  
7143 sda9 31109624 4096 W -182118253  
7143 sda 469432824 4096 W -182118253  
7143 sda9 0 0 W  
7143 sda9 0 0 W  
pwrite: 7143 1399583741 10 2162450432 4096 -401295575  
7143 sda9 31109680 4096 W -401295575  
7143 sda 469432880 4096 W -401295575  
7143 sda9 0 0 W  
7143 sda9 0 0 W  
pwrite: 7143 1399583741 10 2162683904 4096 1467237475  
7143 sda9 31110136 4096 W 1467237475  
7143 sda 469433336 4096 W 1467237475  
7143 sda9 0 0 W  
7143 sda9 0 0 W  
7143 sda9 31110184 8192 W -472656363 -521958392  
7143 sda 469433384 8192 W -472656363 -521958392  
7143 sda9 0 0 W  
7143 sda9 0 0 W  
pwrite: 7143 1399583741 10 2220244992 4096 -247834169  
7143 sda9 31222560 4096 W -247834169  
7143 sda 469545760 4096 W -247834169  
7143 sda9 0 0 W  
7143 sda9 0 0 W  
282 sda9 147842896 4096 W 799504542  
282 sda 586166096 4096 W 799504542  
282 sda9 222642856 4096 W -216626849  
282 sda 660966056 4096 W -216626849  
282 sda9 222642864 4096 W 766942839  
282 sda 660966064 4096 W 766942839  
282 sda9 222642872 4096 W 141462873  
282 sda 660966072 4096 W 141462873  
282 sda9 222642880 4096 W 898340848  
282 sda 660966080 4096 W 898340848  
282 sda9 222642888 4096 W 755552107  
282 sda 660966088 4096 W 755552107  
282 sda9 222642896 4096 W -1445905452  
282 sda 660966096 4096 W -1445905452  
282 sda9 222642904 4096 W 1214059045  
282 sda 660966104 4096 W 1214059045  
282 sda9 222642912 4096 W -1431533841  
282 sda 660966112 4096 W -1431533841  
282 sda9 222642920 4096 W -2022798087  
282 sda 660966120 4096 W -2022798087  
282 sda9 222642928 4096 W 1136490689  
282 sda 660966128 4096 W 1136490689  
282 sda9 222642936 4096 W -1884061942  
282 sda 660966136 4096 W -1884061942  
282 sda9 222642944 4096 W 1993563745  
282 sda 660966144 4096 W 1993563745  
282 sda9 222642952 4096 W -714195033  
282 sda 660966152 4096 W -714195033  
308 sda9 104858696 4096 W 2033743451  
308 sda 543181896 4096 W 2033743451  
308 sda9 104858752 4096 W 17765005  
308 sda 543181952 4096 W 17765005  
308 sda9 117440528 4096 W 755552107  
308 sda 555763728 4096 W 755552107  
308 sda9 117440768 4096 W -855138758  
308 sda 555763968 4096 W -855138758  
308 sda9 117442288 4096 W 1214059045  
308 sda 555765488 4096 W 1214059045  
308 sda9 117442744 4096 W 1614220441  
308 sda 555765944 4096 W 1614220441  
308 sda9 117506304 4096 W 933719062  
308 sda 555829504 4096 W 933719062  
308 sda9 118071248 4096 W -1431533841  
308 sda 556394448 4096 W -1431533841  
308 sda9 125829176 4096 W 2134102289  
308 sda 564152376 4096 W 2134102289  
308 sda9 142607872 4096 W 1993563745  
308 sda 580931072 4096 W 1993563745  
308 sda9 146800664 4096 W 141462873  
308 sda 585123864 4096 W 141462873  
308 sda9 146800680 4096 W -964970491  
308 sda 585123880 4096 W -964970491  
308 sda9 155192480 4096 W -1413542110  
308 sda 593515680 4096 W -1413542110  
308 sda9 159386200 4096 W 1815101030  
308 sda 597709400 4096 W 1815101030  
308 sda9 171966464 4096 W 1786910957  
308 sda 610289664 4096 W 1786910957  
308 sda9 171966472 4096 W -2022798087  
308 sda 610289672 4096 W -2022798087  
308 sda9 171966592 4096 W 6991451  
308 sda 610289792 4096 W 6991451  
308 sda9 171970384 4096 W -1884061942  
308 sda 610293584 4096 W -1884061942  
308 sda9 172041192 4096 W 1537257695  
308 sda 610364392 4096 W 1537257695  
308 sda9 0 4096 W 1144054873  
308 sda 438323200 4096 W 1144054873  
308 sda9 8 4096 W -1277939109  
308 sda 438323208 4096 W -1277939109  
308 sda9 16 4096 W -1052291580  
308 sda 438323216 4096 W -1052291580  
308 sda9 32 4096 W -1445905452  
308 sda 438323232 4096 W -1445905452  
308 sda9 40 4096 W 898340848  
308 sda 438323240 4096 W 898340848  
308 sda9 48 4096 W 1136490689  
308 sda 438323248 4096 W 1136490689  
308 sda9 25165832 4096 W 1275742229  
308 sda 463489032 4096 W 1275742229  
308 sda9 46137352 4096 W 1977726958  
308 sda 484460552 4096 W 1977726958  
308 sda9 46137360 4096 W -1836723278  
308 sda 484460560 4096 W -1836723278  
308 sda9 46143088 4096 W -1240534642  
308 sda 484466288 4096 W -1240534642  
308 sda9 46143096 4096 W 838589015  
308 sda 484466296 4096 W 838589015  
308 sda9 46143104 4096 W 766942839  
308 sda 484466304 4096 W 766942839  
7143 sda9 31362824 8192 W 942462381 -1056019204  
7143 sda 469686024 8192 W 942462381 -1056019204  
7143 sda9 0 0 W  
7143 sda9 0 0 W  
pwrite: 7143 1399583746 10 2292068352 4096 -1099969320  
7143 sda9 31362840 4096 W -1099969320  
7143 sda 469686040 4096 W -1099969320  
7143 sda9 0 0 W  
7143 sda9 0 0 W  
282 sda9 222642960 4096 W -107914258  
282 sda 660966160 4096 W -107914258  
282 sda9 222642968 4096 W 1424932411  
282 sda 660966168 4096 W 1424932411  
282 sda9 222642976 4096 W -1186326870  
282 sda 660966176 4096 W -1186326870  
282 sda9 222642984 4096 W -621756518  
282 sda 660966184 4096 W -621756518  
7143 sda9 31362848 8192 W -1915267318 -265758885  
7143 sda 469686048 8192 W -1915267318 -265758885  
7143 sda9 0 0 W  
7143 sda9 0 0 W  
pwrite: 7143 1399583752 10 2292080640 4096 -762016276  
7143 sda9 31362864 4096 W -762016276  
7143 sda 469686064 4096 W -762016276  
7143 sda9 0 0 W  
7143 sda9 0 0 W  
282 sda9 222642992 4096 W -2035641880  
282 sda 660966192 4096 W -2035641880  
282 sda9 222643000 4096 W 164462567  
282 sda 660966200 4096 W 164462567  
282 sda9 222643008 4096 W 1252859987  
282 sda 660966208 4096 W 1252859987  
282 sda9 222643016 4096 W 354081147  
282 sda 660966216 4096 W 354081147  
7143 sda9 31362872 8192 W -219374324 1640383597  
7143 sda 469686072 8192 W -219374324 1640383597  
7143 sda9 0 0 W  
7143 sda9 0 0 W  
pwrite: 7143 1399583758 10 2292092928 4096 10797251  
7143 sda9 31362888 4096 W 10797251  
7143 sda 469686088 4096 W 10797251  
7143 sda9 0 0 W  
7143 sda9 0 0 W  
pwrite: 7143 1399583761 10 1012457472 4096 968375383  
7143 sda9 28601456 4096 W 968375383  
282 sda9 222643024 4096 W -566669027  
282 sda 660966224 4096 W -566669027  
7143 sda 466924656 4096 W 968375383  
282 sda9 222643032 4096 W 34735303  
282 sda 660966232 4096 W 34735303  
282 sda9 222643040 4096 W 2068068471  
282 sda 660966240 4096 W 2068068471  
282 sda9 222643048 4096 W 537258114  
282 sda 660966248 4096 W 537258114  
7143 sda9 0 0 W  
7143 sda9 0 0 W  
7143 sda9 27462656 57344 W -1679835867 -1703321112 1471937390 -183544757 360549015 1059548686 -1391833270 -1795442148 623544135 -388737779 -2079101838 2095814903 1898997141 107871398  
7143 sda 465785856 57344 W -1679835867 -1703321112 1471937390 -183544757 360549015 1059548686 -1391833270 -1795442148 623544135 -388737779 -2079101838 2095814903 1898997141 107871398  
7143 sda9 0 0 W  
7143 sda9 0 0 W  
7143 sda9 28517672 524288 W 1799800638 1533926310 1163090319 196012358 141310448 1349100738 -874986998 -1238093319 841761048 1332157315 -1407766781 191136606 1600632894 -1617484512 794547617 -587833283 -1144422511 -1722909326 1290044711 -1122982299 1635445077 -720702907 1172245147 1318278729 1467132164 -481584902 1247893257 -539253600 -2027114005 -1240145183 -1162106884 1841013090 1821336306 -842533221 -555805668 -1334442365 -923763341 -1121727997 -235981054 -1901993226 -1351601106 -1648291221 -37589310 943827481 1249006970 639106990 
7143 sda 466840872 524288 W 1799800638 1533926310 1163090319 196012358 141310448 1349100738 -874986998 -1238093319 841761048 1332157315 -1407766781 191136606 1600632894 -1617484512 794547617 -587833283 -1144422511 -1722909326 1290044711 -1122982299 1635445077 -720702907 1172245147 1318278729 1467132164 -481584902 1247893257 -539253600 -2027114005 -1240145183 -1162106884 1841013090 1821336306 -842533221 -555805668 -1334442365 -923763341 -1121727997 -235981054 -1901993226 -1351601106 -1648291221 -37589310 943827481 1249006970 639106990 
7143 sda9 0 0 W  
7143 sda9 0 0 W  
7143 sda9 28518696 69632 W -1823033614 -1031874680 1074961304 1949591170 -657192560 239541076 -2085602813 998128659 1236786096 -769716606 -2122132737 -936259105 -237447219 1117849566 468564785 1471438246 -614651016  
7143 sda 466841896 69632 W -1823033614 -1031874680 1074961304 1949591170 -657192560 239541076 -2085602813 998128659 1236786096 -769716606 -2122132737 -936259105 -237447219 1117849566 468564785 1471438246 -614651016  
7143 sda9 0 0 W  
7143 sda9 0 0 W  
7143 sda9 28601464 8192 W 991524630 684664163  
7143 sda 466924664 8192 W 991524630 684664163  
7143 sda9 0 0 W  
7143 sda9 0 0 W  
7143 sdc2 16384 4096 W -559660815  
7143 sdc 426024 4096 W -559660815  
7143 sdc2 16392 4096 W 2765321  
7143 sdc 426032 4096 W 2765321  
7143 sdc2 0 0 W  
7143 sdc2 24592 4096 W -349505965  
7143 sdc 434232 4096 W -349505965  
7143 sdc2 24600 4096 W 840656960  
7143 sdc 434240 4096 W 840656960  
7143 sdc2 24608 4096 W -259512603  
7143 sdc 434248 4096 W -259512603  
7143 sdc2 0 0 W  
pwrite: 7143 1399583763 13 6303744 4096 -232949805  
7143 sdc2 28720 4096 W -232949805  
7143 sdc 438360 4096 W -232949805  
7143 sdc2 0 0 W  
pwrite: 7143 1399583763 13 16826368 4096 -160617421  
7143 sdc2 49296 4096 W -160617421  
7143 sdc 458936 4096 W -160617421  
7143 sdc2 0 0 W  
pwrite: 7143 1399583764 10 1012465664 4096 -2039313541  
7143 sda9 28601472 4096 W -2039313541  
7143 sda 466924672 4096 W -2039313541  
7143 sda9 0 0 W  
7143 sda9 0 0 W  
7143 sda9 31362896 24576 W 7869347 1006164816 1399101301 -63087005 1516895084 2013343337  
7143 sda 469686096 24576 W 7869347 1006164816 1399101301 -63087005 1516895084 2013343337  
7143 sda9 0 0 W  
7143 sda9 0 0 W  
pwrite: 7143 1399583764 10 2292121600 4096 1342756208  
7143 sda9 31362944 4096 W 1342756208  
7143 sda 469686144 4096 W 1342756208  
7143 sda9 0 0 W  
7143 sda9 0 0 W  
282 sda9 222643056 4096 W 225068506  
282 sda 660966256 4096 W 225068506  
282 sda9 222643064 4096 W 54942904  
282 sda 660966264 4096 W 54942904  
282 sda9 222643072 4096 W -1610017147  
282 sda 660966272 4096 W -1610017147  
282 sda9 222643080 4096 W 155650728  
282 sda 660966280 4096 W 155650728  
7090 sdc2 487067960 4096 W 2140121355  
7090 sdc 487477600 4096 W 2140121355  
7090 sdc2 487067968 4096 W 1433773950  
7090 sdc 487477608 4096 W 1433773950  
7090 sdc2 487067976 4096 W -88842039  
7090 sdc 487477616 4096 W -88842039  
2068 sda9 148126584 4096 W 1197876482  
2068 sda 586449784 4096 W 1197876482  
282 sda9 222643088 4096 W 434197408  
282 sda 660966288 4096 W 434197408  
282 sda9 222643096 4096 W -440505319  
282 sda 660966296 4096 W -440505319  
282 sda9 222643104 4096 W -1045106568  
282 sda 660966304 4096 W -1045106568  
282 sda9 222643112 4096 W 1312158030  
282 sda 660966312 4096 W 1312158030  
282 sda9 222643120 4096 W -1795955185  
282 sda 660966320 4096 W -1795955185  
282 sda9 222643128 4096 W 870151190  
282 sda 660966328 4096 W 870151190  
282 sda9 222643136 4096 W -1729484024  
282 sda 660966336 4096 W -1729484024  
282 sda9 222643144 4096 W -1361636523  
282 sda 660966344 4096 W -1361636523  
282 sda9 222643152 4096 W -1827495947  
282 sda 660966352 4096 W -1827495947  
282 sda9 222643160 4096 W -1091384085  
282 sda 660966360 4096 W -1091384085  
7143 sda9 31362952 8192 W -716924929 1462869588  
7143 sda 469686152 8192 W -716924929 1462869588  
7143 sda9 0 0 W  
7143 sda9 0 0 W  
pwrite: 7143 1399583770 10 2292133888 4096 1363791112  
7143 sda9 31362968 4096 W 1363791112  
7143 sda 469686168 4096 W 1363791112  
7143 sda9 0 0 W  
7143 sda9 0 0 W  
9319 sdc2 8224 4096 W 1433773950  
9319 sdc 417864 4096 W 1433773950  
308 sda9 148126592 16384 W 858756822 -1390283258 -1644856765 -883211522  
308 sda 586449792 16384 W 858756822 -1390283258 -1644856765 -883211522  
282 sda9 148126616 4096 W -1336600255  
282 sda 586449816 4096 W -1336600255  
282 sda9 222643168 4096 W -522735731  
282 sda 660966368 4096 W -522735731  
282 sda9 222643176 4096 W -567991334  
282 sda 660966376 4096 W -567991334  
282 sda9 222643184 4096 W -1948555624  
282 sda 660966384 4096 W -1948555624  
282 sda9 222643192 4096 W 766645249  
282 sda 660966392 4096 W 766645249  
282 sda9 222643200 4096 W 1144054873  
282 sda 660966400 4096 W 1144054873  
282 sda9 222643208 4096 W 1832679785  
282 sda 660966408 4096 W 1832679785  
282 sda9 222643216 4096 W -666679316  
282 sda 660966416 4096 W -666679316  
282 sda9 222643224 4096 W -1445905452  
282 sda 660966424 4096 W -1445905452  
282 sda9 222643232 4096 W -2028632672  
282 sda 660966432 4096 W -2028632672  
282 sda9 222643240 4096 W -227470210  
282 sda 660966440 4096 W -227470210  
282 sda9 222643248 4096 W -2131074227  
282 sda 660966448 4096 W -2131074227  
282 sda9 222643256 4096 W -1148543959  
282 sda 660966456 4096 W -1148543959  
7143 sda9 31362976 8192 W 1623135576 -9959664  
7143 sda 469686176 8192 W 1623135576 -9959664  
7143 sda9 0 0 W  
7143 sda9 0 0 W  
pwrite: 7143 1399583776 10 2292146176 4096 1997457972  
7143 sda9 31362992 4096 W 1997457972  
7143 sda 469686192 4096 W 1997457972  
7143 sda9 0 0 W  
7143 sda9 0 0 W  
pwrite: 7143 1399583781 10 1052672 4096 -63087005  
282 sda9 148126616 4096 W 640210160  
7143 sda9 26118152 4096 W -63087005  
282 sda 586449816 4096 W 640210160  
7143 sda 464441352 4096 W -63087005  
282 sda9 222643264 4096 W 1192977660  
282 sda 660966464 4096 W 1192977660  
282 sda9 222643272 4096 W -531036920  
282 sda 660966472 4096 W -531036920  
282 sda9 222643280 4096 W -561454980  
282 sda 660966480 4096 W -561454980  
7143 sda9 0 0 W  
7143 sda9 0 0 W  
282 sda9 222643288 4096 W 1628458692  
282 sda 660966488 4096 W 1628458692  
pwrite: 7143 1399583781 10 2899968 4096 2013343337  
7143 sda9 26121760 4096 W 2013343337  
7143 sda 464444960 4096 W 2013343337  
7143 sda9 0 0 W  
7143 sda9 0 0 W  
pwrite: 7143 1399583781 10 2916352 4096 1399101301  
7143 sda9 26121792 4096 W 1399101301  
7143 sda 464444992 4096 W 1399101301  
7143 sda9 0 0 W  
7143 sda9 0 0 W  
pwrite: 7143 1399583781 10 14114816 4096 1516895084  
7143 sda9 26143664 4096 W 1516895084  
7143 sda 464466864 4096 W 1516895084  
7143 sda9 0 0 W  
7143 sda9 0 0 W  
7143 sda9 31363000 8192 W 528801630 -1558410260  
7143 sda 469686200 8192 W 528801630 -1558410260  
7143 sda9 0 0 W  
7143 sda9 0 0 W  
pwrite: 7143 1399583782 10 2292158464 4096 -186332434  
7143 sda9 31363016 4096 W -186332434  
7143 sda 469686216 4096 W -186332434  
7143 sda9 0 0 W  
7143 sda9 0 0 W  
308 sda9 100663432 4096 W -2028632672  
308 sda 538986632 4096 W -2028632672  
308 sda9 100667296 4096 W -1948555624  
308 sda 538990496 4096 W -1948555624  
308 sda9 100667720 4096 W -567991334  
308 sda 538990920 4096 W -567991334  
308 sda9 100735240 4096 W 766645249  
308 sda 539058440 4096 W 766645249  
308 sda9 146800680 4096 W 1832679785  
308 sda 585123880 4096 W 1832679785  
308 sda9 0 4096 W 1144054873  
308 sda 438323200 4096 W 1144054873  
308 sda9 32 4096 W -1445905452  
308 sda 438323232 4096 W -1445905452  
308 sda9 40 4096 W -666679316  
308 sda 438323240 4096 W -666679316  
282 sda9 222643296 4096 W -1807192005  
282 sda 660966496 4096 W -1807192005  
282 sda9 222643304 4096 W -1796403270  
282 sda 660966504 4096 W -1796403270  
282 sda9 222643312 4096 W 1604441338  
282 sda 660966512 4096 W 1604441338  
282 sda9 222643320 4096 W -1811428319  
282 sda 660966520 4096 W -1811428319  
pwrite: 7143 1399583788 10 1012469760 4096 1380003913  
7143 sda9 28601480 4096 W 1380003913  
7143 sda 466924680 4096 W 1380003913  
7143 sda9 0 0 W  
7143 sda9 0 0 W  
7143 sda9 31363024 16384 W -1275122468 -802839421 -916135105 -1698631881  
7143 sda 469686224 16384 W -1275122468 -802839421 -916135105 -1698631881  
7143 sda9 0 0 W  
7143 sda9 0 0 W  
pwrite: 7143 1399583788 10 2292178944 4096 -530862012  
7143 sda9 31363056 4096 W -530862012  
7143 sda 469686256 4096 W -530862012  
7143 sda9 0 0 W  
7143 sda9 0 0 W  
7143 sda9 28601488 8192 W -401798968 1475623459  
7143 sda 466924688 8192 W -401798968 1475623459  
7143 sda9 0 0 W  
7143 sda9 0 0 W  
282 sda9 222643328 4096 W -1915016099  
282 sda 660966528 4096 W -1915016099  
282 sda9 222643336 4096 W -259185963  
282 sda 660966536 4096 W -259185963  
282 sda9 222643344 4096 W 1436330064  
282 sda 660966544 4096 W 1436330064  
282 sda9 222643352 4096 W -1357250604  
282 sda 660966552 4096 W -1357250604  
pwrite: 7143 1399583793 10 1012375552 4096 -1160688598  
7143 sda9 28601296 4096 W -1160688598  
7143 sda 466924496 4096 W -1160688598  
7143 sda9 0 0 W  
7143 sda9 0 0 W  
pwrite: 7143 1399583793 10 1012457472 4096 -1505328948  
7143 sda9 28601456 4096 W -1505328948  
7143 sda 466924656 4096 W -1505328948  
7143 sda9 0 0 W  
7143 sda9 0 0 W  
7143 sda9 31363064 53248 W -324777618 1659663431 -1789236647 -850376445 25721562 -961551576 -1175602436 -1281000326 145444347 -1662778447 -649568282 1385318193 -397470273  
7143 sda 469686264 53248 W -324777618 1659663431 -1789236647 -850376445 25721562 -961551576 -1175602436 -1281000326 145444347 -1662778447 -649568282 1385318193 -397470273  
7143 sda9 0 0 W  
7143 sda9 0 0 W  
pwrite: 7143 1399583793 10 2292236288 4096 -1983069226  
7143 sda9 31363168 4096 W -1983069226  
7143 sda 469686368 4096 W -1983069226  
7143 sda9 0 0 W  
7143 sda9 0 0 W  
7143 sda9 28601504 12288 W 1000267063 -546719698 -323684441  
7143 sda 466924704 12288 W 1000267063 -546719698 -323684441  
7143 sda9 0 0 W  
7143 sda9 0 0 W  
7143 sda9 28601528 12288 W 1000267063 -546719698 -323684441  
7143 sda 466924728 12288 W 1000267063 -546719698 -323684441  
7143 sda9 0 0 W  
7143 sda9 0 0 W  
7143 sda9 28601552 12288 W 991524630 -2039313541 1380003913  
7143 sda 466924752 12288 W 991524630 -2039313541 1380003913  
7143 sda9 0 0 W  
7143 sda9 0 0 W  
282 sda9 222643360 4096 W -220141989  
282 sda 660966560 4096 W -220141989  
282 sda9 222643368 4096 W 2079277652  
282 sda 660966568 4096 W 2079277652  
282 sda9 222643376 4096 W -352444294  
282 sda 660966576 4096 W -352444294  
282 sda9 222643384 4096 W -181521615  
282 sda 660966584 4096 W -181521615  
pwrite: 7143 1399583799 10 3219742720 4096 1697494276  
7143 sda9 33191088 4096 W 1697494276  
7143 sda 471514288 4096 W 1697494276  
7143 sda9 0 0 W  
7143 sda9 0 0 W  
7143 sda9 33444976 8192 W -721543623 2049244749  
7143 sda 471768176 8192 W -721543623 2049244749  
7143 sda9 0 0 W  
7143 sda9 0 0 W  
pwrite: 7143 1399583799 10 3337678848 4096 -1226471895  
7143 sda9 33421432 4096 W -1226471895  
7143 sda 471744632 4096 W -1226471895  
7143 sda9 0 0 W  
7143 sda9 0 0 W  
7143 sda9 33445008 8192 W -1578981548 -913610347  
7143 sda 471768208 8192 W -1578981548 -913610347  
7143 sda9 0 0 W  
7143 sda9 0 0 W  
pwrite: 7143 1399583799 10 1012518912 4096 1254220203  
7143 sda9 28601576 4096 W 1254220203  
7143 sda 466924776 4096 W 1254220203  
7143 sda9 0 0 W  
7143 sda9 0 0 W  
pwrite: 7143 1399583799 10 3348422656 4096 955765615  
7143 sda9 33442416 4096 W 955765615  
7143 sda 471765616 4096 W 955765615  
7143 sda9 0 0 W  
7143 sda9 0 0 W  
pwrite: 7143 1399583801 10 3349225472 4096 -1038761655  
7143 sda9 33443984 4096 W -1038761655  
7143 sda 471767184 4096 W -1038761655  
7143 sda9 0 0 W  
7143 sda9 0 0 W  
pwrite: 7143 1399583801 10 3349430272 4096 -1038761655  
7143 sda9 33444384 4096 W -1038761655  
7143 sda 471767584 4096 W -1038761655  
7143 sda9 0 0 W  
7143 sda9 0 0 W  
pwrite: 7143 1399583801 10 3349704704 4096 955765615  
7143 sda9 33444920 4096 W 955765615  
7143 sda 471768120 4096 W 955765615  
7143 sda9 0 0 W  
7143 sda9 0 0 W  
pwrite: 7143 1399583803 10 3294629888 4096 -730862841  
7143 sda9 33337352 4096 W -730862841  
282 sda9 222643392 4096 W -1435294034  
7143 sda 471660552 4096 W -730862841  
282 sda 660966592 4096 W -1435294034  
282 sda9 222643400 4096 W -351514901  
282 sda 660966600 4096 W -351514901  
282 sda9 222643408 4096 W 1255899516  
282 sda 660966608 4096 W 1255899516  
7143 sda9 0 0 W  
7143 sda9 0 0 W  
282 sda9 222643416 4096 W 1291838389  
282 sda 660966616 4096 W 1291838389  
pwrite: 7143 1399583803 10 3295526912 4096 1305976777  
7143 sda9 33339104 4096 W 1305976777  
7143 sda 471662304 4096 W 1305976777  
7143 sda9 0 0 W  
7143 sda9 0 0 W  
pwrite: 7143 1399583803 10 3295522816 4096 1305976777  
7143 sda9 33339096 4096 W 1305976777  
7143 sda 471662296 4096 W 1305976777  
7143 sda9 0 0 W  
7143 sda9 0 0 W  
pwrite: 7143 1399583803 10 1012375552 4096 677316312  
7143 sda9 28601296 4096 W 677316312  
7143 sda 466924496 4096 W 677316312  
7143 sda9 0 0 W  
7143 sda9 0 0 W  
pwrite: 7143 1399583803 10 1012457472 4096 -1697786584  
7143 sda9 28601456 4096 W -1697786584  
7143 sda 466924656 4096 W -1697786584  
7143 sda9 0 0 W  
7143 sda9 0 0 W  
7143 sda9 31363176 172032 W 1332469027 -850376445 1547736688 -1844557691 -1303946911 -523494607 886158674 91068333 -2105665323 1473980827 -1266717822 -760951569 156814759 31252718 146692050 692831246 -194652313 1328581496 1350675037 2088523592 -804135364 -326584302 642011435 -717350109 1562010115 716429389 -304183679 -721872253 -1426529626 -1724681832 -1404793745 -1 -1499813233 1761936000 398391587 71368429 -439855454 -29321845 175054365 -1781113842 1504524042 -1842606632  
7143 sda 469686376 172032 W 1332469027 -850376445 1547736688 -1844557691 -1303946911 -523494607 886158674 91068333 -2105665323 1473980827 -1266717822 -760951569 156814759 31252718 146692050 692831246 -194652313 1328581496 1350675037 2088523592 -804135364 -326584302 642011435 -717350109 1562010115 716429389 -304183679 -721872253 -1426529626 -1724681832 -1404793745 -1 -1499813233 1761936000 398391587 71368429 -439855454 -29321845 175054365 -1781113842 1504524042 -1842606632  
7143 sda9 0 0 W  
7143 sda9 0 0 W  
pwrite: 7143 1399583803 10 2292412416 4096 -419347262  
7143 sda9 31363512 4096 W -419347262  
7143 sda 469686712 4096 W -419347262  
7143 sda9 0 0 W  
7143 sda9 0 0 W  
282 sda9 222643424 4096 W 2032153193  
282 sda 660966624 4096 W 2032153193  
282 sda9 222643432 4096 W 1261823634  
282 sda 660966632 4096 W 1261823634  
282 sda9 222643440 4096 W 456168804  
282 sda 660966640 4096 W 456168804  
282 sda9 222643448 4096 W 1193271679  
282 sda 660966648 4096 W 1193271679  
308 sda9 148199392 12288 W -1288048242 1040999857 -1038894600  
308 sda 586522592 12288 W -1288048242 1040999857 -1038894600  
282 sda9 148199408 4096 W -853743159  
282 sda 586522608 4096 W -853743159  
282 sda9 222643456 4096 W -146289315  
282 sda 660966656 4096 W -146289315  
282 sda9 222643464 4096 W 180788964  
282 sda 660966664 4096 W 180788964  
282 sda9 222643472 4096 W 435387457  
282 sda 660966672 4096 W 435387457  
282 sda9 222643480 4096 W -1448008489  
282 sda 660966680 4096 W -1448008489  
282 sda9 222643488 4096 W 48120517  
282 sda 660966688 4096 W 48120517  
pwrite: 7143 1399583816 10 2162442240 4096 1473980827  
7143 sda9 31109664 4096 W 1473980827  
7143 sda 469432864 4096 W 1473980827  
7143 sda9 0 0 W  
7143 sda9 0 0 W  
7143 sda9 31110144 12288 W 91068333 -1266717822 71368429  
7143 sda 469433344 12288 W 91068333 -1266717822 71368429  
7143 sda9 0 0 W  
7143 sda9 0 0 W  
7143 sda9 31110184 12288 W -194652313 -304183679 -1724681832  
7143 sda 469433384 12288 W -194652313 -304183679 -1724681832  
7143 sda9 0 0 W  
7143 sda9 0 0 W  
7143 sda9 31120952 8192 W -1499813233 692831246  
7143 sda 469444152 8192 W -1499813233 692831246  
7143 sda9 0 0 W  
7143 sda9 0 0 W  
pwrite: 7143 1399583816 10 2168233984 8192 2088523592 -1781113842  
7143 sda9 31120976 8192 W 2088523592 -1781113842  
7143 sda 469444176 8192 W 2088523592 -1781113842  
7143 sda9 0 0 W  
7143 sda9 0 0 W  
7143 sda9 31264856 8192 W 1761936000 -1404793745  
7143 sda 469588056 8192 W 1761936000 -1404793745  
7143 sda9 0 0 W  
7143 sda9 0 0 W  
pwrite: 7143 1399583816 10 2241912832 4096 398391587  
7143 sda9 31264880 4096 W 398391587  
7143 sda 469588080 4096 W 398391587  
7143 sda9 0 0 W  
7143 sda9 0 0 W  
pwrite: 7143 1399583816 10 2241933312 4096 642011435  
7143 sda9 31264920 4096 W 642011435  
7143 sda 469588120 4096 W 642011435  
7143 sda9 0 0 W  
7143 sda9 0 0 W  
pwrite: 7143 1399583816 10 2241949696 4096 -1842606632  
7143 sda9 31264952 4096 W -1842606632  
7143 sda 469588152 4096 W -1842606632  
7143 sda9 0 0 W  
7143 sda9 0 0 W  
7143 sda9 31265200 28672 W -326584302 1562010115 716429389 -439855454 -29321845 175054365 1504524042  
7143 sda 469588400 28672 W -326584302 1562010115 716429389 -439855454 -29321845 175054365 1504524042  
7143 sda9 0 0 W  
7143 sda9 0 0 W  
7143 sda9 26118144 8192 W -850376445 -1303946911  
7143 sda 464441344 8192 W -850376445 -1303946911  
7143 sda9 0 0 W  
7143 sda9 0 0 W  
pwrite: 7143 1399583816 10 2887680 4096 145444347  
7143 sda9 26121736 4096 W 145444347  
7143 sda 464444936 4096 W 145444347  
7143 sda9 0 0 W  
7143 sda9 0 0 W  
pwrite: 7143 1399583816 10 2899968 4096 -961551576  
7143 sda9 26121760 4096 W -961551576  
7143 sda 464444960 4096 W -961551576  
7143 sda9 0 0 W  
7143 sda9 0 0 W  
pwrite: 7143 1399583816 10 2916352 4096 -1844557691  
7143 sda9 26121792 4096 W -1844557691  
7143 sda 464444992 4096 W -1844557691  
7143 sda9 0 0 W  
7143 sda9 0 0 W  
pwrite: 7143 1399583816 10 2973696 4096 25721562  
7143 sda9 26121904 4096 W 25721562  
7143 sda 464445104 4096 W 25721562  
7143 sda9 0 0 W  
7143 sda9 0 0 W  
pwrite: 7143 1399583816 10 3018752 4096 -1281000326  
7143 sda9 26121992 4096 W -1281000326  
7143 sda 464445192 4096 W -1281000326  
7143 sda9 0 0 W  
7143 sda9 0 0 W  
pwrite: 7143 1399583816 10 14114816 4096 -721872253  
7143 sda9 26143664 4096 W -721872253  
7143 sda 464466864 4096 W -721872253  
7143 sda9 0 0 W  
7143 sda9 0 0 W  
pwrite: 7143 1399583816 10 36614144 4096 -1175602436  
7143 sda9 26187608 4096 W -1175602436  
7143 sda 464510808 4096 W -1175602436  
7143 sda9 0 0 W  
7143 sda9 0 0 W  
pwrite: 7143 1399583816 10 2148532224 4096 -804135364  
7143 sda9 31082496 4096 W -804135364  
7143 sda 469405696 4096 W -804135364  
7143 sda9 0 0 W  
7143 sda9 0 0 W  
pwrite: 7143 1399583816 10 2148552704 4096 1328581496  
7143 sda9 31082536 4096 W 1328581496  
7143 sda 469405736 4096 W 1328581496  
7143 sda9 0 0 W  
7143 sda9 0 0 W  
7143 sda9 31082552 8192 W -1 -2105665323  
7143 sda 469405752 8192 W -1 -2105665323  
7143 sda9 0 0 W  
7143 sda9 0 0 W  
pwrite: 7143 1399583816 10 2148622336 4096 -717350109  
7143 sda9 31082672 4096 W -717350109  
7143 sda 469405872 4096 W -717350109  
7143 sda9 0 0 W  
7143 sda9 0 0 W  
pwrite: 7143 1399583817 10 2148634624 4096 1350675037  
7143 sda9 31082696 4096 W 1350675037  
7143 sda 469405896 4096 W 1350675037  
7143 sda9 0 0 W  
7143 sda9 0 0 W  
pwrite: 7143 1399583817 10 2148761600 4096 146692050  
7143 sda9 31082944 4096 W 146692050  
7143 sda 469406144 4096 W 146692050  
7143 sda9 0 0 W  
7143 sda9 0 0 W  
7143 sda9 31107456 8192 W 31252718 -760951569  
7143 sda 469430656 8192 W 31252718 -760951569  
7143 sda9 0 0 W  
7143 sda9 0 0 W  
pwrite: 7143 1399583817 10 2161324032 4096 156814759  
7143 sda9 31107480 4096 W 156814759  
7143 sda 469430680 4096 W 156814759  
7143 sda9 0 0 W  
7143 sda9 0 0 W  
pwrite: 7143 1399583817 10 2161352704 4096 -1426529626  
7143 sda9 31107536 4096 W -1426529626  
7143 sda 469430736 4096 W -1426529626  
7143 sda9 0 0 W  
7143 sda9 0 0 W  
7143 sda9 31109592 8192 W 1547736688 -523494607  
7143 sda 469432792 8192 W 1547736688 -523494607  
7143 sda9 0 0 W  
7143 sda9 0 0 W  
pwrite: 7143 1399583817 10 2162421760 4096 886158674  
7143 sda9 31109624 4096 W 886158674  
7143 sda 469432824 4096 W 886158674  
7143 sda9 0 0 W  
7143 sda9 0 0 W  
308 sda9 40 4096 W -1448008489  
308 sda 438323240 4096 W -1448008489  
308 sda9 146800680 4096 W 435387457  
308 sda 585123880 4096 W 435387457  
282 sda9 148199408 4096 W -561122712  
282 sda 586522608 4096 W -561122712  
282 sda9 222643496 4096 W -711077063  
282 sda 660966696 4096 W -711077063  
282 sda9 222643504 4096 W 379485310  
282 sda 660966704 4096 W 379485310  
282 sda9 222643512 4096 W 462798129  
282 sda 660966712 4096 W 462798129  
282 sda9 222643520 4096 W 652750427  
282 sda 660966720 4096 W 652750427  
282 sda9 222643528 4096 W 1473266196  
282 sda 660966728 4096 W 1473266196  
282 sda9 222643536 4096 W 1829418537  
282 sda 660966736 4096 W 1829418537  
282 sda9 222643544 4096 W 1657264457  
282 sda 660966744 4096 W 1657264457  
282 sda9 222643552 4096 W -417246581  
282 sda 660966752 4096 W -417246581  
282 sda9 222643560 4096 W 1422030818  
282 sda 660966760 4096 W 1422030818  
282 sda9 222643568 4096 W -42206801  
282 sda 660966768 4096 W -42206801  
pwrite: 7143 1399583821 10 2912305152 4096 2104282261  
7143 sda9 32574240 4096 W 2104282261  
7143 sda 470897440 4096 W 2104282261  
7143 sda9 0 0 W  
7143 sda9 0 0 W  
