bcache: 3548 1400118190 -94393874  4096 
3548 sda9 34827584 4096 W 1400118190 -94393874  
3548 sda 473150784 4096 W 1400118190 -94393874  
3548 sda9 0 0 W 1400118190  
3548 sda9 0 0 W 1400118190  
bcache: 3548 1400118190 -94393874  4096 
3548 sda9 34827592 4096 W 1400118190 -94393874  
3548 sda 473150792 4096 W 1400118190 -94393874  
3548 sda9 0 0 W 1400118190  
3548 sda9 0 0 W 1400118190  
bcache: 3548 1400118190 -94393874  4096 
3548 sda9 34827600 4096 W 1400118190 -94393874  
3548 sda 473150800 4096 W 1400118190 -94393874  
3548 sda9 0 0 W 1400118190  
3548 sda9 0 0 W 1400118190  
bcache: 3548 1400118190 -94393874  4096 
3548 sda9 34827608 4096 W 1400118190 -94393874  
3548 sda 473150808 4096 W 1400118190 -94393874  
3548 sda9 0 0 W 1400118190  
3548 sda9 0 0 W 1400118190  
bcache: 3548 1400118190 -94393874  4096 
3548 sda9 34827616 4096 W 1400118190 -94393874  
3548 sda 473150816 4096 W 1400118190 -94393874  
3548 sda9 0 0 W 1400118190  
3548 sda9 0 0 W 1400118190  
bcache: 3548 1400118190 -94393874  4096 
3548 sda9 34827624 4096 W 1400118190 -94393874  
3548 sda 473150824 4096 W 1400118190 -94393874  
3548 sda9 0 0 W 1400118190  
3548 sda9 0 0 W 1400118190  
bcache: 3548 1400118190 -94393874  4096 
3548 sda9 34827632 4096 W 1400118190 -94393874  
3548 sda 473150832 4096 W 1400118190 -94393874  
3548 sda9 0 0 W 1400118190  
3548 sda9 0 0 W 1400118190  
bcache: 3548 1400118190 -94393874  4096 
3548 sda9 34827640 4096 W 1400118190 -94393874  
3548 sda 473150840 4096 W 1400118190 -94393874  
3548 sda9 0 0 W 1400118190  
3548 sda9 0 0 W 1400118190  
bcache: 3548 1400118190 -94393874  4096 
3548 sda9 34827648 4096 W 1400118190 -94393874  
3548 sda 473150848 4096 W 1400118190 -94393874  
3548 sda9 0 0 W 1400118190  
3548 sda9 0 0 W 1400118190  
bcache: 3548 1400118190 -94393874  4096 
3548 sda9 34827656 4096 W 1400118190 -94393874  
3548 sda 473150856 4096 W 1400118190 -94393874  
3548 sda9 0 0 W 1400118190  
3548 sda9 0 0 W 1400118190  
bcache: 3548 1400118190 -94393874  4096 
3548 sda9 34827664 4096 W 1400118190 -94393874  
3548 sda 473150864 4096 W 1400118190 -94393874  
3548 sda9 0 0 W 1400118190  
3548 sda9 0 0 W 1400118190  
bcache: 3548 1400118190 -94393874  4096 
3548 sda9 34827672 4096 W 1400118190 -94393874  
3548 sda 473150872 4096 W 1400118190 -94393874  
3548 sda9 0 0 W 1400118190  
3548 sda9 0 0 W 1400118190  
bcache: 3548 1400118190 -94393874  4096 
3548 sda9 34827680 4096 W 1400118190 -94393874  
3548 sda 473150880 4096 W 1400118190 -94393874  
3548 sda9 0 0 W 1400118190  
3548 sda9 0 0 W 1400118190  
bcache: 3548 1400118190 -94393874  4096 
3548 sda9 34827688 4096 W 1400118190 -94393874  
3548 sda 473150888 4096 W 1400118190 -94393874  
3548 sda9 0 0 W 1400118190  
3548 sda9 0 0 W 1400118190  
bcache: 3548 1400118190 -94393874  4096 
3548 sda9 34827696 4096 W 1400118190 -94393874  
3548 sda 473150896 4096 W 1400118190 -94393874  
3548 sda9 0 0 W 1400118190  
3548 sda9 0 0 W 1400118190  
bcache: 3548 1400118190 -94393874  4096 
3548 sda9 34827704 4096 W 1400118190 -94393874  
3548 sda 473150904 4096 W 1400118190 -94393874  
3548 sda9 0 0 W 1400118190  
3548 sda9 0 0 W 1400118190  
bcache: 3548 1400118190 -94393874  4096 
3548 sda9 34827712 4096 W 1400118190 -94393874  
3548 sda 473150912 4096 W 1400118190 -94393874  
3548 sda9 0 0 W 1400118190  
3548 sda9 0 0 W 1400118190  
bcache: 3548 1400118190 588106852  4096 
bcache: 3548 1400118190 -800760842  4096 
bcache: 3548 1400118190 -1559407635  4096 
bcache: 3548 1400118190 365790036  4096 
bcache: 3548 1400118190 82159777  4096 
3548 sda9 34827720 20480 W 1400118190 588106852 -800760842 -1559407635 365790036 82159777  
3548 sda 473150920 20480 W 1400118190 588106852 -800760842 -1559407635 365790036 82159777  
3548 sda9 0 0 W 1400118190  
3548 sda9 0 0 W 1400118190  
278 sda9 61354336 4096 W 1400118193 1169486019  
278 sda 499677536 4096 W 1400118193 1169486019  
278 sda9 147992280 4096 W 1400118193 1063909097  
278 sda 586315480 4096 W 1400118193 1063909097  
278 sda9 148018320 4096 W 1400118193 526554709  
278 sda 586341520 4096 W 1400118193 526554709  
278 sda9 147969232 4096 W 1400118193 -143526901  
278 sda 586292432 4096 W 1400118193 -143526901  
278 sda9 222607488 4096 W 1400118193 620902304  
278 sda 660930688 4096 W 1400118193 620902304  
278 sda9 222607496 4096 W 1400118193 -1667847511  
278 sda 660930696 4096 W 1400118193 -1667847511  
278 sda9 222607504 4096 W 1400118193 -4028802  
278 sda 660930704 4096 W 1400118193 -4028802  
278 sda9 222607512 4096 W 1400118193 -30894609  
278 sda 660930712 4096 W 1400118193 -30894609  
278 sda9 222607520 4096 W 1400118193 -531991918  
278 sda 660930720 4096 W 1400118193 -531991918  
278 sda9 222607528 4096 W 1400118193 -274213842  
278 sda 660930728 4096 W 1400118193 -274213842  
278 sda9 222607536 4096 W 1400118193 -672684298  
278 sda 660930736 4096 W 1400118193 -672684298  
278 sda9 222607544 4096 W 1400118193 -1964274560  
278 sda 660930744 4096 W 1400118193 -1964274560  
278 sda9 222607552 4096 W 1400118193 820287242  
278 sda 660930752 4096 W 1400118193 820287242  
278 sda9 222607560 4096 W 1400118193 972409958  
278 sda 660930760 4096 W 1400118193 972409958  
278 sda9 222607568 4096 W 1400118193 -1395454930  
278 sda 660930768 4096 W 1400118193 -1395454930  
278 sda9 222607576 4096 W 1400118193 23575105  
278 sda 660930776 4096 W 1400118193 23575105  
278 sda9 222607584 4096 W 1400118193 844346805  
278 sda 660930784 4096 W 1400118193 844346805  
278 sda9 222607592 4096 W 1400118193 -1094151087  
278 sda 660930792 4096 W 1400118193 -1094151087  
278 sda9 222607600 4096 W 1400118193 544212737  
278 sda 660930800 4096 W 1400118193 544212737  
278 sda9 222607608 4096 W 1400118193 705391341  
278 sda 660930808 4096 W 1400118193 705391341  
278 sda9 222607616 4096 W 1400118193 1582475605  
278 sda 660930816 4096 W 1400118193 1582475605  
278 sda9 222607624 4096 W 1400118193 -1761956806  
278 sda 660930824 4096 W 1400118193 -1761956806  
278 sda9 222607632 4096 W 1400118193 -1963864678  
278 sda 660930832 4096 W 1400118193 -1963864678  
278 sda9 222607640 4096 W 1400118193 -824634566  
278 sda 660930840 4096 W 1400118193 -824634566  
278 sda9 222607648 4096 W 1400118193 -1179257685  
278 sda 660930848 4096 W 1400118193 -1179257685  
278 sda9 222607656 4096 W 1400118193 1977960062  
278 sda 660930856 4096 W 1400118193 1977960062  
278 sda9 222607664 4096 W 1400118193 942826671  
278 sda 660930864 4096 W 1400118193 942826671  
278 sda9 222607672 4096 W 1400118193 -416287245  
278 sda 660930872 4096 W 1400118193 -416287245  
278 sda9 222607680 4096 W 1400118193 -622615000  
278 sda 660930880 4096 W 1400118193 -622615000  
278 sda9 222607688 4096 W 1400118193 -486625976  
278 sda 660930888 4096 W 1400118193 -486625976  
bcache: 3548 1400118194 1507789779  4096 
3548 sdb2 243222560 4096 W 1400118194 1507789779  
3548 sdb 243632200 4096 W 1400118194 1507789779  
3548 sdb2 0 0 W 1400118194  
bcache: 3548 1400118194 -964542516  4096 
3548 sdb2 243222568 4096 W 1400118194 -964542516  
3548 sdb 243632208 4096 W 1400118194 -964542516  
3548 sdb2 0 0 W 1400118194  
bcache: 3548 1400118194 749345934  4096 
bcache: 3548 1400118194 367705599  4096 
bcache: 3548 1400118194 1599093660  4096 
bcache: 3548 1400118194 2080513687  4096 
bcache: 3548 1400118194 -1666094125  4096 
bcache: 3548 1400118194 1360436264  4096 
bcache: 3548 1400118194 410577555  4096 
bcache: 3548 1400118194 1413080435  4096 
bcache: 3548 1400118194 120070945  4096 
bcache: 3548 1400118194 -1681212582  4096 
bcache: 3548 1400118194 -1129998297  4096 
bcache: 3548 1400118194 377349067  4096 
bcache: 3548 1400118194 1729830317  4096 
bcache: 3548 1400118194 -1656084400  4096 
bcache: 3548 1400118194 -1286857532  4096 
bcache: 3548 1400118194 869537587  4096 
bcache: 3548 1400118194 1612215568  4096 
bcache: 3548 1400118194 1841198545  4096 
bcache: 3548 1400118194 -1438973339  4096 
bcache: 3548 1400118194 -1296620337  4096 
bcache: 3548 1400118194 -1610095306  4096 
bcache: 3548 1400118194 -1360317138  4096 
bcache: 3548 1400118194 -68134414  4096 
bcache: 3548 1400118194 482716565  4096 
bcache: 3548 1400118194 -276832364  4096 
bcache: 3548 1400118194 1366945741  4096 
bcache: 3548 1400118194 1422936497  4096 
bcache: 3548 1400118194 -1861235735  4096 
bcache: 3548 1400118194 835335062  4096 
bcache: 3548 1400118194 1064820663  4096 
bcache: 3548 1400118194 -1814522070  4096 
bcache: 3548 1400118194 -544052509  4096 
bcache: 3548 1400118194 682723879  4096 
bcache: 3548 1400118194 -160474045  4096 
bcache: 3548 1400118194 -413237011  4096 
bcache: 3548 1400118194 -2090455260  4096 
bcache: 3548 1400118194 -346893615  4096 
bcache: 3548 1400118194 -1266107393  4096 
bcache: 3548 1400118194 744757161  4096 
bcache: 3548 1400118194 889630242  4096 
bcache: 3548 1400118194 1271819333  4096 
bcache: 3548 1400118194 443311138  4096 
bcache: 3548 1400118194 2092513638  4096 
bcache: 3548 1400118194 1340290486  4096 
bcache: 3548 1400118194 -19280769  4096 
bcache: 3548 1400118194 -1330221070  4096 
bcache: 3548 1400118194 1990270720  4096 
bcache: 3548 1400118194 -721362789  4096 
3548 sdb2 243222576 4096 W 1400118194 749345934  
3548 sdb 243632216 4096 W 1400118194 749345934  
3548 sdb2 243222584 4096 W 1400118194 367705599  
3548 sdb 243632224 4096 W 1400118194 367705599  
3548 sdb2 243222592 4096 W 1400118194 1599093660  
3548 sdb 243632232 4096 W 1400118194 1599093660  
3548 sdb2 243222600 4096 W 1400118194 2080513687  
3548 sdb 243632240 4096 W 1400118194 2080513687  
3548 sdb2 243222608 4096 W 1400118194 -1666094125  
3548 sdb 243632248 4096 W 1400118194 -1666094125  
3548 sdb2 243222616 4096 W 1400118194 1360436264  
3548 sdb 243632256 4096 W 1400118194 1360436264  
3548 sdb2 243222624 4096 W 1400118194 410577555  
3548 sdb 243632264 4096 W 1400118194 410577555  
3548 sdb2 243222632 4096 W 1400118194 1413080435  
3548 sdb 243632272 4096 W 1400118194 1413080435  
3548 sdb2 243222640 4096 W 1400118194 120070945  
3548 sdb 243632280 4096 W 1400118194 120070945  
3548 sdb2 243222648 4096 W 1400118194 -1681212582  
3548 sdb 243632288 4096 W 1400118194 -1681212582  
3548 sdb2 243222656 4096 W 1400118194 -1129998297  
3548 sdb 243632296 4096 W 1400118194 -1129998297  
3548 sdb2 243222664 4096 W 1400118194 377349067  
3548 sdb 243632304 4096 W 1400118194 377349067  
3548 sdb2 243222672 4096 W 1400118194 1729830317  
3548 sdb 243632312 4096 W 1400118194 1729830317  
3548 sdb2 243222680 4096 W 1400118194 -1656084400  
3548 sdb 243632320 4096 W 1400118194 -1656084400  
3548 sdb2 243222688 4096 W 1400118194 -1286857532  
3548 sdb 243632328 4096 W 1400118194 -1286857532  
3548 sdb2 243222696 4096 W 1400118194 869537587  
3548 sdb 243632336 4096 W 1400118194 869537587  
3548 sdb2 243222704 4096 W 1400118194 1612215568  
3548 sdb 243632344 4096 W 1400118194 1612215568  
3548 sdb2 243222712 4096 W 1400118194 1841198545  
3548 sdb 243632352 4096 W 1400118194 1841198545  
3548 sdb2 243222720 4096 W 1400118194 -1438973339  
3548 sdb 243632360 4096 W 1400118194 -1438973339  
3548 sdb2 243222728 4096 W 1400118194 -1296620337  
3548 sdb 243632368 4096 W 1400118194 -1296620337  
3548 sdb2 243222736 4096 W 1400118194 -1610095306  
3548 sdb 243632376 4096 W 1400118194 -1610095306  
3548 sdb2 243222744 4096 W 1400118194 -1360317138  
3548 sdb 243632384 4096 W 1400118194 -1360317138  
3548 sdb2 243222752 4096 W 1400118194 -68134414  
3548 sdb 243632392 4096 W 1400118194 -68134414  
3548 sdb2 243222760 4096 W 1400118194 482716565  
3548 sdb 243632400 4096 W 1400118194 482716565  
3548 sdb2 243222768 4096 W 1400118194 -276832364  
3548 sdb 243632408 4096 W 1400118194 -276832364  
3548 sdb2 243222776 4096 W 1400118194 1366945741  
3548 sdb 243632416 4096 W 1400118194 1366945741  
3548 sdb2 243222784 4096 W 1400118194 1422936497  
3548 sdb 243632424 4096 W 1400118194 1422936497  
3548 sdb2 243222792 4096 W 1400118194 -1861235735  
3548 sdb 243632432 4096 W 1400118194 -1861235735  
3548 sdb2 243222800 4096 W 1400118194 835335062  
3548 sdb 243632440 4096 W 1400118194 835335062  
3548 sdb2 243222808 4096 W 1400118194 1064820663  
3548 sdb 243632448 4096 W 1400118194 1064820663  
3548 sdb2 243222816 4096 W 1400118194 -1814522070  
3548 sdb 243632456 4096 W 1400118194 -1814522070  
3548 sdb2 243222824 4096 W 1400118194 -544052509  
3548 sdb 243632464 4096 W 1400118194 -544052509  
3548 sdb2 243222832 4096 W 1400118194 682723879  
3548 sdb 243632472 4096 W 1400118194 682723879  
3548 sdb2 243222840 4096 W 1400118194 -160474045  
3548 sdb 243632480 4096 W 1400118194 -160474045  
3548 sdb2 243222848 4096 W 1400118194 -413237011  
3548 sdb 243632488 4096 W 1400118194 -413237011  
3548 sdb2 243222856 4096 W 1400118194 -2090455260  
3548 sdb 243632496 4096 W 1400118194 -2090455260  
3548 sdb2 243222864 4096 W 1400118194 -346893615  
3548 sdb 243632504 4096 W 1400118194 -346893615  
3548 sdb2 243222872 4096 W 1400118194 -1266107393  
3548 sdb 243632512 4096 W 1400118194 -1266107393  
3548 sdb2 243222880 4096 W 1400118194 744757161  
3548 sdb 243632520 4096 W 1400118194 744757161  
3548 sdb2 243222888 4096 W 1400118194 889630242  
3548 sdb 243632528 4096 W 1400118194 889630242  
3548 sdb2 243222896 4096 W 1400118194 1271819333  
3548 sdb 243632536 4096 W 1400118194 1271819333  
3548 sdb2 243222904 4096 W 1400118194 443311138  
3548 sdb 243632544 4096 W 1400118194 443311138  
3548 sdb2 243222912 4096 W 1400118194 2092513638  
3548 sdb 243632552 4096 W 1400118194 2092513638  
3548 sdb2 243222920 4096 W 1400118194 1340290486  
3548 sdb 243632560 4096 W 1400118194 1340290486  
3548 sdb2 243222928 4096 W 1400118194 -19280769  
3548 sdb 243632568 4096 W 1400118194 -19280769  
3548 sdb2 243222936 4096 W 1400118194 -1330221070  
3548 sdb 243632576 4096 W 1400118194 -1330221070  
3548 sdb2 243222944 4096 W 1400118194 1990270720  
3548 sdb 243632584 4096 W 1400118194 1990270720  
3548 sdb2 243222952 4096 W 1400118194 -721362789  
3548 sdb 243632592 4096 W 1400118194 -721362789  
3548 sdb2 0 0 W 1400118194  
bcache: 3548 1400118194 -1953869971  4096 
3548 sdb2 16776 4096 W 1400118194 -1953869971  
3548 sdb 426416 4096 W 1400118194 -1953869971  
3548 sdb2 0 0 W 1400118194  
bcache: 3548 1400118194 1174178907  4096 
3548 sdb2 16784 4096 W 1400118194 1174178907  
3548 sdb 426424 4096 W 1400118194 1174178907  
3548 sdb2 0 0 W 1400118194  
bcache: 3548 1400118194 491796503  4096 
bcache: 3548 1400118194 -412330555  4096 
3548 sdb2 16792 4096 W 1400118194 491796503  
3548 sdb 426432 4096 W 1400118194 491796503  
3548 sdb2 16800 4096 W 1400118194 -412330555  
3548 sdb 426440 4096 W 1400118194 -412330555  
3548 sdb2 0 0 W 1400118194  
bcache: 3548 1400118194 -838041742  4096 
3548 sdb2 16808 4096 W 1400118194 -838041742  
3548 sdb 426448 4096 W 1400118194 -838041742  
3548 sdb2 0 0 W 1400118194  
bcache: 3548 1400118195 1534673903  4096 
3548 sda9 27511520 4096 W 1400118195 1534673903  
3548 sda 465834720 4096 W 1400118195 1534673903  
3548 sda9 0 0 W 1400118195  
3548 sda9 0 0 W 1400118195  
bcache: 3548 1400118195 -295341475  4096 
3548 sda9 27525152 4096 W 1400118195 -295341475  
3548 sda 465848352 4096 W 1400118195 -295341475  
3548 sda9 0 0 W 1400118195  
3548 sda9 0 0 W 1400118195  
bcache: 3548 1400118195 1543242083  4096 
bcache: 3548 1400118195 -584874283  4096 
3548 sda9 36871760 8192 W 1400118195 1543242083 -584874283  
3548 sda 475194960 8192 W 1400118195 1543242083 -584874283  
3548 sda9 0 0 W 1400118195  
3548 sda9 0 0 W 1400118195  
bcache: 3548 1400118195 1076507562  4096 
bcache: 3548 1400118195 -1411232993  4096 
bcache: 3548 1400118195 1662895398  4096 
bcache: 3548 1400118195 1578156999  4096 
bcache: 3548 1400118195 1443550544  4096 
bcache: 3548 1400118195 -1882935424  4096 
bcache: 3548 1400118195 1772165208  4096 
bcache: 3548 1400118195 -1517829798  4096 
bcache: 3548 1400118195 -1304664286  4096 
bcache: 3548 1400118195 309220795  4096 
bcache: 3548 1400118195 -1733263222  4096 
bcache: 3548 1400118195 -1717232738  4096 
bcache: 3548 1400118195 1786156024  4096 
bcache: 3548 1400118195 1234270565  4096 
bcache: 3548 1400118195 998737511  4096 
bcache: 3548 1400118195 968051543  4096 
bcache: 3548 1400118195 -2017442155  4096 
bcache: 3548 1400118195 514127670  4096 
3548 sda9 31366048 73728 W 1400118195 1076507562 -1411232993 1662895398 1578156999 1443550544 -1882935424 1772165208 -1517829798 -1304664286 309220795 -1733263222 -1717232738 1786156024 1234270565 998737511 968051543 -2017442155 514127670  
3548 sda 469689248 73728 W 1400118195 1076507562 -1411232993 1662895398 1578156999 1443550544 -1882935424 1772165208 -1517829798 -1304664286 309220795 -1733263222 -1717232738 1786156024 1234270565 998737511 968051543 -2017442155 514127670  
3548 sda9 0 0 W 1400118195  
3548 sda9 0 0 W 1400118195  
bcache: 3548 1400118195 1761524788  4096 
3548 sda9 31366192 4096 W 1400118195 1761524788  
3548 sda 469689392 4096 W 1400118195 1761524788  
3548 sda9 0 0 W 1400118195  
3548 sda9 0 0 W 1400118195  
278 sda9 222607696 4096 W 1400118199 -666417244  
278 sda 660930896 4096 W 1400118199 -666417244  
278 sda9 222607704 4096 W 1400118199 -1459204967  
278 sda 660930904 4096 W 1400118199 -1459204967  
278 sda9 222607712 4096 W 1400118199 1172488066  
278 sda 660930912 4096 W 1400118199 1172488066  
278 sda9 222607720 4096 W 1400118199 115369845  
278 sda 660930920 4096 W 1400118199 115369845  
2162 sdb2 487068536 4096 W 1400118199 -1781096265  
2162 sdb 487478176 4096 W 1400118199 -1781096265  
2162 sdb2 487068544 4096 W 1400118199 -1818951099  
2162 sdb 487478184 4096 W 1400118199 -1818951099  
2162 sdb2 487068552 4096 W 1400118199 283994485  
2162 sdb 487478192 4096 W 1400118199 283994485  
bcache: 3548 1400118201 841345975  4096 
bcache: 3548 1400118201 504034219  4096 
3548 sda9 31366200 8192 W 1400118201 841345975 504034219  
3548 sda 469689400 8192 W 1400118201 841345975 504034219  
3548 sda9 0 0 W 1400118201  
3548 sda9 0 0 W 1400118201  
bcache: 3548 1400118201 136197566  4096 
3548 sda9 31366216 4096 W 1400118201 136197566  
3548 sda 469689416 4096 W 1400118201 136197566  
3548 sda9 0 0 W 1400118201  
3548 sda9 0 0 W 1400118201  
278 sda9 222607728 4096 W 1400118205 1838119374  
278 sda 660930928 4096 W 1400118205 1838119374  
278 sda9 222607736 4096 W 1400118205 -471965773  
278 sda 660930936 4096 W 1400118205 -471965773  
278 sda9 222607744 4096 W 1400118205 486139576  
278 sda 660930944 4096 W 1400118205 486139576  
278 sda9 222607752 4096 W 1400118205 -1045106568  
278 sda 660930952 4096 W 1400118205 -1045106568  
278 sda9 222607760 4096 W 1400118205 -970545041  
278 sda 660930960 4096 W 1400118205 -970545041  
278 sda9 222607768 4096 W 1400118205 -547058768  
278 sda 660930968 4096 W 1400118205 -547058768  
278 sda9 222607776 4096 W 1400118205 -2117843160  
278 sda 660930976 4096 W 1400118205 -2117843160  
278 sda9 222607784 4096 W 1400118205 -1634534396  
278 sda 660930984 4096 W 1400118205 -1634534396  
278 sda9 222607792 4096 W 1400118205 -1931456764  
278 sda 660930992 4096 W 1400118205 -1931456764  
2089 sda9 56791856 4096 W 1400118205 180473905  
2089 sda 495115056 4096 W 1400118205 180473905  
278 sda9 222607800 4096 W 1400118205 1269530409  
278 sda 660931000 4096 W 1400118205 1269530409  
278 sda9 222607808 4096 W 1400118205 71773117  
278 sda 660931008 4096 W 1400118205 71773117  
278 sda9 222607816 4096 W 1400118205 652190782  
278 sda 660931016 4096 W 1400118205 652190782  
278 sda9 222607824 4096 W 1400118205 1669055248  
278 sda 660931024 4096 W 1400118205 1669055248  
278 sda9 222607832 4096 W 1400118205 794181955  
278 sda 660931032 4096 W 1400118205 794181955  
278 sda9 222607840 4096 W 1400118205 2072748726  
278 sda 660931040 4096 W 1400118205 2072748726  
bcache: 3548 1400118207 -2015467248  4096 
bcache: 3548 1400118207 2095625980  4096 
3548 sda9 31366224 8192 W 1400118207 -2015467248 2095625980  
3548 sda 469689424 8192 W 1400118207 -2015467248 2095625980  
3548 sda9 0 0 W 1400118207  
3548 sda9 0 0 W 1400118207  
bcache: 3548 1400118207 1791262044  4096 
bcache: 3548 1400118207 282997126  4096 
3548 sda9 32632192 8192 W 1400118207 1791262044 282997126  
3548 sda 470955392 8192 W 1400118207 1791262044 282997126  
3548 sda9 0 0 W 1400118207  
3548 sda9 0 0 W 1400118207  
bcache: 3548 1400118207 1236834838  4096 
3548 sda9 31366240 4096 W 1400118207 1236834838  
3548 sda 469689440 4096 W 1400118207 1236834838  
3548 sda9 0 0 W 1400118207  
3548 sda9 0 0 W 1400118207  
304 sda9 56791864 4096 W 1400118209 1540053725  
304 sda 495115064 4096 W 1400118209 1540053725  
304 sda9 56791872 4096 W 1400118209 -2118389306  
304 sda 495115072 4096 W 1400118209 -2118389306  
278 sda9 222607848 4096 W 1400118210 1079353151  
278 sda 660931048 4096 W 1400118210 1079353151  
278 sda9 222607856 4096 W 1400118210 983837684  
278 sda 660931056 4096 W 1400118210 983837684  
278 sda9 222607864 4096 W 1400118210 324500248  
278 sda 660931064 4096 W 1400118210 324500248  
278 sda9 222607872 4096 W 1400118210 734708493  
278 sda 660931072 4096 W 1400118210 734708493  
278 sda9 222607880 4096 W 1400118210 -30894609  
278 sda 660931080 4096 W 1400118210 -30894609  
278 sda9 222607888 4096 W 1400118210 -1666007152  
278 sda 660931088 4096 W 1400118210 -1666007152  
278 sda9 222607896 4096 W 1400118210 -1380065834  
278 sda 660931096 4096 W 1400118210 -1380065834  
278 sda9 222607904 4096 W 1400118210 566387445  
278 sda 660931104 4096 W 1400118210 566387445  
278 sda9 222607912 4096 W 1400118210 414874690  
278 sda 660931112 4096 W 1400118210 414874690  
278 sda9 222607920 4096 W 1400118210 329693842  
278 sda 660931120 4096 W 1400118210 329693842  
278 sda9 222607928 4096 W 1400118210 182011646  
278 sda 660931128 4096 W 1400118210 182011646  
278 sda9 222607936 4096 W 1400118210 1472684605  
278 sda 660931136 4096 W 1400118210 1472684605  
278 sda9 222607944 4096 W 1400118210 -1107576338  
278 sda 660931144 4096 W 1400118210 -1107576338  
278 sda9 222607952 4096 W 1400118210 1846195155  
278 sda 660931152 4096 W 1400118210 1846195155  
278 sda9 222607960 4096 W 1400118210 1349776069  
278 sda 660931160 4096 W 1400118210 1349776069  
bcache: 3548 1400118212 514127670  4096 
3548 sda9 31106712 4096 W 1400118212 514127670  
3548 sda 469429912 4096 W 1400118212 514127670  
3548 sda9 0 0 W 1400118212  
3548 sda9 0 0 W 1400118212  
bcache: 3548 1400118212 968051543  4096 
3548 sda9 31109560 4096 W 1400118212 968051543  
3548 sda 469432760 4096 W 1400118212 968051543  
3548 sda9 0 0 W 1400118212  
3548 sda9 0 0 W 1400118212  
bcache: 3548 1400118212 -2017442155  4096 
3548 sda9 31114424 4096 W 1400118212 -2017442155  
3548 sda 469437624 4096 W 1400118212 -2017442155  
3548 sda9 0 0 W 1400118212  
3548 sda9 0 0 W 1400118212  
bcache: 3548 1400118212 -1882935424  4096 
3548 sda9 31114448 4096 W 1400118212 -1882935424  
3548 sda 469437648 4096 W 1400118212 -1882935424  
3548 sda9 0 0 W 1400118212  
3548 sda9 0 0 W 1400118212  
bcache: 3548 1400118212 1881161555  4096 
3548 sda9 31222560 4096 W 1400118212 1881161555  
3548 sda 469545760 4096 W 1400118212 1881161555  
3548 sda9 0 0 W 1400118212  
3548 sda9 0 0 W 1400118212  
bcache: 3548 1400118212 928969702  4096 
3548 sda9 31242792 4096 W 1400118212 928969702  
3548 sda 469565992 4096 W 1400118212 928969702  
3548 sda9 0 0 W 1400118212  
3548 sda9 0 0 W 1400118212  
bcache: 3548 1400118212 998737511  4096 
3548 sda9 35555368 4096 W 1400118212 998737511  
3548 sda 473878568 4096 W 1400118212 998737511  
3548 sda9 0 0 W 1400118212  
3548 sda9 0 0 W 1400118212  
bcache: 3548 1400118212 1443550544  4096 
3548 sda9 26118144 4096 W 1400118212 1443550544  
3548 sda 464441344 4096 W 1400118212 1443550544  
3548 sda9 0 0 W 1400118212  
3548 sda9 0 0 W 1400118212  
bcache: 3548 1400118212 -1733263222  4096 
3548 sda9 26121736 4096 W 1400118212 -1733263222  
3548 sda 464444936 4096 W 1400118212 -1733263222  
3548 sda9 0 0 W 1400118212  
3548 sda9 0 0 W 1400118212  
bcache: 3548 1400118212 -1304664286  4096 
3548 sda9 26121904 4096 W 1400118212 -1304664286  
3548 sda 464445104 4096 W 1400118212 -1304664286  
3548 sda9 0 0 W 1400118212  
3548 sda9 0 0 W 1400118212  
bcache: 3548 1400118212 1786156024  4096 
3548 sda9 26121992 4096 W 1400118212 1786156024  
3548 sda 464445192 4096 W 1400118212 1786156024  
3548 sda9 0 0 W 1400118212  
3548 sda9 0 0 W 1400118212  
bcache: 3548 1400118212 1662895398  4096 
3548 sda9 26122696 4096 W 1400118212 1662895398  
3548 sda 464445896 4096 W 1400118212 1662895398  
3548 sda9 0 0 W 1400118212  
3548 sda9 0 0 W 1400118212  
bcache: 3548 1400118212 309220795  4096 
bcache: 3548 1400118212 1578156999  4096 
3548 sda9 26143656 8192 W 1400118212 309220795 1578156999  
3548 sda 464466856 8192 W 1400118212 309220795 1578156999  
3548 sda9 0 0 W 1400118212  
3548 sda9 0 0 W 1400118212  
bcache: 3548 1400118212 1234270565  4096 
3548 sda9 26187608 4096 W 1400118212 1234270565  
3548 sda 464510808 4096 W 1400118212 1234270565  
3548 sda9 0 0 W 1400118212  
3548 sda9 0 0 W 1400118212  
bcache: 3548 1400118212 -1717232738  4096 
3548 sda9 26192392 4096 W 1400118212 -1717232738  
3548 sda 464515592 4096 W 1400118212 -1717232738  
3548 sda9 0 0 W 1400118212  
3548 sda9 0 0 W 1400118212  
bcache: 3548 1400118212 1772165208  4096 
3548 sda9 31082600 4096 W 1400118212 1772165208  
3548 sda 469405800 4096 W 1400118212 1772165208  
3548 sda9 0 0 W 1400118212  
3548 sda9 0 0 W 1400118212  
bcache: 3548 1400118212 1706944109  4096 
3548 sda9 31082680 4096 W 1400118212 1706944109  
3548 sda 469405880 4096 W 1400118212 1706944109  
3548 sda9 0 0 W 1400118212  
3548 sda9 0 0 W 1400118212  
bcache: 3548 1400118212 755306137  4096 
3548 sda9 31105728 4096 W 1400118212 755306137  
3548 sda 469428928 4096 W 1400118212 755306137  
3548 sda9 0 0 W 1400118212  
3548 sda9 0 0 W 1400118212  
bcache: 3548 1400118212 -572655969  4096 
bcache: 3548 1400118212 -1  4096 
bcache: 3548 1400118212 51455912  4096 
bcache: 3548 1400118212 824007048  4096 
bcache: 3548 1400118212 1341696440  4096 
3548 sda9 31366248 20480 W 1400118212 -572655969 -1 51455912 824007048 1341696440  
3548 sda 469689448 20480 W 1400118212 -572655969 -1 51455912 824007048 1341696440  
3548 sda9 0 0 W 1400118212  
3548 sda9 0 0 W 1400118212  
bcache: 3548 1400118212 -309016417  4096 
3548 sda9 31366288 4096 W 1400118212 -309016417  
3548 sda 469689488 4096 W 1400118212 -309016417  
3548 sda9 0 0 W 1400118212  
3548 sda9 0 0 W 1400118212  
304 sda9 40 4096 W 1400118214 -1380065834  
304 sda 438323240 4096 W 1400118214 -1380065834  
304 sda9 48 4096 W 1400118214 -1964274560  
304 sda 438323248 4096 W 1400118214 -1964274560  
304 sda9 54526016 4096 W 1400118214 1472684605  
304 sda 492849216 4096 W 1400118214 1472684605  
304 sda9 71303176 4096 W 1400118214 -531991918  
304 sda 509626376 4096 W 1400118214 -531991918  
304 sda9 71310624 4096 W 1400118214 -4028802  
304 sda 509633824 4096 W 1400118214 -4028802  
304 sda9 100663432 4096 W 1400118214 414874690  
304 sda 538986632 4096 W 1400118214 414874690  
304 sda9 100667296 4096 W 1400118214 324500248  
304 sda 538990496 4096 W 1400118214 324500248  
304 sda9 100667720 4096 W 1400118214 983837684  
304 sda 538990920 4096 W 1400118214 983837684  
304 sda9 100735240 4096 W 1400118214 734708493  
304 sda 539058440 4096 W 1400118214 734708493  
304 sda9 104858720 4096 W 1400118214 942826671  
304 sda 543181920 4096 W 1400118214 942826671  
304 sda9 104860592 4096 W 1400118214 -416287245  
304 sda 543183792 4096 W 1400118214 -416287245  
304 sda9 117440768 4096 W 1400118214 23575105  
304 sda 555763968 4096 W 1400118214 23575105  
304 sda9 117447984 4096 W 1400118214 1846195155  
304 sda 555771184 4096 W 1400118214 1846195155  
304 sda9 117506304 4096 W 1400118214 844346805  
304 sda 555829504 4096 W 1400118214 844346805  
304 sda9 146800672 4096 W 1400118214 -1666007152  
304 sda 585123872 4096 W 1400118214 -1666007152  
304 sda9 146800680 4096 W 1400118214 705391341  
304 sda 585123880 4096 W 1400118214 705391341  
304 sda9 155192480 4096 W 1400118214 544212737  
304 sda 593515680 4096 W 1400118214 544212737  
304 sda9 180355072 4096 W 1400118214 972409958  
304 sda 618678272 4096 W 1400118214 972409958  
304 sda9 180355208 4096 W 1400118214 -672684298  
304 sda 618678408 4096 W 1400118214 -672684298  
304 sda9 180360048 4096 W 1400118214 -1179257685  
304 sda 618683248 4096 W 1400118214 -1179257685  
304 sda9 180360152 4096 W 1400118214 820287242  
304 sda 618683352 4096 W 1400118214 820287242  
304 sda9 180360160 4096 W 1400118214 1977960062  
304 sda 618683360 4096 W 1400118214 1977960062  
304 sda9 180428840 4096 W 1400118214 -1395454930  
304 sda 618752040 4096 W 1400118214 -1395454930  
304 sda9 0 4096 W 1400118214 -30894609  
304 sda 438323200 4096 W 1400118214 -30894609  
304 sda9 16 4096 W 1400118214 -1107576338  
304 sda 438323216 4096 W 1400118214 -1107576338  
304 sda9 24 4096 W 1400118214 -274213842  
304 sda 438323224 4096 W 1400118214 -274213842  
304 sda9 32 4096 W 1400118214 566387445  
304 sda 438323232 4096 W 1400118214 566387445  
278 sda9 222607968 4096 W 1400118216 892274166  
278 sda 660931168 4096 W 1400118216 892274166  
278 sda9 222607976 4096 W 1400118216 2110706792  
278 sda 660931176 4096 W 1400118216 2110706792  
278 sda9 222607984 4096 W 1400118216 1732810786  
278 sda 660931184 4096 W 1400118216 1732810786  
278 sda9 222607992 4096 W 1400118216 2039680222  
278 sda 660931192 4096 W 1400118216 2039680222  
bcache: 3548 1400118218 -1602853917  4096 
bcache: 3548 1400118218 -1543413880  4096 
3548 sda9 31366296 8192 W 1400118218 -1602853917 -1543413880  
3548 sda 469689496 8192 W 1400118218 -1602853917 -1543413880  
3548 sda9 0 0 W 1400118218  
3548 sda9 0 0 W 1400118218  
bcache: 3548 1400118218 -1007282999  4096 
3548 sda9 31366312 4096 W 1400118218 -1007282999  
3548 sda 469689512 4096 W 1400118218 -1007282999  
3548 sda9 0 0 W 1400118218  
3548 sda9 0 0 W 1400118218  
bcache: 3548 1400118222 68360884  4096 
3548 sda9 36871776 4096 W 1400118222 68360884  
278 sda9 222608000 4096 W 1400118222 -1386017175  
278 sda 660931200 4096 W 1400118222 -1386017175  
3548 sda 475194976 4096 W 1400118222 68360884  
278 sda9 222608008 4096 W 1400118222 573330471  
278 sda 660931208 4096 W 1400118222 573330471  
278 sda9 222608016 4096 W 1400118222 -752955947  
278 sda 660931216 4096 W 1400118222 -752955947  
3548 sda9 0 0 W 1400118222  
3548 sda9 0 0 W 1400118222  
278 sda9 222608024 4096 W 1400118222 -1164476085  
278 sda 660931224 4096 W 1400118222 -1164476085  
bcache: 3548 1400118222 1736876276  4096 
bcache: 3548 1400118222 415933401  4096 
bcache: 3548 1400118222 -1537603667  4096 
bcache: 3548 1400118222 -1239096702  4096 
bcache: 3548 1400118222 -1341715270  4096 
bcache: 3548 1400118222 1030318891  4096 
bcache: 3548 1400118222 -1458391952  4096 
bcache: 3548 1400118222 1870147959  4096 
bcache: 3548 1400118222 -1975765746  4096 
bcache: 3548 1400118222 315649902  4096 
bcache: 3548 1400118222 1685938438  4096 
bcache: 3548 1400118222 -196794567  4096 
bcache: 3548 1400118222 -486789020  4096 
bcache: 3548 1400118222 883484143  4096 
bcache: 3548 1400118222 1266800070  4096 
bcache: 3548 1400118222 259815692  4096 
bcache: 3548 1400118222 -1208976272  4096 
bcache: 3548 1400118222 -485264802  4096 
bcache: 3548 1400118222 -362411415  4096 
bcache: 3548 1400118222 -1362231500  4096 
bcache: 3548 1400118222 -659380451  4096 
bcache: 3548 1400118222 -1495753390  4096 
bcache: 3548 1400118222 -729979947  4096 
bcache: 3548 1400118222 1187205123  4096 
bcache: 3548 1400118222 1976908983  4096 
bcache: 3548 1400118222 -1408062251  4096 
3548 sda9 27464704 106496 W 1400118222 1736876276 415933401 -1537603667 -1239096702 -1341715270 1030318891 -1458391952 1870147959 -1975765746 315649902 1685938438 -196794567 -486789020 883484143 1266800070 259815692 -1208976272 -485264802 -362411415 -1362231500 -659380451 -1495753390 -729979947 1187205123 1976908983 -1408062251  
3548 sda 465787904 106496 W 1400118222 1736876276 415933401 -1537603667 -1239096702 -1341715270 1030318891 -1458391952 1870147959 -1975765746 315649902 1685938438 -196794567 -486789020 883484143 1266800070 259815692 -1208976272 -485264802 -362411415 -1362231500 -659380451 -1495753390 -729979947 1187205123 1976908983 -1408062251  
3548 sda9 0 0 W 1400118222  
3548 sda9 0 0 W 1400118222  
bcache: 3548 1400118222 -924568458  4096 
bcache: 3548 1400118222 1472733451  4096 
bcache: 3548 1400118222 713940784  4096 
bcache: 3548 1400118222 976909746  4096 
bcache: 3548 1400118222 -1172248752  4096 
bcache: 3548 1400118222 -88513670  4096 
bcache: 3548 1400118222 1601482048  4096 
bcache: 3548 1400118222 1215950833  4096 
bcache: 3548 1400118222 1252223595  4096 
bcache: 3548 1400118222 274849555  4096 
bcache: 3548 1400118222 -695031948  4096 
bcache: 3548 1400118222 -1608340955  4096 
bcache: 3548 1400118222 893898588  4096 
bcache: 3548 1400118222 1817054653  4096 
bcache: 3548 1400118222 -1407707578  4096 
bcache: 3548 1400118222 -1425210743  4096 
bcache: 3548 1400118222 -427370884  4096 
bcache: 3548 1400118222 -596178691  4096 
bcache: 3548 1400118222 -1156563369  4096 
bcache: 3548 1400118222 1796539082  4096 
bcache: 3548 1400118222 -1571810266  4096 
bcache: 3548 1400118222 1879362119  4096 
bcache: 3548 1400118222 10478538  4096 
bcache: 3548 1400118222 666863205  4096 
bcache: 3548 1400118222 1658240736  4096 
bcache: 3548 1400118222 1429977437  4096 
bcache: 3548 1400118222 -571676105  4096 
bcache: 3548 1400118222 -610704549  4096 
bcache: 3548 1400118222 -1597849394  4096 
bcache: 3548 1400118222 153042780  4096 
bcache: 3548 1400118222 1137578094  4096 
bcache: 3548 1400118222 -1542434807  4096 
bcache: 3548 1400118222 1598669113  4096 
bcache: 3548 1400118222 -262938977  4096 
bcache: 3548 1400118222 -1017836121  4096 
bcache: 3548 1400118222 903539450  4096 
bcache: 3548 1400118222 -1680017339  4096 
bcache: 3548 1400118222 1086006527  4096 
bcache: 3548 1400118222 312052939  4096 
bcache: 3548 1400118222 -785161887  4096 
bcache: 3548 1400118222 -1879004794  4096 
bcache: 3548 1400118222 2030688750  4096 
bcache: 3548 1400118222 -947993219  4096 
bcache: 3548 1400118222 -637984711  4096 
bcache: 3548 1400118222 1766846880  4096 
bcache: 3548 1400118222 -770718780  4096 
bcache: 3548 1400118222 1763122930  4096 
bcache: 3548 1400118222 785791693  4096 
bcache: 3548 1400118222 -16017526  4096 
bcache: 3548 1400118222 1687280245  4096 
bcache: 3548 1400118222 -109077691  4096 
bcache: 3548 1400118222 1996226043  4096 
bcache: 3548 1400118222 -1140595425  4096 
bcache: 3548 1400118222 -583439650  4096 
bcache: 3548 1400118222 -517027344  4096 
bcache: 3548 1400118222 933296134  4096 
bcache: 3548 1400118222 679955155  4096 
bcache: 3548 1400118222 -1824594034  4096 
bcache: 3548 1400118222 991336733  4096 
bcache: 3548 1400118222 -655239472  4096 
bcache: 3548 1400118222 -1153913408  4096 
bcache: 3548 1400118222 1809826471  4096 
bcache: 3548 1400118222 1010874005  4096 
bcache: 3548 1400118222 1010874005  4096 
bcache: 3548 1400118222 1010874005  4096 
bcache: 3548 1400118222 -2021018967  4096 
bcache: 3548 1400118222 1986300337  4096 
bcache: 3548 1400118222 1315810114  4096 
bcache: 3548 1400118222 -2038601120  4096 
bcache: 3548 1400118222 906150054  4096 
bcache: 3548 1400118222 -1992102982  4096 
bcache: 3548 1400118222 -1541706867  4096 
bcache: 3548 1400118222 571121202  4096 
bcache: 3548 1400118222 1776745306  4096 
bcache: 3548 1400118222 1182618565  4096 
bcache: 3548 1400118222 -1074421931  4096 
bcache: 3548 1400118222 -1164945244  4096 
bcache: 3548 1400118222 24155912  4096 
bcache: 3548 1400118222 438940289  4096 
bcache: 3548 1400118222 -1666673955  4096 
bcache: 3548 1400118222 1700295808  4096 
bcache: 3548 1400118222 -816535630  4096 
bcache: 3548 1400118222 -1460772871  4096 
bcache: 3548 1400118222 -1927026181  4096 
bcache: 3548 1400118222 1549492396  4096 
bcache: 3548 1400118222 1302196426  4096 
bcache: 3548 1400118222 -1291481478  4096 
bcache: 3548 1400118222 1666122705  4096 
bcache: 3548 1400118222 734145244  4096 
bcache: 3548 1400118222 -930197571  4096 
bcache: 3548 1400118222 -443199391  4096 
bcache: 3548 1400118222 -174492306  4096 
bcache: 3548 1400118222 -1079403752  4096 
bcache: 3548 1400118222 1944728287  4096 
bcache: 3548 1400118222 1962756310  4096 
bcache: 3548 1400118222 895068288  4096 
bcache: 3548 1400118222 -1909856280  4096 
bcache: 3548 1400118222 243532995  4096 
bcache: 3548 1400118222 -760272177  4096 
bcache: 3548 1400118222 -31415323  4096 
bcache: 3548 1400118222 -487077876  4096 
bcache: 3548 1400118222 646134352  4096 
bcache: 3548 1400118222 -835793186  4096 
bcache: 3548 1400118222 -2115137708  4096 
bcache: 3548 1400118222 -1934104827  4096 
bcache: 3548 1400118222 -2091318093  4096 
bcache: 3548 1400118222 -97544710  4096 
bcache: 3548 1400118222 -696768956  4096 
bcache: 3548 1400118222 -2101661959  4096 
bcache: 3548 1400118222 1484976297  4096 
bcache: 3548 1400118222 1801202073  4096 
bcache: 3548 1400118222 1407481062  4096 
bcache: 3548 1400118222 -2072301715  4096 
bcache: 3548 1400118222 -1430132884  4096 
bcache: 3548 1400118222 -213390828  4096 
bcache: 3548 1400118222 2121840238  4096 
bcache: 3548 1400118222 1463282487  4096 
bcache: 3548 1400118222 -898462038  4096 
bcache: 3548 1400118222 -528348247  4096 
bcache: 3548 1400118222 1386616432  4096 
bcache: 3548 1400118222 -1151990438  4096 
bcache: 3548 1400118222 1321075088  4096 
bcache: 3548 1400118222 -2051624680  4096 
bcache: 3548 1400118222 987858918  4096 
bcache: 3548 1400118222 -136817948  4096 
bcache: 3548 1400118222 -173523596  4096 
bcache: 3548 1400118222 -1767569653  4096 
bcache: 3548 1400118222 -1384015939  4096 
3548 sda9 28477440 524288 W 1400118222 -924568458 1472733451 713940784 976909746 -1172248752 -88513670 1601482048 1215950833 1252223595 274849555 -695031948 -1608340955 893898588 1817054653 -1407707578 -1425210743 -427370884 -596178691 -1156563369 1796539082 -1571810266 1879362119 10478538 666863205 1658240736 1429977437 -571676105 -610704549 -1597849394 153042780 1137578094 -1542434807 1598669113 -262938977 -1017836121 903539450 -1680017339 1086006527 312052939 -785161887 -1879004794 2030688750 -947993219 -637984711 1766846880 -770718780 17631 
3548 sda 466800640 524288 W 1400118222 -924568458 1472733451 713940784 976909746 -1172248752 -88513670 1601482048 1215950833 1252223595 274849555 -695031948 -1608340955 893898588 1817054653 -1407707578 -1425210743 -427370884 -596178691 -1156563369 1796539082 -1571810266 1879362119 10478538 666863205 1658240736 1429977437 -571676105 -610704549 -1597849394 153042780 1137578094 -1542434807 1598669113 -262938977 -1017836121 903539450 -1680017339 1086006527 312052939 -785161887 -1879004794 2030688750 -947993219 -637984711 1766846880 -770718780 17631 
3548 sda9 0 0 W 1400118222  
3548 sda9 0 0 W 1400118222  
bcache: 3548 1400118222 855227499  4096 
bcache: 3548 1400118222 -1128217993  4096 
bcache: 3548 1400118222 -1292655562  4096 
bcache: 3548 1400118222 766771920  4096 
bcache: 3548 1400118222 2140496137  4096 
bcache: 3548 1400118222 2055639175  4096 
bcache: 3548 1400118222 1821121389  4096 
bcache: 3548 1400118222 399110365  4096 
bcache: 3548 1400118222 -56268239  4096 
bcache: 3548 1400118222 2019400540  4096 
bcache: 3548 1400118222 696023817  4096 
bcache: 3548 1400118222 1979124524  4096 
bcache: 3548 1400118222 -1483639776  4096 
bcache: 3548 1400118222 -907465658  4096 
bcache: 3548 1400118222 -1719832412  4096 
bcache: 3548 1400118222 304215579  4096 
bcache: 3548 1400118222 -82954065  4096 
bcache: 3548 1400118222 1401880787  4096 
bcache: 3548 1400118222 738021310  4096 
bcache: 3548 1400118222 -479073577  4096 
bcache: 3548 1400118222 1532921182  4096 
bcache: 3548 1400118222 1643816674  4096 
bcache: 3548 1400118222 558509129  4096 
bcache: 3548 1400118222 1742611557  4096 
bcache: 3548 1400118222 214458256  4096 
bcache: 3548 1400118222 -2000282701  4096 
bcache: 3548 1400118222 -1197869282  4096 
bcache: 3548 1400118222 -1008483259  4096 
bcache: 3548 1400118222 1827561281  4096 
bcache: 3548 1400118222 194309337  4096 
bcache: 3548 1400118222 933743810  4096 
bcache: 3548 1400118222 1714759234  4096 
bcache: 3548 1400118222 -1071519447  4096 
bcache: 3548 1400118222 1030055016  4096 
bcache: 3548 1400118222 348512390  4096 
bcache: 3548 1400118222 1915571174  4096 
bcache: 3548 1400118222 944376167  4096 
bcache: 3548 1400118222 450361804  4096 
bcache: 3548 1400118222 -1178414418  4096 
bcache: 3548 1400118222 -418745417  4096 
bcache: 3548 1400118222 147964206  4096 
bcache: 3548 1400118222 179267490  4096 
bcache: 3548 1400118222 -1702431490  4096 
bcache: 3548 1400118222 538412938  4096 
bcache: 3548 1400118222 -1420701159  4096 
bcache: 3548 1400118222 1981718039  4096 
bcache: 3548 1400118222 -1072231327  4096 
bcache: 3548 1400118222 1848059150  4096 
bcache: 3548 1400118222 -1759052539  4096 
bcache: 3548 1400118222 1564513908  4096 
bcache: 3548 1400118222 6638648  4096 
bcache: 3548 1400118222 -1916303926  4096 
bcache: 3548 1400118222 1164525804  4096 
bcache: 3548 1400118222 -925478332  4096 
bcache: 3548 1400118222 2124531665  4096 
bcache: 3548 1400118222 40583931  4096 
bcache: 3548 1400118222 1053062858  4096 
3548 sda9 28478464 233472 W 1400118222 855227499 -1128217993 -1292655562 766771920 2140496137 2055639175 1821121389 399110365 -56268239 2019400540 696023817 1979124524 -1483639776 -907465658 -1719832412 304215579 -82954065 1401880787 738021310 -479073577 1532921182 1643816674 558509129 1742611557 214458256 -2000282701 -1197869282 -1008483259 1827561281 194309337 933743810 1714759234 -1071519447 1030055016 348512390 1915571174 944376167 450361804 -1178414418 -418745417 147964206 179267490 -1702431490 538412938 -1420701159 1981718039 -1072231327  
3548 sda 466801664 233472 W 1400118222 855227499 -1128217993 -1292655562 766771920 2140496137 2055639175 1821121389 399110365 -56268239 2019400540 696023817 1979124524 -1483639776 -907465658 -1719832412 304215579 -82954065 1401880787 738021310 -479073577 1532921182 1643816674 558509129 1742611557 214458256 -2000282701 -1197869282 -1008483259 1827561281 194309337 933743810 1714759234 -1071519447 1030055016 348512390 1915571174 944376167 450361804 -1178414418 -418745417 147964206 179267490 -1702431490 538412938 -1420701159 1981718039 -1072231327  
3548 sda9 0 0 W 1400118222  
3548 sda9 0 0 W 1400118222  
bcache: 3548 1400118222 1394868508  4096 
bcache: 3548 1400118222 -1326160214  4096 
bcache: 3548 1400118222 -619832850  4096 
bcache: 3548 1400118222 149165695  4096 
3548 sda9 36871784 16384 W 1400118222 1394868508 -1326160214 -619832850 149165695  
3548 sda 475194984 16384 W 1400118222 1394868508 -1326160214 -619832850 149165695  
3548 sda9 0 0 W 1400118222  
3548 sda9 0 0 W 1400118222  
304 sda9 180760320 106496 W 1400118224 1736876276 415933401 -1537603667 -1239096702 -1341715270 1379429415 -1447113228 954953645 -1025187523 744632866 501324384 -292343712 543868911 -1829966932 -229999897 38089661 1030212210 -69910173 -227409845 -984945869 -1760204733 185847981 926562088 1438185410 -710372518 -576361172  
304 sda 619083520 106496 W 1400118224 1736876276 415933401 -1537603667 -1239096702 -1341715270 1379429415 -1447113228 954953645 -1025187523 744632866 501324384 -292343712 543868911 -1829966932 -229999897 38089661 1030212210 -69910173 -227409845 -984945869 -1760204733 185847981 926562088 1438185410 -710372518 -576361172  
304 sda9 180766504 524288 W 1400118224 1499804524 -66094367 713940784 976909746 -1172248752 -88513670 1601482048 -1615350034 1289958014 -388985741 -1035597447 -1039908207 -843376542 -234200870 -1642962450 -204842847 -922613822 667350371 -363393887 -1711275591 2088142187 80730994 -1706011137 1965176481 800359158 951133333 -1446991497 -357677867 2127285890 1491251927 126079164 -75101341 569613888 -1326952616 -1014414726 1511833299 -1192179139 1720837113 1730100737 904930485 479825750 742642218 -1806727636 921806307 999913618 -1841998461 105257893 
304 sda 619089704 524288 W 1400118224 1499804524 -66094367 713940784 976909746 -1172248752 -88513670 1601482048 -1615350034 1289958014 -388985741 -1035597447 -1039908207 -843376542 -234200870 -1642962450 -204842847 -922613822 667350371 -363393887 -1711275591 2088142187 80730994 -1706011137 1965176481 800359158 951133333 -1446991497 -357677867 2127285890 1491251927 126079164 -75101341 569613888 -1326952616 -1014414726 1511833299 -1192179139 1720837113 1730100737 904930485 479825750 742642218 -1806727636 921806307 999913618 -1841998461 105257893 
304 sda9 180767528 233472 W 1400118224 1568229503 1606829404 1194394326 -573239929 295167891 -29352261 -1203938744 -605084393 -1519625602 1827263757 -2086343972 435233301 865354979 -1757539931 183237037 185242946 -1207314673 -734653801 -891831942 -1655140341 1064367670 1409070682 1356963666 -632193307 1750936812 1251640135 -1287001374 -1956571667 816628703 -1265177559 -1385582102 813003790 -161060302 -1833146261 592245091 1065377186 1878338651 -96607907 871652798 -1748936449 -225174056 -1638479560 1097412426 -1548437016 -1584147531 558088474 -9 
304 sda 619090728 233472 W 1400118224 1568229503 1606829404 1194394326 -573239929 295167891 -29352261 -1203938744 -605084393 -1519625602 1827263757 -2086343972 435233301 865354979 -1757539931 183237037 185242946 -1207314673 -734653801 -891831942 -1655140341 1064367670 1409070682 1356963666 -632193307 1750936812 1251640135 -1287001374 -1956571667 816628703 -1265177559 -1385582102 813003790 -161060302 -1833146261 592245091 1065377186 1878338651 -96607907 871652798 -1748936449 -225174056 -1638479560 1097412426 -1548437016 -1584147531 558088474 -9 
304 sda9 147969240 45056 W 1400118224 1093061217 -662654927 1700302210 973269180 1790119424 -1120177436 1736141902 805829917 -327850129 1061983876 -1674523195  
304 sda 586292440 45056 W 1400118224 1093061217 -662654927 1700302210 973269180 1790119424 -1120177436 1736141902 805829917 -327850129 1061983876 -1674523195  
bcache: 3548 1400118224 -846814225  4096 
3548 sda9 36871808 4096 W 1400118224 -846814225  
3548 sda 475195008 4096 W 1400118224 -846814225  
3548 sda9 0 0 W 1400118224  
3548 sda9 0 0 W 1400118224  
bcache: 3548 1400118224 759966157  4096 
bcache: 3548 1400118224 -333998606  4096 
bcache: 3548 1400118224 -51903199  4096 
bcache: 3548 1400118224 70361276  4096 
bcache: 3548 1400118224 -509168857  4096 
bcache: 3548 1400118224 1209279475  4096 
bcache: 3548 1400118224 69296359  4096 
bcache: 3548 1400118224 1119586577  4096 
3548 sda9 31366320 32768 W 1400118224 759966157 -333998606 -51903199 70361276 -509168857 1209279475 69296359 1119586577  
3548 sda 469689520 32768 W 1400118224 759966157 -333998606 -51903199 70361276 -509168857 1209279475 69296359 1119586577  
3548 sda9 0 0 W 1400118224  
3548 sda9 0 0 W 1400118224  
bcache: 3548 1400118224 -2004979919  4096 
3548 sda9 31366384 4096 W 1400118224 -2004979919  
3548 sda 469689584 4096 W 1400118224 -2004979919  
3548 sda9 0 0 W 1400118224  
3548 sda9 0 0 W 1400118224  
bcache: 3548 1400118225 1174178907  4096 
3548 sdb2 16520 4096 W 1400118225 1174178907  
3548 sdb 426160 4096 W 1400118225 1174178907  
3548 sdb2 0 0 W 1400118226  
bcache: 3548 1400118226 491796503  4096 
3548 sdb2 82152 4096 W 1400118226 491796503  
3548 sdb 491792 4096 W 1400118226 491796503  
3548 sdb2 0 0 W 1400118226  
bcache: 3548 1400118226 -412330555  4096 
3548 sdb2 243205352 4096 W 1400118226 -412330555  
3548 sdb 243614992 4096 W 1400118226 -412330555  
3548 sdb2 0 0 W 1400118226  
278 sda9 147969320 4096 W 1400118227 -381842058  
278 sda 586292520 4096 W 1400118227 -381842058  
278 sda9 222608032 4096 W 1400118227 -487909640  
278 sda 660931232 4096 W 1400118227 -487909640  
278 sda9 222608040 4096 W 1400118227 1700474097  
278 sda 660931240 4096 W 1400118227 1700474097  
278 sda9 222608048 4096 W 1400118227 345422940  
278 sda 660931248 4096 W 1400118227 345422940  
278 sda9 222608056 4096 W 1400118227 -1569748429  
278 sda 660931256 4096 W 1400118227 -1569748429  
278 sda9 222608064 4096 W 1400118227 1998519091  
278 sda 660931264 4096 W 1400118227 1998519091  
278 sda9 222608072 4096 W 1400118227 -635364128  
278 sda 660931272 4096 W 1400118227 -635364128  
278 sda9 222608080 4096 W 1400118227 1238464484  
278 sda 660931280 4096 W 1400118227 1238464484  
278 sda9 222608088 4096 W 1400118227 1005444581  
278 sda 660931288 4096 W 1400118227 1005444581  
278 sda9 222608096 4096 W 1400118227 -1826433854  
278 sda 660931296 4096 W 1400118227 -1826433854  
278 sda9 222608104 4096 W 1400118227 444611970  
278 sda 660931304 4096 W 1400118227 444611970  
bcache: 3548 1400118230 -86897000  4096 
3548 sda9 36871808 4096 W 1400118230 -86897000  
3548 sda 475195008 4096 W 1400118230 -86897000  
3548 sda9 0 0 W 1400118230  
3548 sda9 0 0 W 1400118230  
bcache: 3548 1400118230 1790323522  4096 
bcache: 3548 1400118230 -1430406582  4096 
3548 sda9 31366392 8192 W 1400118230 1790323522 -1430406582  
3548 sda 469689592 8192 W 1400118230 1790323522 -1430406582  
3548 sda9 0 0 W 1400118230  
3548 sda9 0 0 W 1400118230  
bcache: 3548 1400118230 -1621656127  4096 
3548 sda9 31366408 4096 W 1400118230 -1621656127  
3548 sda 469689608 4096 W 1400118230 -1621656127  
3548 sda9 0 0 W 1400118230  
3548 sda9 0 0 W 1400118230  
2162 sdb2 487068560 4096 W 1400118231 228240168  
2162 sdb 487478200 4096 W 1400118231 228240168  
2162 sdb2 487068568 4096 W 1400118231 1020718985  
2162 sdb 487478208 4096 W 1400118231 1020718985  
2162 sdb2 487068576 4096 W 1400118231 -2002689302  
2162 sdb 487478216 4096 W 1400118231 -2002689302  
278 sda9 222608112 4096 W 1400118233 1738753736  
278 sda 660931312 4096 W 1400118233 1738753736  
278 sda9 222608120 4096 W 1400118233 401322074  
278 sda 660931320 4096 W 1400118233 401322074  
278 sda9 222608128 4096 W 1400118233 1552458148  
278 sda 660931328 4096 W 1400118233 1552458148  
278 sda9 222608136 4096 W 1400118233 -541571913  
278 sda 660931336 4096 W 1400118233 -541571913  
6927 sdb2 8224 4096 W 1400118234 1020718985  
6927 sdb 417864 4096 W 1400118234 1020718985  
bcache: 3548 1400118236 361619780  4096 
bcache: 3548 1400118236 -497181947  4096 
3548 sda9 31366416 8192 W 1400118236 361619780 -497181947  
3548 sda 469689616 8192 W 1400118236 361619780 -497181947  
3548 sda9 0 0 W 1400118236  
3548 sda9 0 0 W 1400118236  
bcache: 3548 1400118236 -350721008  4096 
3548 sda9 31366432 4096 W 1400118236 -350721008  
3548 sda 469689632 4096 W 1400118236 -350721008  
3548 sda9 0 0 W 1400118236  
3548 sda9 0 0 W 1400118236  
278 sda9 222608144 4096 W 1400118239 412650702  
278 sda 660931344 4096 W 1400118239 412650702  
278 sda9 222608152 4096 W 1400118239 774745008  
278 sda 660931352 4096 W 1400118239 774745008  
278 sda9 222608160 4096 W 1400118239 1302057592  
278 sda 660931360 4096 W 1400118239 1302057592  
278 sda9 222608168 4096 W 1400118239 -913705178  
278 sda 660931368 4096 W 1400118239 -913705178  
bcache: 3548 1400118242 -800802538  4096 
bcache: 3548 1400118242 -652443362  4096 
3548 sda9 31366440 8192 W 1400118242 -800802538 -652443362  
3548 sda 469689640 8192 W 1400118242 -800802538 -652443362  
3548 sda9 0 0 W 1400118242  
3548 sda9 0 0 W 1400118242  
bcache: 3548 1400118242 421294397  4096 
3548 sda9 31366456 4096 W 1400118242 421294397  
3548 sda 469689656 4096 W 1400118242 421294397  
3548 sda9 0 0 W 1400118242  
3548 sda9 0 0 W 1400118242  
278 sda9 222608176 4096 W 1400118245 1074482235  
278 sda 660931376 4096 W 1400118245 1074482235  
278 sda9 222608184 4096 W 1400118245 1751051644  
278 sda 660931384 4096 W 1400118245 1751051644  
278 sda9 222608192 4096 W 1400118245 -1581182471  
278 sda 660931392 4096 W 1400118245 -1581182471  
278 sda9 222608200 4096 W 1400118245 1630232231  
278 sda 660931400 4096 W 1400118245 1630232231  
bcache: 3548 1400118247 824007048  4096 
3548 sda9 31114440 4096 W 1400118247 824007048  
3548 sda 469437640 4096 W 1400118247 824007048  
3548 sda9 0 0 W 1400118247  
3548 sda9 0 0 W 1400118247  
bcache: 3548 1400118247 -51903199  4096 
3548 sda9 35555368 4096 W 1400118247 -51903199  
3548 sda 473878568 4096 W 1400118247 -51903199  
3548 sda9 0 0 W 1400118247  
3548 sda9 0 0 W 1400118247  
bcache: 3548 1400118247 70361276  4096 
3548 sda9 26118152 4096 W 1400118247 70361276  
3548 sda 464441352 4096 W 1400118247 70361276  
3548 sda9 0 0 W 1400118247  
3548 sda9 0 0 W 1400118247  
bcache: 3548 1400118247 1209279475  4096 
3548 sda9 26121760 4096 W 1400118247 1209279475  
3548 sda 464444960 4096 W 1400118247 1209279475  
3548 sda9 0 0 W 1400118247  
3548 sda9 0 0 W 1400118247  
bcache: 3548 1400118247 1119586577  4096 
3548 sda9 26121792 4096 W 1400118247 1119586577  
3548 sda 464444992 4096 W 1400118247 1119586577  
3548 sda9 0 0 W 1400118247  
3548 sda9 0 0 W 1400118247  
bcache: 3548 1400118247 -509168857  4096 
3548 sda9 26122696 4096 W 1400118247 -509168857  
3548 sda 464445896 4096 W 1400118247 -509168857  
3548 sda9 0 0 W 1400118247  
3548 sda9 0 0 W 1400118247  
bcache: 3548 1400118247 69296359  4096 
3548 sda9 26143664 4096 W 1400118247 69296359  
3548 sda 464466864 4096 W 1400118247 69296359  
3548 sda9 0 0 W 1400118247  
3548 sda9 0 0 W 1400118247  
bcache: 3548 1400118247 -1  4096 
3548 sda9 31082536 4096 W 1400118247 -1  
3548 sda 469405736 4096 W 1400118247 -1  
3548 sda9 0 0 W 1400118247  
3548 sda9 0 0 W 1400118247  
bcache: 3548 1400118247 -1350601968  4096 
bcache: 3548 1400118247 -1276225614  4096 
3548 sda9 31366464 8192 W 1400118247 -1350601968 -1276225614  
3548 sda 469689664 8192 W 1400118247 -1350601968 -1276225614  
3548 sda9 0 0 W 1400118247  
3548 sda9 0 0 W 1400118247  
bcache: 3548 1400118247 1090166452  4096 
3548 sda9 31366480 4096 W 1400118247 1090166452  
3548 sda 469689680 4096 W 1400118247 1090166452  
3548 sda9 0 0 W 1400118247  
3548 sda9 0 0 W 1400118247  
304 sda9 40 4096 W 1400118249 -1826433854  
304 sda 438323240 4096 W 1400118249 -1826433854  
304 sda9 48 4096 W 1400118249 1998519091  
304 sda 438323248 4096 W 1400118249 1998519091  
304 sda9 146800672 4096 W 1400118249 1005444581  
304 sda 585123872 4096 W 1400118249 1005444581  
304 sda9 180355080 4096 W 1400118249 -1569748429  
304 sda 618678280 4096 W 1400118249 -1569748429  
304 sda9 180360152 4096 W 1400118249 -635364128  
304 sda 618683352 4096 W 1400118249 -635364128  
304 sda9 180360160 4096 W 1400118249 1238464484  
304 sda 618683360 4096 W 1400118249 1238464484  
bcache: 3548 1400118251 739428765  4096 
3548 sda9 34827760 4096 W 1400118251 739428765  
278 sda9 222608208 4096 W 1400118251 1060144701  
278 sda 660931408 4096 W 1400118251 1060144701  
3548 sda 473150960 4096 W 1400118251 739428765  
278 sda9 222608216 4096 W 1400118251 1499423351  
278 sda 660931416 4096 W 1400118251 1499423351  
278 sda9 222608224 4096 W 1400118251 -458809628  
278 sda 660931424 4096 W 1400118251 -458809628  
3548 sda9 0 0 W 1400118251  
3548 sda9 0 0 W 1400118251  
278 sda9 222608232 4096 W 1400118251 -958585315  
278 sda 660931432 4096 W 1400118251 -958585315  
bcache: 3548 1400118251 -1913244974  4096 
3548 sda9 36871816 4096 W 1400118251 -1913244974  
3548 sda 475195016 4096 W 1400118251 -1913244974  
3548 sda9 0 0 W 1400118251  
3548 sda9 0 0 W 1400118251  
bcache: 3548 1400118251 -179210455  4096 
bcache: 3548 1400118251 -1856541280  4096 
3548 sda9 34827768 8192 W 1400118251 -179210455 -1856541280  
3548 sda 473150968 8192 W 1400118251 -179210455 -1856541280  
3548 sda9 0 0 W 1400118251  
3548 sda9 0 0 W 1400118251  
bcache: 3548 1400118253 339166536  4096 
3548 sda9 36871760 4096 W 1400118253 339166536  
3548 sda 475194960 4096 W 1400118253 339166536  
3548 sda9 0 0 W 1400118253  
3548 sda9 0 0 W 1400118253  
bcache: 3548 1400118253 1945833866  4096 
3548 sda9 36871776 4096 W 1400118253 1945833866  
3548 sda 475194976 4096 W 1400118253 1945833866  
3548 sda9 0 0 W 1400118253  
3548 sda9 0 0 W 1400118253  
bcache: 3548 1400118253 -2119072518  4096 
bcache: 3548 1400118253 996655191  4096 
bcache: 3548 1400118253 995945002  4096 
bcache: 3548 1400118253 -1074279447  4096 
bcache: 3548 1400118253 1519521716  4096 
bcache: 3548 1400118253 1042087143  4096 
bcache: 3548 1400118253 1443550544  4096 
bcache: 3548 1400118253 118802889  4096 
bcache: 3548 1400118253 540995767  4096 
bcache: 3548 1400118253 360002514  4096 
bcache: 3548 1400118253 533813511  4096 
bcache: 3548 1400118253 1563198704  4096 
bcache: 3548 1400118253 1507418435  4096 
bcache: 3548 1400118253 -250082206  4096 
bcache: 3548 1400118253 485029320  4096 
bcache: 3548 1400118253 189661684  4096 
bcache: 3548 1400118253 317995865  4096 
3548 sda9 31366488 69632 W 1400118253 -2119072518 996655191 995945002 -1074279447 1519521716 1042087143 1443550544 118802889 540995767 360002514 533813511 1563198704 1507418435 -250082206 485029320 189661684 317995865  
3548 sda 469689688 69632 W 1400118253 -2119072518 996655191 995945002 -1074279447 1519521716 1042087143 1443550544 118802889 540995767 360002514 533813511 1563198704 1507418435 -250082206 485029320 189661684 317995865  
3548 sda9 0 0 W 1400118253  
3548 sda9 0 0 W 1400118253  
bcache: 3548 1400118253 379021032  4096 
3548 sda9 31366624 4096 W 1400118253 379021032  
3548 sda 469689824 4096 W 1400118253 379021032  
3548 sda9 0 0 W 1400118253  
3548 sda9 0 0 W 1400118253  
278 sda9 222608240 4096 W 1400118256 1916049968  
278 sda 660931440 4096 W 1400118256 1916049968  
278 sda9 222608248 4096 W 1400118256 612069717  
278 sda 660931448 4096 W 1400118256 612069717  
278 sda9 222608256 4096 W 1400118256 -806711292  
278 sda 660931456 4096 W 1400118256 -806711292  
278 sda9 222608264 4096 W 1400118256 -1055695846  
278 sda 660931464 4096 W 1400118256 -1055695846  
304 sda9 148018688 16384 W 1400118259 -1815975689 122940112 485595583 -884656615  
304 sda 586341888 16384 W 1400118259 -1815975689 122940112 485595583 -884656615  
278 sda9 148018712 4096 W 1400118262 700280557  
278 sda 586341912 4096 W 1400118262 700280557  
278 sda9 222608272 4096 W 1400118262 1249864509  
278 sda 660931472 4096 W 1400118262 1249864509  
278 sda9 222608280 4096 W 1400118262 -827073307  
278 sda 660931480 4096 W 1400118262 -827073307  
278 sda9 222608288 4096 W 1400118262 619805549  
278 sda 660931488 4096 W 1400118262 619805549  
278 sda9 222608296 4096 W 1400118262 -1103011962  
278 sda 660931496 4096 W 1400118262 -1103011962  
278 sda9 222608304 4096 W 1400118262 -743167444  
278 sda 660931504 4096 W 1400118262 -743167444  
3548 sda9 33174224 4096 W 1400118263 1621349756  
3548 sda 471497424 4096 W 1400118263 1621349756  
3548 sda9 0 0 W 1400118263  
3548 sda9 0 0 W 1400118263  
3548 sda9 30591080 16384 R 1400118263  
3548 sda 468914280 16384 R 1400118263  
3548 sda9 30591112 32768 R 1400118263  
3548 sda 468914312 32768 R 1400118263  
3548 sda9 30591176 65536 R 1400118263  
3548 sda 468914376 65536 R 1400118263  
3548 sda9 30591304 131072 R 1400118263  
3548 sda 468914504 131072 R 1400118263  
3548 sda9 33170656 12288 W 1400118263 -406990795 -44727759 -1775875128  
3548 sda 471493856 12288 W 1400118263 -406990795 -44727759 -1775875128  
3548 sda9 0 0 W 1400118263  
3548 sda9 0 0 W 1400118263  
3548 sda9 33170680 4096 W 1400118263 490853677  
3548 sda 471493880 4096 W 1400118263 490853677  
3548 sda9 0 0 W 1400118263  
3548 sda9 0 0 W 1400118263  
3548 sda9 33455088 4096 R 1400118263  
3548 sda 471778288 4096 R 1400118263  
3548 sda9 33455096 16384 R 1400118263  
3548 sda 471778296 16384 R 1400118263  
3548 sda9 33480688 4096 R 1400118263  
3548 sda 471803888 4096 R 1400118263  
3548 sda9 33480696 16384 R 1400118263  
3548 sda 471803896 16384 R 1400118263  
3548 sda9 33480728 32768 R 1400118263  
3548 sda 471803928 32768 R 1400118263  
3548 sda9 33480792 65536 R 1400118263  
3548 sda 471803992 65536 R 1400118263  
3548 sda9 33480920 131072 R 1400118263  
3548 sda 471804120 131072 R 1400118263  
3548 sda9 33481176 131072 R 1400118263  
3548 sda 471804376 131072 R 1400118263  
3548 sda9 33175744 12288 W 1400118263 1935690645 1011880740 -923871824  
3548 sda 471498944 12288 W 1400118263 1935690645 1011880740 -923871824  
3548 sda9 0 0 W 1400118263  
3548 sda9 0 0 W 1400118263  
3548 sda9 34827784 4096 W 1400118263 1254220203  
3548 sda 473150984 4096 W 1400118263 1254220203  
3548 sda9 0 0 W 1400118263  
3548 sda9 0 0 W 1400118263  
3548 sda9 33175768 4096 W 1400118263 170993048  
3548 sda 471498968 4096 W 1400118263 170993048  
3548 sda9 0 0 W 1400118263  
3548 sda9 0 0 W 1400118263  
3548 sda9 33171440 4096 W 1400118265 -1038761655  
3548 sda 471494640 4096 W 1400118265 -1038761655  
3548 sda9 0 0 W 1400118265  
3548 sda9 0 0 W 1400118265  
3548 sda9 33171448 4096 W 1400118265 -1038761655  
3548 sda 471494648 4096 W 1400118265 -1038761655  
3548 sda9 0 0 W 1400118265  
3548 sda9 0 0 W 1400118265  
3548 sda9 33177344 4096 W 1400118265 170993048  
3548 sda 471500544 4096 W 1400118265 170993048  
3548 sda9 0 0 W 1400118265  
3548 sda9 0 0 W 1400118265  
3548 sda9 33204512 4096 W 1400118267 849852248  
3548 sda 471527712 4096 W 1400118267 849852248  
3548 sda9 0 0 W 1400118267  
3548 sda9 0 0 W 1400118267  
3548 sda9 33439504 4096 W 1400118267 65940765  
3548 sda 471762704 4096 W 1400118267 65940765  
3548 sda9 0 0 W 1400118267  
3548 sda9 0 0 W 1400118267  
3548 sda9 33204712 4096 W 1400118267 65940765  
3548 sda 471527912 4096 W 1400118267 65940765  
3548 sda9 0 0 W 1400118267  
3548 sda9 0 0 W 1400118267  
3548 sda9 36871760 4096 W 1400118267 -379199609  
3548 sda 475194960 4096 W 1400118267 -379199609  
3548 sda9 0 0 W 1400118267  
3548 sda9 0 0 W 1400118267  
3548 sda9 36871776 4096 W 1400118267 1915278419  
3548 sda 475194976 4096 W 1400118267 1915278419  
3548 sda9 0 0 W 1400118267  
3548 sda9 0 0 W 1400118267  
3548 sda9 31366632 237568 W 1400118267 -1551735854 -1574154933 -1908217149 563608603 1919567179 1190363581 1481843092 -2142379449 -1060253729 1443550544 -1579854309 -1455660608 985182055 -1048740872 854104155 -1857326476 1983685145 -470194579 589458662 1399119516 -1785441085 1476671090 1791937021 932735895 -1738677885 1532521803 1759743573 -1835293319 1007759540 -2030312757 1418591457 -437301733 1366833813 2144470066 434974198 477164205 186167830 1577521309 -273219957 1860315312 1988935859 -316779849 -1 -1532002318 394368648 -252841618 -1623384 
3548 sda 469689832 237568 W 1400118267 -1551735854 -1574154933 -1908217149 563608603 1919567179 1190363581 1481843092 -2142379449 -1060253729 1443550544 -1579854309 -1455660608 985182055 -1048740872 854104155 -1857326476 1983685145 -470194579 589458662 1399119516 -1785441085 1476671090 1791937021 932735895 -1738677885 1532521803 1759743573 -1835293319 1007759540 -2030312757 1418591457 -437301733 1366833813 2144470066 434974198 477164205 186167830 1577521309 -273219957 1860315312 1988935859 -316779849 -1 -1532002318 394368648 -252841618 -1623384 
3548 sda9 0 0 W 1400118267  
3548 sda9 0 0 W 1400118267  
3548 sda9 31367096 4096 W 1400118267 1050030732  
3548 sda 469690296 4096 W 1400118267 1050030732  
3548 sda9 0 0 W 1400118267  
3548 sda9 0 0 W 1400118267  
278 sda9 148018712 4096 W 1400118268 -1180451612  
278 sda 586341912 4096 W 1400118268 -1180451612  
278 sda9 222608312 4096 W 1400118268 -1475671219  
278 sda 660931512 4096 W 1400118268 -1475671219  
278 sda9 222608320 4096 W 1400118268 -850662954  
278 sda 660931520 4096 W 1400118268 -850662954  
278 sda9 222608328 4096 W 1400118268 1327027574  
278 sda 660931528 4096 W 1400118268 1327027574  
278 sda9 222608336 4096 W 1400118268 -1499393900  
278 sda 660931536 4096 W 1400118268 -1499393900  
278 sda9 222608344 4096 W 1400118274 1575418686  
278 sda 660931544 4096 W 1400118274 1575418686  
278 sda9 222608352 4096 W 1400118274 1144185308  
278 sda 660931552 4096 W 1400118274 1144185308  
278 sda9 222608360 4096 W 1400118274 -1690288024  
278 sda 660931560 4096 W 1400118274 -1690288024  
3548 sda9 31367104 12288 W 1400118275 -1190343542 186598430 -1214878062  
3548 sda 469690304 12288 W 1400118275 -1190343542 186598430 -1214878062  
3548 sda9 0 0 W 1400118275  
3548 sda9 0 0 W 1400118275  
3548 sda9 31367128 4096 W 1400118275 1406968588  
3548 sda 469690328 4096 W 1400118275 1406968588  
3548 sda9 0 0 W 1400118275  
3548 sda9 0 0 W 1400118275  
278 sda9 222608368 4096 W 1400118280 1657488364  
278 sda 660931568 4096 W 1400118280 1657488364  
278 sda9 222608376 4096 W 1400118280 -1442044507  
278 sda 660931576 4096 W 1400118280 -1442044507  
278 sda9 222608384 4096 W 1400118280 155281056  
278 sda 660931584 4096 W 1400118280 155281056  
278 sda9 222608392 4096 W 1400118280 1687526766  
278 sda 660931592 4096 W 1400118280 1687526766  
304 sda9 40 4096 W 1400118284 -1103011962  
304 sda 438323240 4096 W 1400118284 -1103011962  
304 sda9 142607872 4096 W 1400118284 155281056  
304 sda 580931072 4096 W 1400118284 155281056  
304 sda9 146800672 4096 W 1400118284 619805549  
304 sda 585123872 4096 W 1400118284 619805549  
278 sda9 222608400 4096 W 1400118286 -1759071329  
278 sda 660931600 4096 W 1400118286 -1759071329  
278 sda9 222608408 4096 W 1400118286 47132742  
278 sda 660931608 4096 W 1400118286 47132742  
278 sda9 222608416 4096 W 1400118286 -1256608874  
278 sda 660931616 4096 W 1400118286 -1256608874  
3548 sda9 31082536 4096 W 1400118287 -1455660608  
3548 sda 469405736 4096 W 1400118287 -1455660608  
3548 sda9 0 0 W 1400118287  
3548 sda9 0 0 W 1400118287  
3548 sda9 31082552 4096 W 1400118287 1988935859  
3548 sda 469405752 4096 W 1400118287 1988935859  
3548 sda9 0 0 W 1400118287  
3548 sda9 0 0 W 1400118287  
3548 sda9 31082600 4096 W 1400118287 -129466172  
3548 sda 469405800 4096 W 1400118287 -129466172  
3548 sda9 0 0 W 1400118287  
3548 sda9 0 0 W 1400118287  
3548 sda9 31082672 8192 W 1400118287 -1 -1574154933  
3548 sda 469405872 8192 W 1400118287 -1 -1574154933  
3548 sda9 0 0 W 1400118287  
3548 sda9 0 0 W 1400118287  
3548 sda9 31082696 4096 W 1400118287 -1785441085  
3548 sda 469405896 4096 W 1400118287 -1785441085  
3548 sda9 0 0 W 1400118287  
3548 sda9 0 0 W 1400118287  
3548 sda9 31107640 4096 W 1400118287 -2142379449  
3548 sda 469430840 4096 W 1400118287 -2142379449  
3548 sda9 0 0 W 1400118287  
3548 sda9 0 0 W 1400118287  
3548 sda9 31110160 16384 W 1400118287 1121898893 -316779849 394368648 -1579854309  
3548 sda 469433360 16384 W 1400118287 1121898893 -316779849 394368648 -1579854309  
3548 sda9 0 0 W 1400118287  
3548 sda9 0 0 W 1400118287  
3548 sda9 31114432 20480 W 1400118287 -273219957 -1532002318 1481843092 563608603 434974198  
3548 sda 469437632 20480 W 1400118287 -273219957 -1532002318 1481843092 563608603 434974198  
3548 sda9 0 0 W 1400118287  
3548 sda9 0 0 W 1400118287  
3548 sda9 31120952 20480 W 1400118287 1919567179 -1060253729 854104155 1532521803 1983685145  
3548 sda 469444152 20480 W 1400118287 1919567179 -1060253729 854104155 1532521803 1983685145  
3548 sda9 0 0 W 1400118287  
3548 sda9 0 0 W 1400118287  
3548 sda9 31121000 4096 W 1400118287 23873304  
3548 sda 469444200 4096 W 1400118287 23873304  
3548 sda9 0 0 W 1400118287  
3548 sda9 0 0 W 1400118287  
3548 sda9 31121016 20480 W 1400118287 1456338342 186167830 589458662 1476671090 -1835293319  
3548 sda 469444216 20480 W 1400118287 1456338342 186167830 589458662 1476671090 -1835293319  
3548 sda9 0 0 W 1400118287  
3548 sda9 0 0 W 1400118287  
3548 sda9 31264856 8192 W 1400118287 1190363581 1860315312  
3548 sda 469588056 8192 W 1400118287 1190363581 1860315312  
3548 sda9 0 0 W 1400118287  
3548 sda9 0 0 W 1400118287  
3548 sda9 31264880 4096 W 1400118287 -1623384570  
3548 sda 469588080 4096 W 1400118287 -1623384570  
3548 sda9 0 0 W 1400118287  
3548 sda9 0 0 W 1400118287  
3548 sda9 31264920 4096 W 1400118287 -1738677885  
3548 sda 469588120 4096 W 1400118287 -1738677885  
3548 sda9 0 0 W 1400118287  
3548 sda9 0 0 W 1400118287  
3548 sda9 31264952 4096 W 1400118287 -803566299  
3548 sda 469588152 4096 W 1400118287 -803566299  
3548 sda9 0 0 W 1400118287  
3548 sda9 0 0 W 1400118287  
3548 sda9 31264992 4096 W 1400118287 477164205  
3548 sda 469588192 4096 W 1400118287 477164205  
3548 sda9 0 0 W 1400118287  
3548 sda9 0 0 W 1400118287  
3548 sda9 31265072 4096 W 1400118287 1055938577  
3548 sda 469588272 4096 W 1400118287 1055938577  
3548 sda9 0 0 W 1400118287  
3548 sda9 0 0 W 1400118287  
3548 sda9 31265096 4096 W 1400118287 -1857326476  
3548 sda 469588296 4096 W 1400118287 -1857326476  
3548 sda9 0 0 W 1400118287  
3548 sda9 0 0 W 1400118287  
3548 sda9 31265168 4096 W 1400118287 1759743573  
3548 sda 469588368 4096 W 1400118287 1759743573  
3548 sda9 0 0 W 1400118287  
3548 sda9 0 0 W 1400118287  
3548 sda9 31265272 4096 W 1400118287 -437301733  
3548 sda 469588472 4096 W 1400118287 -437301733  
3548 sda9 0 0 W 1400118287  
3548 sda9 0 0 W 1400118287  
3548 sda9 31265336 8192 W 1400118287 -470194579 1366833813  
3548 sda 469588536 8192 W 1400118287 -470194579 1366833813  
3548 sda9 0 0 W 1400118287  
3548 sda9 0 0 W 1400118287  
3548 sda9 31265552 4096 W 1400118287 1179905250  
3548 sda 469588752 4096 W 1400118287 1179905250  
3548 sda9 0 0 W 1400118287  
3548 sda9 0 0 W 1400118287  
3548 sda9 31265864 4096 W 1400118287 -1624001008  
3548 sda 469589064 4096 W 1400118287 -1624001008  
3548 sda9 0 0 W 1400118287  
3548 sda9 0 0 W 1400118287  
3548 sda9 31265952 4096 W 1400118287 1577521309  
3548 sda 469589152 4096 W 1400118287 1577521309  
3548 sda9 0 0 W 1400118287  
3548 sda9 0 0 W 1400118287  
3548 sda9 31275504 8192 W 1400118287 1399119516 932735895  
3548 sda 469598704 8192 W 1400118287 1399119516 932735895  
3548 sda9 0 0 W 1400118287  
3548 sda9 0 0 W 1400118287  
3548 sda9 31279016 24576 W 1400118287 1007759540 -2030312757 1418591457 2144470066 692171026 1991585074  
3548 sda 469602216 24576 W 1400118287 1007759540 -2030312757 1418591457 2144470066 692171026 1991585074  
3548 sda9 0 0 W 1400118287  
3548 sda9 0 0 W 1400118287  
3548 sda9 35555328 4096 W 1400118287 -252841618  
3548 sda 473878528 4096 W 1400118287 -252841618  
3548 sda9 0 0 W 1400118287  
3548 sda9 0 0 W 1400118287  
3548 sda9 35555368 4096 W 1400118287 -500319635  
3548 sda 473878568 4096 W 1400118287 -500319635  
3548 sda9 0 0 W 1400118287  
3548 sda9 0 0 W 1400118287  
3548 sda9 26118144 8192 W 1400118287 1443550544 -1908217149  
3548 sda 464441344 8192 W 1400118287 1443550544 -1908217149  
3548 sda9 0 0 W 1400118287  
3548 sda9 0 0 W 1400118287  
3548 sda9 26121736 4096 W 1400118287 -250082206  
3548 sda 464444936 4096 W 1400118287 -250082206  
3548 sda9 0 0 W 1400118287  
3548 sda9 0 0 W 1400118287  
3548 sda9 26121760 4096 W 1400118287 533813511  
3548 sda 464444960 4096 W 1400118287 533813511  
3548 sda9 0 0 W 1400118287  
3548 sda9 0 0 W 1400118287  
3548 sda9 26121792 4096 W 1400118287 540995767  
3548 sda 464444992 4096 W 1400118287 540995767  
3548 sda9 0 0 W 1400118287  
3548 sda9 0 0 W 1400118287  
3548 sda9 26121904 4096 W 1400118287 360002514  
3548 sda 464445104 4096 W 1400118287 360002514  
3548 sda9 0 0 W 1400118287  
3548 sda9 0 0 W 1400118287  
3548 sda9 26121992 4096 W 1400118287 1507418435  
3548 sda 464445192 4096 W 1400118287 1507418435  
3548 sda9 0 0 W 1400118287  
3548 sda9 0 0 W 1400118287  
3548 sda9 26122696 4096 W 1400118287 -1214878062  
3548 sda 464445896 4096 W 1400118287 -1214878062  
3548 sda9 0 0 W 1400118287  
3548 sda9 0 0 W 1400118287  
3548 sda9 26143656 8192 W 1400118287 1042087143 186598430  
3548 sda 464466856 8192 W 1400118287 1042087143 186598430  
3548 sda9 0 0 W 1400118287  
3548 sda9 0 0 W 1400118287  
3548 sda9 26187608 4096 W 1400118287 1563198704  
3548 sda 464510808 4096 W 1400118287 1563198704  
3548 sda9 0 0 W 1400118287  
3548 sda9 0 0 W 1400118287  
3548 sda9 31082496 4096 W 1400118287 1791937021  
3548 sda 469405696 4096 W 1400118287 1791937021  
3548 sda9 0 0 W 1400118287  
3548 sda9 0 0 W 1400118287  
278 sda9 222608424 4096 W 1400118292 1164134687  
278 sda 660931624 4096 W 1400118292 1164134687  
278 sda9 222608432 4096 W 1400118292 -1852297827  
3548 sda9 33167936 16384 W 1400118292 1797987284 1178534008 741631283 1110736197  
278 sda 660931632 4096 W 1400118292 -1852297827  
278 sda9 222608440 4096 W 1400118292 1847380158  
278 sda 660931640 4096 W 1400118292 1847380158  
3548 sda 471491136 16384 W 1400118292 1797987284 1178534008 741631283 1110736197  
278 sda9 222608448 4096 W 1400118292 -1281093598  
278 sda 660931648 4096 W 1400118292 -1281093598  
3548 sda9 0 0 W 1400118292  
3548 sda9 0 0 W 1400118292  
3548 sda9 32648832 4096 W 1400118292 857315851  
3548 sda 470972032 4096 W 1400118292 857315851  
3548 sda9 0 0 W 1400118292  
3548 sda9 0 0 W 1400118292  
304 sda9 61613408 12288 W 1400118294 -1841949289 1346885922 -188398881  
304 sda 499936608 12288 W 1400118294 -1841949289 1346885922 -188398881  
3548 sda9 33037040 4096 W 1400118297 -418664845  
278 sda9 61613424 4096 W 1400118297 -1792169780  
3548 sda 471360240 4096 W 1400118297 -418664845  
278 sda 499936624 4096 W 1400118297 -1792169780  
278 sda9 222608456 4096 W 1400118297 1916779266  
278 sda 660931656 4096 W 1400118297 1916779266  
278 sda9 222608464 4096 W 1400118297 -672201488  
278 sda 660931664 4096 W 1400118297 -672201488  
278 sda9 222608472 4096 W 1400118297 1898618329  
278 sda 660931672 4096 W 1400118297 1898618329  
278 sda9 222608480 4096 W 1400118297 -54588825  
278 sda 660931680 4096 W 1400118297 -54588825  
3548 sda9 0 0 W 1400118297  
3548 sda9 0 0 W 1400118297  
278 sda9 222608488 4096 W 1400118297 -1795345089  
278 sda 660931688 4096 W 1400118297 -1795345089  
278 sda9 222608496 4096 W 1400118297 -1620613907  
278 sda 660931696 4096 W 1400118297 -1620613907  
3548 sda9 33170336 4096 W 1400118297 -1315720108  
3548 sda 471493536 4096 W 1400118297 -1315720108  
3548 sda9 0 0 W 1400118297  
3548 sda9 0 0 W 1400118297  
3548 sda9 33037024 8192 W 1400118297 -54788205 1633041055  
3548 sda 471360224 8192 W 1400118297 -54788205 1633041055  
3548 sda9 0 0 W 1400118297  
3548 sda9 0 0 W 1400118297  
3548 sda9 33167920 8192 W 1400118297 -2056168238 -380613091  
3548 sda 471491120 8192 W 1400118297 -2056168238 -380613091  
3548 sda9 0 0 W 1400118297  
3548 sda9 0 0 W 1400118297  
3548 sda9 33168352 16384 W 1400118297 -1149597583 1436239118 -563072570 -500837404  
3548 sda 471491552 16384 W 1400118297 -1149597583 1436239118 -563072570 -500837404  
3548 sda9 0 0 W 1400118297  
3548 sda9 0 0 W 1400118297  
3548 sda9 33170656 16384 W 1400118297 -1066033826 -1980173116 1619547564 -371537732  
3548 sda 471493856 16384 W 1400118297 -1066033826 -1980173116 1619547564 -371537732  
3548 sda9 0 0 W 1400118297  
3548 sda9 0 0 W 1400118297  
3548 sda9 33171440 4096 W 1400118297 -2045474947  
3548 sda 471494640 4096 W 1400118297 -2045474947  
3548 sda9 0 0 W 1400118297  
3548 sda9 0 0 W 1400118297  
3548 sda9 33176784 24576 W 1400118297 679232411 -3487967 -1735555744 1589423569 -1645552567 -1461885349  
3548 sda 471499984 24576 W 1400118297 679232411 -3487967 -1735555744 1589423569 -1645552567 -1461885349  
3548 sda9 0 0 W 1400118297  
3548 sda9 0 0 W 1400118297  
3548 sda9 33177088 61440 W 1400118297 1261887410 1052932377 -1435364116 -1831172047 1262562489 876993608 1686444807 -568873020 -254396626 -734169728 1349203121 -109864137 -624145728 558740945 -1802244596  
3548 sda 471500288 61440 W 1400118297 1261887410 1052932377 -1435364116 -1831172047 1262562489 876993608 1686444807 -568873020 -254396626 -734169728 1349203121 -109864137 -624145728 558740945 -1802244596  
3548 sda9 0 0 W 1400118297  
3548 sda9 0 0 W 1400118297  
3548 sda9 33177216 65536 W 1400118297 322031135 -2129924094 -882950463 -1963303198 1201797460 1716511555 453348773 -26744672 -633470620 96830447 -2105917142 318125131 -426749788 -1891254629 -1205568895 -1788055999  
3548 sda 471500416 65536 W 1400118297 322031135 -2129924094 -882950463 -1963303198 1201797460 1716511555 453348773 -26744672 -633470620 96830447 -2105917142 318125131 -426749788 -1891254629 -1205568895 -1788055999  
3548 sda9 0 0 W 1400118297  
3548 sda9 0 0 W 1400118297  
3548 sda9 33177352 4096 W 1400118297 1939553682  
3548 sda 471500552 4096 W 1400118297 1939553682  
3548 sda9 0 0 W 1400118297  
3548 sda9 0 0 W 1400118297  
3548 sda9 33178240 16384 W 1400118297 2040158161 -369128719 1018290745 822493087  
3548 sda 471501440 16384 W 1400118297 2040158161 -369128719 1018290745 822493087  
3548 sda9 0 0 W 1400118297  
3548 sda9 0 0 W 1400118297  
3548 sda9 33179136 114688 W 1400118297 -50017281 -2037928492 -1643812892 254690245 1907003820 2125112812 969030928 -210185878 517257552 -1233613857 -274154720 -1508440533 -1726347837 -802556224 -2074611996 1271161044 1829612116 -1555875678 1673069567 196127286 -343854160 -920559421 -316381580 1276588344 -2101575776 1808261432 1487004019 79552221  
3548 sda 471502336 114688 W 1400118297 -50017281 -2037928492 -1643812892 254690245 1907003820 2125112812 969030928 -210185878 517257552 -1233613857 -274154720 -1508440533 -1726347837 -802556224 -2074611996 1271161044 1829612116 -1555875678 1673069567 196127286 -343854160 -920559421 -316381580 1276588344 -2101575776 1808261432 1487004019 79552221  
3548 sda9 0 0 W 1400118297  
3548 sda9 0 0 W 1400118297  
3548 sda9 33181216 12288 W 1400118297 865479623 -1436421063 187559567  
3548 sda 471504416 12288 W 1400118297 865479623 -1436421063 187559567  
3548 sda9 0 0 W 1400118297  
3548 sda9 0 0 W 1400118297  
3548 sda9 33182304 4096 W 1400118297 -1906226824  
3548 sda 471505504 4096 W 1400118297 -1906226824  
3548 sda9 0 0 W 1400118297  
3548 sda9 0 0 W 1400118297  
3548 sda9 33183456 8192 W 1400118297 -776822240 -1761980628  
3548 sda 471506656 8192 W 1400118297 -776822240 -1761980628  
3548 sda9 0 0 W 1400118297  
3548 sda9 0 0 W 1400118297  
3548 sda9 31367136 45056 W 1400118297 509659435 -1546529686 -669006952 -451313421 -1 -1090955511 -820561889 2146135776 -412550561 -1024301390 -943782682  
3548 sda 469690336 45056 W 1400118297 509659435 -1546529686 -669006952 -451313421 -1 -1090955511 -820561889 2146135776 -412550561 -1024301390 -943782682  
3548 sda9 0 0 W 1400118297  
3548 sda9 0 0 W 1400118297  
3548 sda9 31367224 4096 W 1400118297 -1485377377  
3548 sda 469690424 4096 W 1400118297 -1485377377  
3548 sda9 0 0 W 1400118297  
3548 sda9 0 0 W 1400118297  
278 sda9 61613424 4096 W 1400118302 1655731201  
278 sda 499936624 4096 W 1400118302 1655731201  
278 sda9 222608504 4096 W 1400118302 2002558740  
278 sda 660931704 4096 W 1400118302 2002558740  
278 sda9 222608512 4096 W 1400118302 123991104  
278 sda 660931712 4096 W 1400118302 123991104  
278 sda9 222608520 4096 W 1400118302 2094066145  
278 sda 660931720 4096 W 1400118302 2094066145  
278 sda9 222608528 4096 W 1400118302 -472911324  
278 sda 660931728 4096 W 1400118302 -472911324  
278 sda9 222608536 4096 W 1400118308 2051994061  
278 sda 660931736 4096 W 1400118308 2051994061  
278 sda9 222608544 4096 W 1400118308 1555592623  
278 sda 660931744 4096 W 1400118308 1555592623  
278 sda9 222608552 4096 W 1400118308 344227811  
278 sda 660931752 4096 W 1400118308 344227811  
278 sda9 222608560 4096 W 1400118314 -503121326  
278 sda 660931760 4096 W 1400118314 -503121326  
278 sda9 222608568 4096 W 1400118314 214539379  
278 sda 660931768 4096 W 1400118314 214539379  
278 sda9 222608576 4096 W 1400118314 -1024663186  
278 sda 660931776 4096 W 1400118314 -1024663186  
304 sda9 16 4096 W 1400118319 -1795345089  
304 sda 438323216 4096 W 1400118319 -1795345089  
304 sda9 58720344 4096 W 1400118319 -54588825  
304 sda 497043544 4096 W 1400118319 -54588825  
304 sda9 142607872 4096 W 1400118319 123991104  
304 sda 580931072 4096 W 1400118319 123991104  
278 sda9 222608584 4096 W 1400118320 -1806397344  
278 sda 660931784 4096 W 1400118320 -1806397344  
278 sda9 222608592 4096 W 1400118320 -2070855140  
278 sda 660931792 4096 W 1400118320 -2070855140  
278 sda9 222608600 4096 W 1400118320 -1777793338  
278 sda 660931800 4096 W 1400118320 -1777793338  
278 sda9 222608608 4096 W 1400118320 275502921  
278 sda 660931808 4096 W 1400118320 275502921  
8225 sda9 148018720 4096 W 1400118322 713922728  
8225 sda 586341920 4096 W 1400118322 713922728  
