4565 sdb2 487067944 4096 W 1399989219 -1775363985  
4565 sdb 487477584 4096 W 1399989219 -1775363985  
4565 sdb2 487067952 4096 W 1399989219 25399109  
4565 sdb 487477592 4096 W 1399989219 25399109  
4565 sdb2 487067960 4096 W 1399989219 431390584  
4565 sdb 487477600 4096 W 1399989219 431390584  
291 sda9 61348296 4096 W 1399989220 -2016341737  
2056 sda9 56529896 4096 W 1399989220 766261732  
291 sda 499671496 4096 W 1399989220 -2016341737  
2056 sda 494853096 4096 W 1399989220 766261732  
291 sda9 56237920 4096 W 1399989220 1060222364  
291 sda 494561120 4096 W 1399989220 1060222364  
291 sda9 56251704 4096 W 1399989220 631009836  
291 sda 494574904 4096 W 1399989220 631009836  
291 sda9 56237952 4096 W 1399989220 555671041  
291 sda 494561152 4096 W 1399989220 555671041  
291 sda9 222694232 4096 W 1399989220 1720095391  
291 sda 661017432 4096 W 1399989220 1720095391  
291 sda9 222694240 4096 W 1399989220 530481076  
291 sda 661017440 4096 W 1399989220 530481076  
291 sda9 222694248 4096 W 1399989220 2125355364  
291 sda 661017448 4096 W 1399989220 2125355364  
291 sda9 222694256 4096 W 1399989220  
291 sda 661017456 4096 W 1399989220  
291 sda9 222694264 4096 W 1399989220 -1315909530  
291 sda 661017464 4096 W 1399989220 -1315909530  
291 sda9 222694272 4096 W 1399989220 -553150934  
291 sda 661017472 4096 W 1399989220 -553150934  
291 sda9 222694280 4096 W 1399989220 -1523597245  
291 sda 661017480 4096 W 1399989220 -1523597245  
291 sda9 222694288 4096 W 1399989220 -351971528  
291 sda 661017488 4096 W 1399989220 -351971528  
291 sda9 222694296 4096 W 1399989220 1494078428  
291 sda 661017496 4096 W 1399989220 1494078428  
291 sda9 222694304 4096 W 1399989220 1436046479  
291 sda 661017504 4096 W 1399989220 1436046479  
291 sda9 222694312 4096 W 1399989220 1966668912  
291 sda 661017512 4096 W 1399989220 1966668912  
291 sda9 222694320 4096 W 1399989220 -488947345  
291 sda 661017520 4096 W 1399989220 -488947345  
291 sda9 222694328 4096 W 1399989220 709009699  
291 sda 661017528 4096 W 1399989220 709009699  
291 sda9 222694336 4096 W 1399989220 -141826638  
291 sda 661017536 4096 W 1399989220 -141826638  
291 sda9 222694344 4096 W 1399989220 103297519  
291 sda 661017544 4096 W 1399989220 103297519  
291 sda9 222694352 4096 W 1399989220 208189733  
291 sda 661017552 4096 W 1399989220 208189733  
291 sda9 222694360 4096 W 1399989220 704080629  
291 sda 661017560 4096 W 1399989220 704080629  
291 sda9 222694368 4096 W 1399989220 1608567051  
291 sda 661017568 4096 W 1399989220 1608567051  
291 sda9 222694376 4096 W 1399989220 1260748830  
291 sda 661017576 4096 W 1399989220 1260748830  
291 sda9 222694384 4096 W 1399989220 1726052708  
291 sda 661017584 4096 W 1399989220 1726052708  
291 sda9 222694392 4096 W 1399989220 -1799232774  
291 sda 661017592 4096 W 1399989220 -1799232774  
291 sda9 222694400 4096 W 1399989220 -485887314  
291 sda 661017600 4096 W 1399989220 -485887314  
291 sda9 222694408 4096 W 1399989220 -1064259201  
291 sda 661017608 4096 W 1399989220 -1064259201  
291 sda9 222694416 4096 W 1399989220 1963442803  
291 sda 661017616 4096 W 1399989220 1963442803  
291 sda9 222694424 4096 W 1399989220 -1695916409  
291 sda 661017624 4096 W 1399989220 -1695916409  
291 sda9 222694432 4096 W 1399989220 1399339024  
291 sda 661017632 4096 W 1399989220 1399339024  
291 sda9 222694440 4096 W 1399989220 -1534551412  
291 sda 661017640 4096 W 1399989220 -1534551412  
291 sda9 222694448 4096 W 1399989220 -1720323231  
291 sda 661017648 4096 W 1399989220 -1720323231  
291 sda9 222694456 4096 W 1399989220 -1324085950  
291 sda 661017656 4096 W 1399989220 -1324085950  
291 sda9 222694464 4096 W 1399989220 1755742858  
291 sda 661017664 4096 W 1399989220 1755742858  
291 sda9 222694472 4096 W 1399989220 167934438  
291 sda 661017672 4096 W 1399989220 167934438  
291 sda9 222694480 4096 W 1399989220  
291 sda 661017680 4096 W 1399989220  
291 sda9 222694488 4096 W 1399989220 1201057737  
291 sda 661017688 4096 W 1399989220 1201057737  
291 sda9 222694496 4096 W 1399989220 -1080621518  
291 sda 661017696 4096 W 1399989220 -1080621518  
291 sda9 222694504 4096 W 1399989220 1794754888  
291 sda 661017704 4096 W 1399989220 1794754888  
291 sda9 222694512 4096 W 1399989220 1297094472  
291 sda 661017712 4096 W 1399989220 1297094472  
291 sda9 222694520 4096 W 1399989220 210061846  
291 sda 661017720 4096 W 1399989220 210061846  
2020 sda9 55980232 32768 W 1399989221 -2112942266 1010874005 1010874005 1010874005 -111630599 1010874005 202347749 1010874005  
2020 sda 494303432 32768 W 1399989221 -2112942266 1010874005 1010874005 1010874005 -111630599 1010874005 202347749 1010874005  
2020 sda9 60037120 135168 W 1399989221 299119438 1010874005 1703469336 -2123167234 -2089767545 -847062278 -2106763621 1708885369 -901348311 463586390 1652970899 -217383924 449005552 -1523846914 -878665837 1596034926 -350200801 1010874005 -1727965937 68616229 255193939 675275525 1590854323 570642374 -1233898861 -1750960957 179715259 1312942912 26469076 -806527551 632131229 -1517976421 -1019744797  
2020 sda 498360320 135168 W 1399989221 299119438 1010874005 1703469336 -2123167234 -2089767545 -847062278 -2106763621 1708885369 -901348311 463586390 1652970899 -217383924 449005552 -1523846914 -878665837 1596034926 -350200801 1010874005 -1727965937 68616229 255193939 675275525 1590854323 570642374 -1233898861 -1750960957 179715259 1312942912 26469076 -806527551 632131229 -1517976421 -1019744797  
291 sda9 56529896 4096 W 1399989225 -1315464514  
291 sda 494853096 4096 W 1399989225 -1315464514  
291 sda9 222694528 4096 W 1399989225 -2071130962  
291 sda 661017728 4096 W 1399989225 -2071130962  
291 sda9 222694536 4096 W 1399989225 381690821  
291 sda 661017736 4096 W 1399989225 381690821  
291 sda9 222694544 4096 W 1399989225 426410363  
291 sda 661017744 4096 W 1399989225 426410363  
291 sda9 222694552 4096 W 1399989225 -213118080  
291 sda 661017752 4096 W 1399989225 -213118080  
291 sda9 222694560 4096 W 1399989225 1060526839  
291 sda 661017760 4096 W 1399989225 1060526839  
291 sda9 222694568 4096 W 1399989231 1806300649  
291 sda 661017768 4096 W 1399989231 1806300649  
291 sda9 222694576 4096 W 1399989231 -2020008862  
291 sda 661017776 4096 W 1399989231 -2020008862  
291 sda9 222694584 4096 W 1399989231 -1591236852  
291 sda 661017784 4096 W 1399989231 -1591236852  
2002 sda9 56533424 4096 R 1399989236  
2002 sda 494856624 4096 R 1399989236  
291 sda9 61540304 4096 W 1399989237 -1489349191  
291 sda 499863504 4096 W 1399989237 -1489349191  
291 sda9 222694592 4096 W 1399989237 -1956479204  
291 sda 661017792 4096 W 1399989237 -1956479204  
291 sda9 222694600 4096 W 1399989237 1641696978  
291 sda 661017800 4096 W 1399989237 1641696978  
291 sda9 222694608 4096 W 1399989237 1064104430  
291 sda 661017808 4096 W 1399989237 1064104430  
291 sda9 222694616 4096 W 1399989237 -1222702564  
291 sda 661017816 4096 W 1399989237 -1222702564  
291 sda9 222694624 4096 W 1399989237 1881717131  
291 sda 661017824 4096 W 1399989237 1881717131  
