pwrite: 5965 1399990372 10 2148601856 4096 -1  
5965 sda9 31082632 4096 W 1399990372 -1  
5965 sda 469405832 4096 W 1399990372 -1  
5965 sda9 0 0 W 1399990372  
5965 sda9 0 0 W 1399990372  
5965 sda9 31082664 8192 W 1399990372 -912150574 -227678080  
5965 sda 469405864 8192 W 1399990372 -912150574 -227678080  
5965 sda9 0 0 W 1399990372  
5965 sda9 0 0 W 1399990372  
pwrite: 5965 1399990372 10 2151997440 4096 -599357162  
5965 sda9 31089264 4096 W 1399990372 -599357162  
5965 sda 469412464 4096 W 1399990372 -599357162  
5965 sda9 0 0 W 1399990372  
5965 sda9 0 0 W 1399990372  
pwrite: 5965 1399990372 10 2160427008 4096 -1278849018  
5965 sda9 31105728 4096 W 1399990372 -1278849018  
5965 sda 469428928 4096 W 1399990372 -1278849018  
5965 sda9 0 0 W 1399990372  
5965 sda9 0 0 W 1399990372  
pwrite: 5965 1399990372 10 2161192960 4096 -400910532  
5965 sda9 31107224 4096 W 1399990372 -400910532  
5965 sda 469430424 4096 W 1399990372 -400910532  
5965 sda9 0 0 W 1399990372  
5965 sda9 0 0 W 1399990372  
pwrite: 5965 1399990372 10 2161389568 4096 1856510457  
5965 sda9 31107608 4096 W 1399990372 1856510457  
5965 sda 469430808 4096 W 1399990372 1856510457  
5965 sda9 0 0 W 1399990372  
5965 sda9 0 0 W 1399990372  
pwrite: 5965 1399990372 10 2161623040 4096 1394633297  
5965 sda9 31108064 4096 W 1399990372 1394633297  
5965 sda 469431264 4096 W 1399990372 1394633297  
5965 sda9 0 0 W 1399990372  
5965 sda9 0 0 W 1399990372  
pwrite: 5965 1399990372 10 2162683904 4096 -488492176  
5965 sda9 31110136 4096 W 1399990372 -488492176  
5965 sda 469433336 4096 W 1399990372 -488492176  
5965 sda9 0 0 W 1399990372  
5965 sda9 0 0 W 1399990372  
pwrite: 5965 1399990372 10 2220244992 4096 841918439  
5965 sda9 31222560 4096 W 1399990372 841918439  
5965 sda 469545760 4096 W 1399990372 841918439  
5965 sda9 0 0 W 1399990372  
5965 sda9 0 0 W 1399990372  
pwrite: 5965 1399990372 10 2230603776 4096 1700419768  
5965 sda9 31242792 4096 W 1399990372 1700419768  
5965 sda 469565992 4096 W 1399990372 1700419768  
5965 sda9 0 0 W 1399990372  
5965 sda9 0 0 W 1399990372  
pwrite: 5965 1399990372 10 2424287232 4096 1001507954  
5965 sda9 31621080 4096 W 1399990372 1001507954  
5965 sda 469944280 4096 W 1399990372 1001507954  
5965 sda9 0 0 W 1399990372  
5965 sda9 0 0 W 1399990372  
pwrite: 5965 1399990372 10 3514056704 4096 -2133768545  
5965 sda9 34028064 4096 W 1399990372 -2133768545  
5965 sda 472351264 4096 W 1399990372 -2133768545  
5965 sda9 0 0 W 1399990372  
5965 sda9 0 0 W 1399990372  
pwrite: 5965 1399990372 10 3514138624 4096 162619972  
5965 sda9 34028224 4096 W 1399990372 162619972  
5965 sda 472351424 4096 W 1399990372 162619972  
5965 sda9 0 0 W 1399990372  
5965 sda9 0 0 W 1399990372  
5965 sda9 42371376 49152 W 1399990372 -912433472 91714289 548700714 1573549637 2064793317 -1882726048 2061851560 -503981649 1757441639 -726920919 -642234914 1318034626  
5965 sda 480694576 49152 W 1399990372 -912433472 91714289 548700714 1573549637 2064793317 -1882726048 2061851560 -503981649 1757441639 -726920919 -642234914 1318034626  
5965 sda9 0 0 W 1399990372  
5965 sda9 0 0 W 1399990372  
2020 sda9 46137688 4096 W 1399990372 -727347165  
2020 sda 484460888 4096 W 1399990372 -727347165  
2020 sda9 46142816 4096 W 1399990372 1396777457  
2020 sda 484466016 4096 W 1399990372 1396777457  
2020 sda9 46142952 4096 W 1399990372 630265303  
2020 sda 484466152 4096 W 1399990372 630265303  
pwrite: 5965 1399990372 10 3885305856 4096 -2055441003  
5965 sda9 34753160 4096 W 1399990372 -2055441003  
291 sda9 61348304 4096 W 1399990372 -478306816  
5965 sda 473076360 4096 W 1399990372 -2055441003  
291 sda 499671504 4096 W 1399990372 -478306816  
291 sda9 60303504 4096 W 1399990372 1089929581  
291 sda 498626704 4096 W 1399990372 1089929581  
291 sda9 56252144 4096 W 1399990372 428285393  
291 sda 494575344 4096 W 1399990372 428285393  
291 sda9 56252312 4096 W 1399990372 85881602  
291 sda 494575512 4096 W 1399990372 85881602  
291 sda9 222706904 4096 W 1399990372 -330913837  
291 sda 661030104 4096 W 1399990372 -330913837  
291 sda9 222706912 4096 W 1399990372 -423272877  
291 sda 661030112 4096 W 1399990372 -423272877  
291 sda9 222706920 4096 W 1399990372 781888985  
291 sda 661030120 4096 W 1399990372 781888985  
291 sda9 222706928 4096 W 1399990372 -342968820  
291 sda 661030128 4096 W 1399990372 -342968820  
291 sda9 222706936 4096 W 1399990372 1957509698  
291 sda 661030136 4096 W 1399990372 1957509698  
291 sda9 222706944 4096 W 1399990372 233429908  
291 sda 661030144 4096 W 1399990372 233429908  
291 sda9 222706952 4096 W 1399990372 359793440  
291 sda 661030152 4096 W 1399990372 359793440  
291 sda9 222706960 4096 W 1399990372 -281268510  
291 sda 661030160 4096 W 1399990372 -281268510  
291 sda9 222706968 4096 W 1399990372 -405126429  
291 sda 661030168 4096 W 1399990372 -405126429  
291 sda9 222706976 4096 W 1399990372 -276882694  
291 sda 661030176 4096 W 1399990372 -276882694  
291 sda9 222706984 4096 W 1399990372 -1203308987  
291 sda 661030184 4096 W 1399990372 -1203308987  
291 sda9 222706992 4096 W 1399990372 -1448785277  
291 sda 661030192 4096 W 1399990372 -1448785277  
291 sda9 222707000 4096 W 1399990372 -1729497462  
291 sda 661030200 4096 W 1399990372 -1729497462  
291 sda9 222707008 4096 W 1399990372 -263460302  
291 sda 661030208 4096 W 1399990372 -263460302  
291 sda9 222707016 4096 W 1399990372 -1961088024  
291 sda 661030216 4096 W 1399990372 -1961088024  
291 sda9 222707024 4096 W 1399990372 -1113923055  
291 sda 661030224 4096 W 1399990372 -1113923055  
291 sda9 222707032 4096 W 1399990372 1176684003  
291 sda 661030232 4096 W 1399990372 1176684003  
291 sda9 222707040 4096 W 1399990372 -1778923313  
291 sda 661030240 4096 W 1399990372 -1778923313  
291 sda9 222707048 4096 W 1399990372 1021507433  
291 sda 661030248 4096 W 1399990372 1021507433  
291 sda9 222707056 4096 W 1399990372 -1702416605  
291 sda 661030256 4096 W 1399990372 -1702416605  
291 sda9 222707064 4096 W 1399990372 -737677572  
291 sda 661030264 4096 W 1399990372 -737677572  
291 sda9 222707072 4096 W 1399990372 1852216358  
291 sda 661030272 4096 W 1399990372 1852216358  
291 sda9 222707080 4096 W 1399990372 -203166831  
291 sda 661030280 4096 W 1399990372 -203166831  
291 sda9 222707088 4096 W 1399990372 778589567  
5965 sda9 0 0 W 1399990372  
5965 sda9 0 0 W 1399990372  
291 sda 661030288 4096 W 1399990372 778589567  
291 sda9 222707096 4096 W 1399990372 976417739  
291 sda 661030296 4096 W 1399990372 976417739  
291 sda9 222707104 4096 W 1399990372 737581819  
291 sda 661030304 4096 W 1399990372 737581819  
291 sda9 222707112 4096 W 1399990372 -554043716  
291 sda 661030312 4096 W 1399990372 -554043716  
291 sda9 222707120 4096 W 1399990372 1292506560  
291 sda 661030320 4096 W 1399990372 1292506560  
291 sda9 222707128 4096 W 1399990372 1189840295  
291 sda 661030328 4096 W 1399990372 1189840295  
291 sda9 222707136 4096 W 1399990372 2045240190  
291 sda 661030336 4096 W 1399990372 2045240190  
291 sda9 222707144 4096 W 1399990372 -1611944845  
5965 sda9 42371472 8192 W 1399990372 -744596803 181428040  
291 sda 661030344 4096 W 1399990372 -1611944845  
5965 sda 480694672 8192 W 1399990372 -744596803 181428040  
5965 sda9 0 0 W 1399990372  
5965 sda9 0 0 W 1399990372  
5965 sda9 42371488 73728 W 1399990372 1796103873 -730538882 2059519556 -694381877 -610655300 1270095984 -1945259496 -1772817773 792042872 -2118819727 204976764 -926580192 -720884802 85013524 -922309182 1010874005 49408893 -1088499996  
5965 sda 480694688 73728 W 1399990372 1796103873 -730538882 2059519556 -694381877 -610655300 1270095984 -1945259496 -1772817773 792042872 -2118819727 204976764 -926580192 -720884802 85013524 -922309182 1010874005 49408893 -1088499996  
5965 sda9 0 0 W 1399990372  
5965 sda9 0 0 W 1399990372  
pwrite: 5965 1399990372 10 7517528064 4096 -341529469  
5965 sda9 42371632 4096 W 1399990372 -341529469  
5965 sda 480694832 4096 W 1399990372 -341529469  
5965 sda9 0 0 W 1399990372  
5965 sda9 0 0 W 1399990372  
pwrite: 5965 1399990372 10 3885309952 4096 -2055441003  
5965 sda9 34753168 4096 W 1399990372 -2055441003  
5965 sda 473076368 4096 W 1399990372 -2055441003  
5965 sda9 0 0 W 1399990372  
5965 sda9 0 0 W 1399990372  
pwrite: 5965 1399990372 10 3885314048 4096 -2055441003  
5965 sda9 34753176 4096 W 1399990372 -2055441003  
5965 sda 473076376 4096 W 1399990372 -2055441003  
5965 sda9 0 0 W 1399990372  
5965 sda9 0 0 W 1399990372  
pwrite: 5965 1399990372 10 3885318144 4096 -2055441003  
5965 sda9 34753184 4096 W 1399990372 -2055441003  
5965 sda 473076384 4096 W 1399990372 -2055441003  
5965 sda9 0 0 W 1399990372  
5965 sda9 0 0 W 1399990372  
pwrite: 5965 1399990372 10 3885322240 4096 -2055441003  
5965 sda9 34753192 4096 W 1399990372 -2055441003  
5965 sda 473076392 4096 W 1399990372 -2055441003  
5965 sda9 0 0 W 1399990372  
5965 sda9 0 0 W 1399990372  
pwrite: 5965 1399990372 10 7517532160 4096 1891940057  
5965 sda9 42371640 4096 W 1399990372 1891940057  
5965 sda 480694840 4096 W 1399990372 1891940057  
5965 sda9 0 0 W 1399990372  
5965 sda9 0 0 W 1399990372  
pwrite: 5965 1399990372 10 7517536256 4096 1322089079  
5965 sda9 42371648 4096 W 1399990372 1322089079  
5965 sda 480694848 4096 W 1399990372 1322089079  
5965 sda9 0 0 W 1399990372  
5965 sda9 0 0 W 1399990372  
pwrite: 5965 1399990372 10 3885326336 4096 -2055441003  
5965 sda9 34753200 4096 W 1399990372 -2055441003  
5965 sda 473076400 4096 W 1399990372 -2055441003  
5965 sda9 0 0 W 1399990372  
5965 sda9 0 0 W 1399990372  
pwrite: 5965 1399990372 10 3885330432 4096 -2055441003  
5965 sda9 34753208 4096 W 1399990372 -2055441003  
5965 sda 473076408 4096 W 1399990372 -2055441003  
5965 sda9 0 0 W 1399990372  
5965 sda9 0 0 W 1399990372  
pwrite: 5965 1399990372 10 3885334528 4096 847961438  
5965 sda9 34753216 4096 W 1399990372 847961438  
5965 sda 473076416 4096 W 1399990372 847961438  
5965 sda9 0 0 W 1399990372  
5965 sda9 0 0 W 1399990372  
pwrite: 5965 1399990372 10 3885338624 4096 847961438  
5965 sda9 34753224 4096 W 1399990372 847961438  
5965 sda 473076424 4096 W 1399990372 847961438  
5965 sda9 0 0 W 1399990372  
5965 sda9 0 0 W 1399990372  
pwrite: 5965 1399990372 10 3885342720 4096 847961438  
5965 sda9 34753232 4096 W 1399990372 847961438  
5965 sda 473076432 4096 W 1399990372 847961438  
5965 sda9 0 0 W 1399990372  
5965 sda9 0 0 W 1399990372  
pwrite: 5965 1399990372 10 3885346816 4096 847961438  
5965 sda9 34753240 4096 W 1399990372 847961438  
5965 sda 473076440 4096 W 1399990372 847961438  
5965 sda9 0 0 W 1399990372  
5965 sda9 0 0 W 1399990372  
pwrite: 5965 1399990372 10 3885350912 4096 847961438  
5965 sda9 34753248 4096 W 1399990372 847961438  
5965 sda 473076448 4096 W 1399990372 847961438  
5965 sda9 0 0 W 1399990372  
5965 sda9 0 0 W 1399990372  
pwrite: 5965 1399990372 10 3885355008 4096 847961438  
5965 sda9 34753256 4096 W 1399990372 847961438  
5965 sda 473076456 4096 W 1399990372 847961438  
5965 sda9 0 0 W 1399990372  
5965 sda9 0 0 W 1399990372  
pwrite: 5965 1399990372 10 3885359104 4096 847961438  
5965 sda9 34753264 4096 W 1399990372 847961438  
5965 sda 473076464 4096 W 1399990372 847961438  
5965 sda9 0 0 W 1399990372  
5965 sda9 0 0 W 1399990372  
pwrite: 5965 1399990372 10 3885363200 4096 847961438  
5965 sda9 34753272 4096 W 1399990372 847961438  
5965 sda 473076472 4096 W 1399990372 847961438  
5965 sda9 0 0 W 1399990372  
5965 sda9 0 0 W 1399990372  
pwrite: 5965 1399990372 10 3885367296 4096 847961438  
5965 sda9 34753280 4096 W 1399990372 847961438  
5965 sda 473076480 4096 W 1399990372 847961438  
5965 sda9 0 0 W 1399990372  
5965 sda9 0 0 W 1399990372  
pwrite: 5965 1399990372 10 3885371392 4096 847961438  
5965 sda9 34753288 4096 W 1399990372 847961438  
5965 sda 473076488 4096 W 1399990372 847961438  
5965 sda9 0 0 W 1399990372  
5965 sda9 0 0 W 1399990372  
2056 sda9 56530224 12288 W 1399990372 251301125 863634953 -1344274192  
2056 sda 494853424 12288 W 1399990372 251301125 863634953 -1344274192  
5965 sda9 34753296 12288 W 1399990372 890229666 -276273269 1731823175  
5965 sda 473076496 12288 W 1399990372 890229666 -276273269 1731823175  
5965 sda9 0 0 W 1399990372  
5965 sda9 0 0 W 1399990372  
pwrite: 5965 1399990377 10 1888149504 4096 -141961344  
5965 sda9 30573936 4096 W 1399990377 -141961344  
291 sda9 61348304 4096 W 1399990377 472657598  
5965 sda 468897136 4096 W 1399990377 -141961344  
291 sda 499671504 4096 W 1399990377 472657598  
291 sda9 60303504 4096 W 1399990377 -2106514500  
291 sda 498626704 4096 W 1399990377 -2106514500  
291 sda9 56530240 4096 W 1399990377 1672846893  
291 sda 494853440 4096 W 1399990377 1672846893  
291 sda9 222707152 4096 W 1399990377 -479141648  
291 sda 661030352 4096 W 1399990377 -479141648  
291 sda9 222707160 4096 W 1399990377 -25238872  
291 sda 661030360 4096 W 1399990377 -25238872  
5965 sda9 0 0 W 1399990377  
5965 sda9 0 0 W 1399990377  
291 sda9 222707168 4096 W 1399990377 780278559  
291 sda 661030368 4096 W 1399990377 780278559  
291 sda9 222707176 4096 W 1399990377 -1336778015  
291 sda 661030376 4096 W 1399990377 -1336778015  
291 sda9 222707184 4096 W 1399990377 1866079955  
291 sda 661030384 4096 W 1399990377 1866079955  
291 sda9 222707192 4096 W 1399990377 125658094  
291 sda 661030392 4096 W 1399990377 125658094  
291 sda9 222707200 4096 W 1399990377 1615065767  
291 sda 661030400 4096 W 1399990377 1615065767  
291 sda9 222707208 4096 W 1399990377 -1546342935  
291 sda 661030408 4096 W 1399990377 -1546342935  
pwrite: 5965 1399990377 10 66129920 4096 505481400  
5965 sda9 26261640 4096 W 1399990377 505481400  
5965 sda 464584840 4096 W 1399990377 505481400  
5965 sda9 0 0 W 1399990377  
5965 sda9 0 0 W 1399990377  
pwrite: 5965 1399990377 10 3514077184 4096 276221225  
5965 sda9 34028104 4096 W 1399990377 276221225  
5965 sda 472351304 4096 W 1399990377 276221225  
5965 sda9 0 0 W 1399990377  
5965 sda9 0 0 W 1399990377  
pwrite: 5965 1399990377 10 3514138624 4096 1347059686  
5965 sda9 34028224 4096 W 1399990377 1347059686  
5965 sda 472351424 4096 W 1399990377 1347059686  
5965 sda9 0 0 W 1399990377  
5965 sda9 0 0 W 1399990377  
pwrite: 5965 1399990377 10 3514056704 4096 1837109685  
5965 sda9 34028064 4096 W 1399990377 1837109685  
5965 sda 472351264 4096 W 1399990377 1837109685  
5965 sda9 0 0 W 1399990377  
5965 sda9 0 0 W 1399990377  
5965 sda9 31378840 98304 W 1399990377 874894841 -502577848 730462384 66737816 -507904519 -532308696 -1323824382 315490875 -751209190 418723621 -34117229 -325846255 1393031667 225400603 -1824849294 -1970681459 -1 -1910910701 -1 -635518720 -1496986466 1613313638 -1819536840 1648173172  
5965 sda 469702040 98304 W 1399990377 874894841 -502577848 730462384 66737816 -507904519 -532308696 -1323824382 315490875 -751209190 418723621 -34117229 -325846255 1393031667 225400603 -1824849294 -1970681459 -1 -1910910701 -1 -635518720 -1496986466 1613313638 -1819536840 1648173172  
5965 sda9 0 0 W 1399990377  
5965 sda9 0 0 W 1399990377  
pwrite: 5965 1399990377 10 2300358656 4096 -1396983828  
5965 sda9 31379032 4096 W 1399990377 -1396983828  
5965 sda 469702232 4096 W 1399990377 -1396983828  
5965 sda9 0 0 W 1399990377  
5965 sda9 0 0 W 1399990377  
5965 sdb2 563506656 4096 W 1399990378 -1076309982  
5965 sdb 563916296 4096 W 1399990378 -1076309982  
5965 sdb2 563506664 4096 W 1399990378 1684556494  
5965 sdb 563916304 4096 W 1399990378 1684556494  
5965 sdb2 563506672 4096 W 1399990378 -77516492  
5965 sdb 563916312 4096 W 1399990378 -77516492  
5965 sdb2 563506680 4096 W 1399990378 860271930  
5965 sdb 563916320 4096 W 1399990378 860271930  
5965 sdb2 563506688 4096 W 1399990378 1119324208  
5965 sdb 563916328 4096 W 1399990378 1119324208  
5965 sdb2 0 0 W 1399990378  
pwrite: 5965 1399990378 13 53821431808 4096 -1761247485  
5965 sdb2 563506696 4096 W 1399990378 -1761247485  
5965 sdb 563916336 4096 W 1399990378 -1761247485  
5965 sdb2 0 0 W 1399990378  
291 sda9 60303504 4096 W 1399990382 -2922073  
291 sda 498626704 4096 W 1399990382 -2922073  
291 sda9 56530240 4096 W 1399990382 1133255410  
291 sda 494853440 4096 W 1399990382 1133255410  
291 sda9 222707216 4096 W 1399990382 -1766040392  
291 sda 661030416 4096 W 1399990382 -1766040392  
291 sda9 222707224 4096 W 1399990382 -1088587050  
291 sda 661030424 4096 W 1399990382 -1088587050  
291 sda9 222707232 4096 W 1399990382 -1281171063  
291 sda 661030432 4096 W 1399990382 -1281171063  
291 sda9 222707240 4096 W 1399990382 -1495680726  
291 sda 661030440 4096 W 1399990382 -1495680726  
291 sda9 222707248 4096 W 1399990382 -198759626  
291 sda 661030448 4096 W 1399990382 -198759626  
5965 sda9 31379040 8192 W 1399990383 -837212294 -1846548139  
5965 sda 469702240 8192 W 1399990383 -837212294 -1846548139  
5965 sda9 0 0 W 1399990383  
5965 sda9 0 0 W 1399990383  
pwrite: 5965 1399990383 10 2300370944 4096 448248247  
5965 sda9 31379056 4096 W 1399990383 448248247  
5965 sda 469702256 4096 W 1399990383 448248247  
5965 sda9 0 0 W 1399990383  
5965 sda9 0 0 W 1399990383  
4565 sdb2 487068512 4096 W 1399990383 245410034  
4565 sdb 487478152 4096 W 1399990383 245410034  
4565 sdb2 487068520 4096 W 1399990383 2103795160  
4565 sdb 487478160 4096 W 1399990383 2103795160  
4565 sdb2 487068528 4096 W 1399990383 -1952751312  
4565 sdb 487478168 4096 W 1399990383 -1952751312  
291 sda9 222707256 4096 W 1399990388 616853561  
291 sda 661030456 4096 W 1399990388 616853561  
291 sda9 222707264 4096 W 1399990388 1762960789  
291 sda 661030464 4096 W 1399990388 1762960789  
291 sda9 222707272 4096 W 1399990388 -1765782939  
291 sda 661030472 4096 W 1399990388 -1765782939  
291 sda9 222707280 4096 W 1399990388 -1761042640  
291 sda 661030480 4096 W 1399990388 -1761042640  
5965 sda9 31379064 8192 W 1399990389 -1323111044 -1082118437  
5965 sda 469702264 8192 W 1399990389 -1323111044 -1082118437  
5965 sda9 0 0 W 1399990389  
5965 sda9 0 0 W 1399990389  
pwrite: 5965 1399990389 10 2300383232 4096 1577768792  
5965 sda9 31379080 4096 W 1399990389 1577768792  
5965 sda 469702280 4096 W 1399990389 1577768792  
5965 sda9 0 0 W 1399990389  
5965 sda9 0 0 W 1399990389  
291 sda9 222707288 4096 W 1399990394 1857035182  
291 sda 661030488 4096 W 1399990394 1857035182  
291 sda9 222707296 4096 W 1399990394 1002658633  
291 sda 661030496 4096 W 1399990394 1002658633  
291 sda9 222707304 4096 W 1399990394 995771714  
291 sda 661030504 4096 W 1399990394 995771714  
291 sda9 222707312 4096 W 1399990394 989815747  
291 sda 661030512 4096 W 1399990394 989815747  
291 sda9 222707320 4096 W 1399990394 1453367617  
291 sda 661030520 4096 W 1399990394 1453367617  
291 sda9 222707328 4096 W 1399990394 1360503985  
291 sda 661030528 4096 W 1399990394 1360503985  
5965 sda9 31379088 8192 W 1399990395 -374264439 2052807083  
5965 sda 469702288 8192 W 1399990395 -374264439 2052807083  
5965 sda9 0 0 W 1399990395  
5965 sda9 0 0 W 1399990395  
pwrite: 5965 1399990395 10 2300395520 4096 393697757  
5965 sda9 31379104 4096 W 1399990395 393697757  
5965 sda 469702304 4096 W 1399990395 393697757  
5965 sda9 0 0 W 1399990395  
5965 sda9 0 0 W 1399990395  
291 sda9 222707336 4096 W 1399990400 269072393  
291 sda 661030536 4096 W 1399990400 269072393  
291 sda9 222707344 4096 W 1399990400 -565522551  
291 sda 661030544 4096 W 1399990400 -565522551  
291 sda9 222707352 4096 W 1399990400 983386098  
291 sda 661030552 4096 W 1399990400 983386098  
291 sda9 222707360 4096 W 1399990400 -507894758  
291 sda 661030560 4096 W 1399990400 -507894758  
291 sda9 222707368 4096 W 1399990400 -1038531369  
291 sda 661030568 4096 W 1399990400 -1038531369  
5965 sda9 31379112 8192 W 1399990401 -1769281649 -1662348747  
5965 sda 469702312 8192 W 1399990401 -1769281649 -1662348747  
5965 sda9 0 0 W 1399990401  
5965 sda9 0 0 W 1399990401  
pwrite: 5965 1399990401 10 2300407808 4096 197975433  
5965 sda9 31379128 4096 W 1399990401 197975433  
5965 sda 469702328 4096 W 1399990401 197975433  
5965 sda9 0 0 W 1399990401  
5965 sda9 0 0 W 1399990401  
2020 sda9 172431680 69632 W 1399990402 -1679835867 -1713917293 475882227 -1040577276 -1596263212 2035276340 2000302599 718140347 -669756546 -47950433 1490923777 1569899972 2047752509 1147246512 743679613 -1525155789 -742938814  
2020 sda 610754880 69632 W 1399990402 -1679835867 -1713917293 475882227 -1040577276 -1596263212 2035276340 2000302599 718140347 -669756546 -47950433 1490923777 1569899972 2047752509 1147246512 743679613 -1525155789 -742938814  
2020 sda9 172424192 524288 W 1399990402 -1928432130 -416043198 -1465247226 330886911 -1604941933 -506523876 -146540748 1931968304 1942666147 -51809756 1705015660 706229609 1496945176 1963488081 1224098593 327344205 -670570383 -2098798615 -487823301 553199050 -1183328672 -1452498768 859821875 866993787 -1758717970 356831479 2045956584 -655253611 -1248499402 -1305994667 59858198 1232780789 605107091 -18901193 -564574287 2014455411 925140337 876394628 625283981 797460088 2098139245 1774799280 1957793125 2144502218 -551178778 1420976012 876701585 -1 
2020 sda 610747392 524288 W 1399990402 -1928432130 -416043198 -1465247226 330886911 -1604941933 -506523876 -146540748 1931968304 1942666147 -51809756 1705015660 706229609 1496945176 1963488081 1224098593 327344205 -670570383 -2098798615 -487823301 553199050 -1183328672 -1452498768 859821875 866993787 -1758717970 356831479 2045956584 -655253611 -1248499402 -1305994667 59858198 1232780789 605107091 -18901193 -564574287 2014455411 925140337 876394628 625283981 797460088 2098139245 1774799280 1957793125 2144502218 -551178778 1420976012 876701585 -1 
2020 sda9 172425216 122880 W 1399990402 662245835 525088504 -551549362 1825295899 1445063970 -1063101951 359586306 1839455521 465048173 -1266353281 -219811442 282298181 -1381419054 1726306494 -1503115155 -219982486 -46177562 546018820 593404852 1055444811 548721889 122620189 2115854243 1918626792 1990117697 521818146 1910101950 -402084072 -694791929 -2079055943  
2020 sda 610748416 122880 W 1399990402 662245835 525088504 -551549362 1825295899 1445063970 -1063101951 359586306 1839455521 465048173 -1266353281 -219811442 282298181 -1381419054 1726306494 -1503115155 -219982486 -46177562 546018820 593404852 1055444811 548721889 122620189 2115854243 1918626792 1990117697 521818146 1910101950 -402084072 -694791929 -2079055943  
2020 sda9 56530248 8192 W 1399990402 -428925062 936303286  
2020 sda 494853448 8192 W 1399990402 -428925062 936303286  
5965 sdb2 243213968 4096 W 1399990402 -1176859371  
5965 sdb 243623608 4096 W 1399990402 -1176859371  
5965 sdb2 243213976 4096 W 1399990402 1847192734  
5965 sdb 243623616 4096 W 1399990402 1847192734  
5965 sdb2 243213984 4096 W 1399990402 1935111476  
5965 sdb 243623624 4096 W 1399990402 1935111476  
5965 sdb2 243213992 4096 W 1399990402 -58284484  
5965 sdb 243623632 4096 W 1399990402 -58284484  
5965 sdb2 243214000 4096 W 1399990402 -2012116239  
5965 sdb 243623640 4096 W 1399990402 -2012116239  
5965 sdb2 243214008 4096 W 1399990402 1382029641  
5965 sdb 243623648 4096 W 1399990402 1382029641  
5965 sdb2 243214016 4096 W 1399990402 -304201073  
5965 sdb 243623656 4096 W 1399990402 -304201073  
5965 sdb2 243214024 4096 W 1399990402 19047933  
5965 sdb 243623664 4096 W 1399990402 19047933  
5965 sdb2 243214032 4096 W 1399990402 1255857009  
5965 sdb 243623672 4096 W 1399990402 1255857009  
5965 sdb2 243214040 4096 W 1399990402 852175458  
5965 sdb 243623680 4096 W 1399990402 852175458  
5965 sdb2 243214048 4096 W 1399990402 472368174  
5965 sdb 243623688 4096 W 1399990402 472368174  
5965 sdb2 243214056 4096 W 1399990402 -1999462140  
5965 sdb 243623696 4096 W 1399990402 -1999462140  
5965 sdb2 243214064 4096 W 1399990402 293251720  
5965 sdb 243623704 4096 W 1399990402 293251720  
5965 sdb2 243214072 4096 W 1399990402 -145539828  
5965 sdb 243623712 4096 W 1399990402 -145539828  
5965 sdb2 243214080 4096 W 1399990402 1760841006  
5965 sdb 243623720 4096 W 1399990402 1760841006  
5965 sdb2 243214088 4096 W 1399990402 -1373112015  
5965 sdb 243623728 4096 W 1399990402 -1373112015  
5965 sdb2 243214096 4096 W 1399990402 -296901966  
5965 sdb 243623736 4096 W 1399990402 -296901966  
5965 sdb2 243214104 4096 W 1399990402 46261305  
5965 sdb 243623744 4096 W 1399990402 46261305  
5965 sdb2 243214112 4096 W 1399990402 1348273070  
5965 sdb 243623752 4096 W 1399990402 1348273070  
5965 sdb2 243214120 4096 W 1399990402 1233187298  
5965 sdb 243623760 4096 W 1399990402 1233187298  
5965 sdb2 243214128 4096 W 1399990402 -129737113  
5965 sdb 243623768 4096 W 1399990402 -129737113  
5965 sdb2 243214136 4096 W 1399990402 1783918013  
5965 sdb 243623776 4096 W 1399990402 1783918013  
5965 sdb2 243214144 4096 W 1399990402 238564264  
5965 sdb 243623784 4096 W 1399990402 238564264  
5965 sdb2 243214152 4096 W 1399990402 392155756  
5965 sdb 243623792 4096 W 1399990402 392155756  
5965 sdb2 243214160 4096 W 1399990402 -1614568695  
5965 sdb 243623800 4096 W 1399990402 -1614568695  
5965 sdb2 0 0 W 1399990403  
291 sda9 56530256 4096 W 1399990406 -378652033  
291 sda 494853456 4096 W 1399990406 -378652033  
291 sda9 222707376 4096 W 1399990406 -715648171  
291 sda 661030576 4096 W 1399990406 -715648171  
291 sda9 222707384 4096 W 1399990406 1011875968  
291 sda 661030584 4096 W 1399990406 1011875968  
291 sda9 222707392 4096 W 1399990406 1351586813  
291 sda 661030592 4096 W 1399990406 1351586813  
291 sda9 222707400 4096 W 1399990406 -1994963035  
291 sda 661030600 4096 W 1399990406 -1994963035  
291 sda9 222707408 4096 W 1399990406 -114913914  
291 sda 661030608 4096 W 1399990406 -114913914  
291 sda9 222707416 4096 W 1399990406 -982199420  
291 sda 661030616 4096 W 1399990406 -982199420  
291 sda9 222707424 4096 W 1399990406 -1483277309  
291 sda 661030624 4096 W 1399990406 -1483277309  
291 sda9 222707432 4096 W 1399990406 -1550833978  
291 sda 661030632 4096 W 1399990406 -1550833978  
291 sda9 222707440 4096 W 1399990406 1330146149  
291 sda 661030640 4096 W 1399990406 1330146149  
291 sda9 222707448 4096 W 1399990406 -2004523074  
291 sda 661030648 4096 W 1399990406 -2004523074  
291 sda9 222707456 4096 W 1399990406 2097046919  
291 sda 661030656 4096 W 1399990406 2097046919  
2020 sda9 0 4096 W 1399990407 -1702416605  
2020 sda 438323200 4096 W 1399990407 -1702416605  
2020 sda9 16 4096 W 1399990407 -2004523074  
2020 sda 438323216 4096 W 1399990407 -2004523074  
2020 sda9 48 4096 W 1399990407 -982199420  
2020 sda 438323248 4096 W 1399990407 -982199420  
2020 sda9 46137480 4096 W 1399990407 -423272877  
2020 sda 484460680 4096 W 1399990407 -423272877  
2020 sda9 46137600 4096 W 1399990407 1957509698  
2020 sda 484460800 4096 W 1399990407 1957509698  
2020 sda9 46142816 4096 W 1399990407 -507894758  
2020 sda 484466016 4096 W 1399990407 -507894758  
2020 sda9 46142952 4096 W 1399990407 989815747  
2020 sda 484466152 4096 W 1399990407 989815747  
2020 sda9 46143080 4096 W 1399990407 -342968820  
2020 sda 484466280 4096 W 1399990407 -342968820  
2020 sda9 46143088 4096 W 1399990407 -1994963035  
2020 sda 484466288 4096 W 1399990407 -1994963035  
2020 sda9 46143096 4096 W 1399990407 -276882694  
2020 sda 484466296 4096 W 1399990407 -276882694  
2020 sda9 46204824 4096 W 1399990407 -281268510  
2020 sda 484528024 4096 W 1399990407 -281268510  
2020 sda9 46209168 4096 W 1399990407 233429908  
2020 sda 484532368 4096 W 1399990407 233429908  
2020 sda9 46209176 4096 W 1399990407 -405126429  
2020 sda 484532376 4096 W 1399990407 -405126429  
2020 sda9 54526000 4096 W 1399990407 1852216358  
2020 sda 492849200 4096 W 1399990407 1852216358  
2020 sda9 54526008 4096 W 1399990407 1330146149  
2020 sda 492849208 4096 W 1399990407 1330146149  
2020 sda9 58720304 4096 W 1399990407 -554043716  
2020 sda 497043504 4096 W 1399990407 -554043716  
2020 sda9 104858696 4096 W 1399990407 -1495680726  
2020 sda 543181896 4096 W 1399990407 -1495680726  
2020 sda9 104860592 4096 W 1399990407 1615065767  
2020 sda 543183792 4096 W 1399990407 1615065767  
2020 sda9 117440768 4096 W 1399990407 -1113923055  
2020 sda 555763968 4096 W 1399990407 -1113923055  
2020 sda9 117442288 4096 W 1399990407 -1778923313  
2020 sda 555765488 4096 W 1399990407 -1778923313  
2020 sda9 117447976 4096 W 1399990407 1021507433  
2020 sda 555771176 4096 W 1399990407 1021507433  
2020 sda9 117506304 4096 W 1399990407 1176684003  
2020 sda 555829504 4096 W 1399990407 1176684003  
2020 sda9 142607872 4096 W 1399990407 1351586813  
2020 sda 580931072 4096 W 1399990407 1351586813  
2020 sda9 155192480 4096 W 1399990407 -737677572  
2020 sda 593515680 4096 W 1399990407 -737677572  
2020 sda9 163581496 4096 W 1399990407 778589567  
2020 sda 601904696 4096 W 1399990407 778589567  
2020 sda9 171966464 4096 W 1399990407 -263460302  
2020 sda 610289664 4096 W 1399990407 -263460302  
2020 sda9 171966472 4096 W 1399990407 -114913914  
2020 sda 610289672 4096 W 1399990407 -114913914  
2020 sda9 171966592 4096 W 1399990407 -1203308987  
2020 sda 610289792 4096 W 1399990407 -1203308987  
2020 sda9 171970432 4096 W 1399990407 -1483277309  
2020 sda 610293632 4096 W 1399990407 -1483277309  
2020 sda9 171970440 4096 W 1399990407 -1550833978  
2020 sda 610293640 4096 W 1399990407 -1550833978  
2020 sda9 172041176 4096 W 1399990407 -1961088024  
2020 sda 610364376 4096 W 1399990407 -1961088024  
pwrite: 5965 1399990407 10 3885387776 4096 -820448580  
5965 sda9 34753320 4096 W 1399990407 -820448580  
5965 sda 473076520 4096 W 1399990407 -820448580  
5965 sda9 0 0 W 1399990407  
5965 sda9 0 0 W 1399990407  
5965 sda9 31379136 20480 W 1399990407 1972676393 1258599122 1943853272 221387036 567292624  
5965 sda 469702336 20480 W 1399990407 1972676393 1258599122 1943853272 221387036 567292624  
5965 sda9 0 0 W 1399990407  
5965 sda9 0 0 W 1399990407  
pwrite: 5965 1399990407 10 2300432384 4096 893127229  
5965 sda9 31379176 4096 W 1399990407 893127229  
5965 sda 469702376 4096 W 1399990407 893127229  
5965 sda9 0 0 W 1399990407  
5965 sda9 0 0 W 1399990407  
pwrite: 5965 1399990407 10 3885391872 4096 668256778  
5965 sda9 34753328 4096 W 1399990407 668256778  
5965 sda 473076528 4096 W 1399990407 668256778  
5965 sda9 0 0 W 1399990407  
5965 sda9 0 0 W 1399990407  
5965 sda9 27462656 61440 W 1399990407 -1679835867 -52238922 -1162110580 993713324 -365700792 -1540099701 2033658881 1890673703 1437927343 -8549780 1481608153 1772381990 1012659504 916367695 1437918476  
5965 sda 465785856 61440 W 1399990407 -1679835867 -52238922 -1162110580 993713324 -365700792 -1540099701 2033658881 1890673703 1437927343 -8549780 1481608153 1772381990 1012659504 916367695 1437918476  
5965 sda9 0 0 W 1399990407  
5965 sda9 0 0 W 1399990407  
5965 sda9 28519208 524288 W 1399990407 793549353 -129963668 -914982651 -322311483 1356545804 778652293 -1706785216 -1675383891 -801469215 369719956 -1483777856 -1916024074 -1138776013 -1044683611 568383392 -836857486 52755478 1793203569 378314134 -4181150 1117572156 1625339199 -1595602996 376193798 1303389850 -1571140771 1710631308 -1813720787 254945520 1059689305 -608728347 1465641445 758938132 -1072757535 -2038356065 -775903379 1544927247 -618468567 -817227712 -228509647 1303057934 1783910241 217105651 326931699 -55014287 1808973728 154266735 
5965 sda 466842408 524288 W 1399990407 793549353 -129963668 -914982651 -322311483 1356545804 778652293 -1706785216 -1675383891 -801469215 369719956 -1483777856 -1916024074 -1138776013 -1044683611 568383392 -836857486 52755478 1793203569 378314134 -4181150 1117572156 1625339199 -1595602996 376193798 1303389850 -1571140771 1710631308 -1813720787 254945520 1059689305 -608728347 1465641445 758938132 -1072757535 -2038356065 -775903379 1544927247 -618468567 -817227712 -228509647 1303057934 1783910241 217105651 326931699 -55014287 1808973728 154266735 
5965 sda9 0 0 W 1399990407  
5965 sda9 0 0 W 1399990407  
5965 sda9 28520232 110592 W 1399990407 1679979570 -658200854 -1119281916 283376613 1714043619 1287046883 -728202767 696919484 -1115565488 -524434948 1023868746 -1157358273 1192666524 1979915982 -559811061 -1013338000 -1373971696 1944514345 -1979351167 -1622655032 -395719350 108577377 1822074274 -259747424 -1680987273 -1738227608 -624103804  
5965 sda 466843432 110592 W 1399990407 1679979570 -658200854 -1119281916 283376613 1714043619 1287046883 -728202767 696919484 -1115565488 -524434948 1023868746 -1157358273 1192666524 1979915982 -559811061 -1013338000 -1373971696 1944514345 -1979351167 -1622655032 -395719350 108577377 1822074274 -259747424 -1680987273 -1738227608 -624103804  
5965 sda9 0 0 W 1399990407  
5965 sda9 0 0 W 1399990407  
5965 sda9 34753336 8192 W 1399990407 1200184002 1710411902  
5965 sda 473076536 8192 W 1399990407 1200184002 1710411902  
5965 sda9 0 0 W 1399990407  
5965 sda9 0 0 W 1399990407  
pwrite: 5965 1399990407 10 66134016 4096 -1470132397  
5965 sda9 26261648 4096 W 1399990407 -1470132397  
5965 sda 464584848 4096 W 1399990407 -1470132397  
5965 sda9 0 0 W 1399990407  
5965 sda9 0 0 W 1399990407  
4565 sdb2 487068536 4096 W 1399990407 1906008820  
4565 sdb 487478176 4096 W 1399990407 1906008820  
4565 sdb2 487068544 4096 W 1399990407 1062892252  
4565 sdb 487478184 4096 W 1399990407 1062892252  
4565 sdb2 487068552 4096 W 1399990407 -190797002  
4565 sdb 487478192 4096 W 1399990407 -190797002  
5965 sdb2 563506704 4096 W 1399990408 1560344220  
5965 sdb 563916344 4096 W 1399990408 1560344220  
5965 sdb2 563506712 4096 W 1399990408 -1126414098  
5965 sdb 563916352 4096 W 1399990408 -1126414098  
5965 sdb2 563506720 4096 W 1399990408 1912375441  
5965 sdb 563916360 4096 W 1399990408 1912375441  
5965 sdb2 563506728 4096 W 1399990408 -1612556655  
5965 sdb 563916368 4096 W 1399990408 -1612556655  
5965 sdb2 0 0 W 1399990408  
pwrite: 5965 1399990408 13 53821452288 4096 -567879541  
5965 sdb2 563506736 4096 W 1399990408 -567879541  
5965 sdb 563916376 4096 W 1399990408 -567879541  
5965 sdb2 0 0 W 1399990408  
pwrite: 5965 1399990412 10 3885400064 4096 1756826748  
5965 sda9 34753344 4096 W 1399990412 1756826748  
291 sda9 222707464 4096 W 1399990412 158595329  
5965 sda 473076544 4096 W 1399990412 1756826748  
291 sda 661030664 4096 W 1399990412 158595329  
291 sda9 222707472 4096 W 1399990412 44165604  
291 sda 661030672 4096 W 1399990412 44165604  
291 sda9 222707480 4096 W 1399990412 -1582152327  
291 sda 661030680 4096 W 1399990412 -1582152327  
5965 sda9 0 0 W 1399990412  
5965 sda9 0 0 W 1399990412  
291 sda9 222707488 4096 W 1399990412 -1580845484  
291 sda 661030688 4096 W 1399990412 -1580845484  
5965 sda9 31379184 45056 W 1399990412 -932692355 1333417861 -1842632433 -327420091 -1473301877 -647741313 1376303821 -1601127532 685541941 1893583028 988833669  
5965 sda 469702384 45056 W 1399990412 -932692355 1333417861 -1842632433 -327420091 -1473301877 -647741313 1376303821 -1601127532 685541941 1893583028 988833669  
5965 sda9 0 0 W 1399990412  
5965 sda9 0 0 W 1399990412  
pwrite: 5965 1399990412 10 1048576 4096 -34117229  
5965 sda9 26118144 4096 W 1399990412 -34117229  
5965 sda 464441344 4096 W 1399990412 -34117229  
5965 sda9 0 0 W 1399990412  
5965 sda9 0 0 W 1399990412  
pwrite: 5965 1399990412 10 2953216 4096 -1  
5965 sda9 26121864 4096 W 1399990412 -1  
5965 sda 464445064 4096 W 1399990412 -1  
5965 sda9 0 0 W 1399990412  
5965 sda9 0 0 W 1399990412  
5965 sda9 26121896 8192 W 1399990412 -1 66737816  
5965 sda 464445096 8192 W 1399990412 -1 66737816  
5965 sda9 0 0 W 1399990412  
5965 sda9 0 0 W 1399990412  
pwrite: 5965 1399990412 10 3018752 4096 315490875  
5965 sda9 26121992 4096 W 1399990412 315490875  
5965 sda 464445192 4096 W 1399990412 315490875  
5965 sda9 0 0 W 1399990412  
5965 sda9 0 0 W 1399990412  
pwrite: 5965 1399990412 10 14110720 4096 567292624  
5965 sda9 26143656 4096 W 1399990412 567292624  
5965 sda 464466856 4096 W 1399990412 567292624  
5965 sda9 0 0 W 1399990412  
5965 sda9 0 0 W 1399990412  
pwrite: 5965 1399990412 10 36614144 4096 -751209190  
5965 sda9 26187608 4096 W 1399990412 -751209190  
5965 sda 464510808 4096 W 1399990412 -751209190  
5965 sda9 0 0 W 1399990412  
5965 sda9 0 0 W 1399990412  
pwrite: 5965 1399990412 10 39063552 4096 -1323824382  
5965 sda9 26192392 4096 W 1399990412 -1323824382  
5965 sda 464515592 4096 W 1399990412 -1323824382  
5965 sda9 0 0 W 1399990412  
5965 sda9 0 0 W 1399990412  
pwrite: 5965 1399990412 10 2148540416 4096 225400603  
5965 sda9 31082512 4096 W 1399990412 225400603  
5965 sda 469405712 4096 W 1399990412 225400603  
5965 sda9 0 0 W 1399990412  
5965 sda9 0 0 W 1399990412  
pwrite: 5965 1399990412 10 2148573184 4096 1613313638  
5965 sda9 31082576 4096 W 1399990412 1613313638  
5965 sda 469405776 4096 W 1399990412 1613313638  
5965 sda9 0 0 W 1399990412  
5965 sda9 0 0 W 1399990412  
pwrite: 5965 1399990412 10 2151997440 4096 -1824849294  
5965 sda9 31089264 4096 W 1399990412 -1824849294  
5965 sda 469412464 4096 W 1399990412 -1824849294  
5965 sda9 0 0 W 1399990412  
5965 sda9 0 0 W 1399990412  
pwrite: 5965 1399990412 10 2162409472 4096 -325846255  
5965 sda9 31109600 4096 W 1399990412 -325846255  
5965 sda 469432800 4096 W 1399990412 -325846255  
5965 sda9 0 0 W 1399990412  
5965 sda9 0 0 W 1399990412  
pwrite: 5965 1399990412 10 2162421760 4096 418723621  
5965 sda9 31109624 4096 W 1399990412 418723621  
5965 sda 469432824 4096 W 1399990412 418723621  
5965 sda9 0 0 W 1399990412  
5965 sda9 0 0 W 1399990412  
pwrite: 5965 1399990412 10 2162683904 4096 -1819536840  
5965 sda9 31110136 4096 W 1399990412 -1819536840  
5965 sda 469433336 4096 W 1399990412 -1819536840  
5965 sda9 0 0 W 1399990412  
5965 sda9 0 0 W 1399990412  
pwrite: 5965 1399990412 10 2162728960 4096 -1970681459  
5965 sda9 31110224 4096 W 1399990412 -1970681459  
5965 sda 469433424 4096 W 1399990412 -1970681459  
5965 sda9 0 0 W 1399990412  
5965 sda9 0 0 W 1399990412  
pwrite: 5965 1399990412 10 2300481536 4096 -1754017234  
5965 sda9 31379272 4096 W 1399990412 -1754017234  
5965 sda 469702472 4096 W 1399990412 -1754017234  
5965 sda9 0 0 W 1399990412  
5965 sda9 0 0 W 1399990412  
pwrite: 5965 1399990412 13 4096 4096 1912375441  
5965 sdb2 16392 4096 W 1399990412 1912375441  
5965 sdb 426032 4096 W 1399990412 1912375441  
5965 sdb2 0 0 W 1399990412  
pwrite: 5965 1399990412 13 4202496 4096 -1126414098  
5965 sdb2 24600 4096 W 1399990412 -1126414098  
5965 sdb 434240 4096 W 1399990412 -1126414098  
5965 sdb2 0 0 W 1399990412  
pwrite: 5965 1399990412 13 4263936 4096 1684556494  
5965 sdb2 24736 4096 W 1399990412 1684556494  
5965 sdb 434376 4096 W 1399990412 1684556494  
5965 sdb2 0 0 W 1399990412  
pwrite: 5965 1399990412 13 4329472 4096 -1612556655  
5965 sdb2 24864 4096 W 1399990412 -1612556655  
5965 sdb 434504 4096 W 1399990412 -1612556655  
5965 sdb2 0 0 W 1399990412  
pwrite: 5965 1399990412 13 37883904 4096 1119324208  
5965 sdb2 90464 4096 W 1399990412 1119324208  
5965 sdb 500104 4096 W 1399990412 1119324208  
5965 sdb2 0 0 W 1399990412  
4565 sdb2 487068560 4096 W 1399990413 -1000284077  
4565 sdb 487478200 4096 W 1399990413 -1000284077  
4565 sdb2 487068568 4096 W 1399990413 504836278  
4565 sdb 487478208 4096 W 1399990413 504836278  
4565 sdb2 487068576 4096 W 1399990413 1096493457  
4565 sdb 487478216 4096 W 1399990413 1096493457  
291 sda9 222707496 4096 W 1399990417 -635376186  
291 sda 661030696 4096 W 1399990417 -635376186  
291 sda9 222707504 4096 W 1399990417 -1886404138  
291 sda 661030704 4096 W 1399990417 -1886404138  
291 sda9 222707512 4096 W 1399990417 85205037  
291 sda 661030712 4096 W 1399990417 85205037  
291 sda9 222707520 4096 W 1399990417 -12985209  
291 sda 661030720 4096 W 1399990417 -12985209  
5965 sda9 31379280 8192 W 1399990418 -1006197583 1150568892  
5965 sda 469702480 8192 W 1399990418 -1006197583 1150568892  
5965 sda9 0 0 W 1399990418  
5965 sda9 0 0 W 1399990418  
7126 sdb2 8224 4096 W 1399990418 504836278  
7126 sdb 417864 4096 W 1399990418 504836278  
pwrite: 5965 1399990418 10 2300493824 4096 1768151761  
5965 sda9 31379296 4096 W 1399990418 1768151761  
5965 sda 469702496 4096 W 1399990418 1768151761  
5965 sda9 0 0 W 1399990418  
5965 sda9 0 0 W 1399990418  
2020 sda9 55980232 4096 W 1399990422 -1365518969  
2020 sda 494303432 4096 W 1399990422 -1365518969  
2020 sda9 55980264 4096 W 1399990422 -1711646389  
2020 sda 494303464 4096 W 1399990422 -1711646389  
2020 sda9 55980280 4096 W 1399990422 1995230968  
2020 sda 494303480 4096 W 1399990422 1995230968  
2020 sda9 60037376 135168 W 1399990422 -1925792955 1010874005 1576273798 2060112228 -692235305 -690033017 -1608524016 -95619539 2058858739 -2132897696 764611930 -928136753 -996832358 -1695005136 -849898293 1820217295 1080393663 1010874005 -272355459 -1992772126 -1426920399 1136764298 1790871239 1095822309 295363766 -973661725 1427359164 1999251878 -2070240711 -2100430007 462511100 -1247867219 -1120403207  
2020 sda 498360576 135168 W 1399990422 -1925792955 1010874005 1576273798 2060112228 -692235305 -690033017 -1608524016 -95619539 2058858739 -2132897696 764611930 -928136753 -996832358 -1695005136 -849898293 1820217295 1080393663 1010874005 -272355459 -1992772126 -1426920399 1136764298 1790871239 1095822309 295363766 -973661725 1427359164 1999251878 -2070240711 -2100430007 462511100 -1247867219 -1120403207  
291 sda9 222707528 4096 W 1399990423 -1011633760  
291 sda 661030728 4096 W 1399990423 -1011633760  
291 sda9 222707536 4096 W 1399990423 1792233021  
291 sda 661030736 4096 W 1399990423 1792233021  
291 sda9 222707544 4096 W 1399990423 -1626209781  
291 sda 661030744 4096 W 1399990423 -1626209781  
291 sda9 222707552 4096 W 1399990423 1491770712  
291 sda 661030752 4096 W 1399990423 1491770712  
5965 sda9 31379304 8192 W 1399990424 -1153601865 1447770892  
5965 sda 469702504 8192 W 1399990424 -1153601865 1447770892  
5965 sda9 0 0 W 1399990424  
5965 sda9 0 0 W 1399990424  
pwrite: 5965 1399990424 10 2300506112 4096 -1323284999  
5965 sda9 31379320 4096 W 1399990424 -1323284999  
5965 sda 469702520 4096 W 1399990424 -1323284999  
5965 sda9 0 0 W 1399990424  
5965 sda9 0 0 W 1399990424  
291 sda9 55980160 4096 W 1399990429 1399063806  
291 sda 494303360 4096 W 1399990429 1399063806  
291 sda9 60303504 4096 W 1399990429 -950062127  
291 sda 498626704 4096 W 1399990429 -950062127  
291 sda9 222707560 4096 W 1399990429 -1456141324  
291 sda 661030760 4096 W 1399990429 -1456141324  
291 sda9 222707568 4096 W 1399990429 1536032588  
291 sda 661030768 4096 W 1399990429 1536032588  
291 sda9 222707576 4096 W 1399990429 1893219793  
291 sda 661030776 4096 W 1399990429 1893219793  
291 sda9 222707584 4096 W 1399990429 1161245638  
291 sda 661030784 4096 W 1399990429 1161245638  
291 sda9 222707592 4096 W 1399990429 485374332  
291 sda 661030792 4096 W 1399990429 485374332  
291 sda9 222707600 4096 W 1399990429 529792120  
291 sda 661030800 4096 W 1399990429 529792120  
5965 sda9 31379328 8192 W 1399990430 247917584 -1422473266  
5965 sda 469702528 8192 W 1399990430 247917584 -1422473266  
5965 sda9 0 0 W 1399990430  
5965 sda9 0 0 W 1399990430  
pwrite: 5965 1399990430 10 2300518400 4096 792910258  
5965 sda9 31379344 4096 W 1399990430 792910258  
5965 sda 469702544 4096 W 1399990430 792910258  
5965 sda9 0 0 W 1399990430  
5965 sda9 0 0 W 1399990430  
2002 sda9 56252384 4096 W 1399990430 -1447264895  
2002 sda 494575584 4096 W 1399990430 -1447264895  
291 sda9 222707608 4096 W 1399990430 -1319305089  
291 sda 661030808 4096 W 1399990430 -1319305089  
291 sda9 222707616 4096 W 1399990430 -975040477  
291 sda 661030816 4096 W 1399990430 -975040477  
291 sda9 222707624 4096 W 1399990430 -1434543206  
291 sda 661030824 4096 W 1399990430 -1434543206  
291 sda9 222707632 4096 W 1399990430 -1045106568  
291 sda 661030832 4096 W 1399990430 -1045106568  
291 sda9 222707640 4096 W 1399990430 -852778805  
291 sda 661030840 4096 W 1399990430 -852778805  
291 sda9 222707648 4096 W 1399990430 766187362  
291 sda 661030848 4096 W 1399990430 766187362  
291 sda9 222707656 4096 W 1399990430 -1284391029  
291 sda 661030856 4096 W 1399990430 -1284391029  
291 sda9 222707664 4096 W 1399990430 -1729484024  
291 sda 661030864 4096 W 1399990430 -1729484024  
291 sda9 222707672 4096 W 1399990430 1683712509  
291 sda 661030872 4096 W 1399990430 1683712509  
291 sda9 222707680 4096 W 1399990430 2057683073  
291 sda 661030880 4096 W 1399990430 2057683073  
291 sda9 222707688 4096 W 1399990430 742110764  
291 sda 661030888 4096 W 1399990430 742110764  
5965 sda9 34753352 8192 W 1399990433 1999785074 268372560  
5965 sda 473076552 8192 W 1399990433 1999785074 268372560  
5965 sda9 0 0 W 1399990433  
5965 sda9 0 0 W 1399990433  
pwrite: 5965 1399990436 10 3885391872 4096 278185784  
5965 sda9 34753328 4096 W 1399990436 278185784  
291 sda9 222707696 4096 W 1399990436 -755032386  
5965 sda 473076528 4096 W 1399990436 278185784  
291 sda 661030896 4096 W 1399990436 -755032386  
291 sda9 222707704 4096 W 1399990436 2097559485  
291 sda 661030904 4096 W 1399990436 2097559485  
291 sda9 222707712 4096 W 1399990436 1915444938  
291 sda 661030912 4096 W 1399990436 1915444938  
291 sda9 222707720 4096 W 1399990436 628573655  
291 sda 661030920 4096 W 1399990436 628573655  
291 sda9 222707728 4096 W 1399990436 766645249  
5965 sda9 0 0 W 1399990436  
5965 sda9 0 0 W 1399990436  
291 sda 661030928 4096 W 1399990436 766645249  
291 sda9 222707736 4096 W 1399990436 -1702416605  
291 sda 661030936 4096 W 1399990436 -1702416605  
291 sda9 222707744 4096 W 1399990436 1928716831  
291 sda 661030944 4096 W 1399990436 1928716831  
291 sda9 222707752 4096 W 1399990436 -2004523074  
291 sda 661030952 4096 W 1399990436 -2004523074  
291 sda9 222707760 4096 W 1399990436 718236241  
291 sda 661030960 4096 W 1399990436 718236241  
291 sda9 222707768 4096 W 1399990436 -2028632672  
291 sda 661030968 4096 W 1399990436 -2028632672  
291 sda9 222707776 4096 W 1399990436 -850518413  
291 sda 661030976 4096 W 1399990436 -850518413  
291 sda9 222707784 4096 W 1399990436 1933368671  
291 sda 661030984 4096 W 1399990436 1933368671  
pwrite: 5965 1399990436 10 3885387776 4096 8441207  
5965 sda9 34753320 4096 W 1399990436 8441207  
5965 sda 473076520 4096 W 1399990436 8441207  
5965 sda9 0 0 W 1399990436  
5965 sda9 0 0 W 1399990436  
5965 sda9 31379352 81920 W 1399990436 942613106 1023123986 1712390461 -430200644 1214624438 640596226 -34117229 -1496469289 1416418831 -766775287 2112981404 -135277330 77127088 421819664 -924491090 1000355365 360002514 419854175 197769430 1979497970  
5965 sda 469702552 81920 W 1399990436 942613106 1023123986 1712390461 -430200644 1214624438 640596226 -34117229 -1496469289 1416418831 -766775287 2112981404 -135277330 77127088 421819664 -924491090 1000355365 360002514 419854175 197769430 1979497970  
5965 sda9 0 0 W 1399990436  
5965 sda9 0 0 W 1399990436  
pwrite: 5965 1399990436 10 2300604416 4096 -826018073  
5965 sda9 31379512 4096 W 1399990436 -826018073  
5965 sda 469702712 4096 W 1399990436 -826018073  
5965 sda9 0 0 W 1399990436  
5965 sda9 0 0 W 1399990436  
2020 sda9 56254656 28672 W 1399990437 -657262193 2074122372 -963348043 -1058857534 803268575 -72026918 -1191647329  
2020 sda 494577856 28672 W 1399990437 -657262193 2074122372 -963348043 -1058857534 803268575 -72026918 -1191647329  
291 sda9 56254704 4096 W 1399990441 -185336577  
291 sda 494577904 4096 W 1399990441 -185336577  
291 sda9 222707792 4096 W 1399990441 -1713551089  
291 sda 661030992 4096 W 1399990441 -1713551089  
291 sda9 222707800 4096 W 1399990441 1948522335  
291 sda 661031000 4096 W 1399990441 1948522335  
291 sda9 222707808 4096 W 1399990441 510870102  
291 sda 661031008 4096 W 1399990441 510870102  
291 sda9 222707816 4096 W 1399990441 504085922  
291 sda 661031016 4096 W 1399990441 504085922  
291 sda9 222707824 4096 W 1399990441 651970355  
291 sda 661031024 4096 W 1399990441 651970355  
291 sda9 222707832 4096 W 1399990441 1336922730  
291 sda 661031032 4096 W 1399990441 1336922730  
pwrite: 5965 1399990443 10 3885412352 8192 1679955015 978402722  
5965 sda9 34753368 8192 W 1399990443 1679955015 978402722  
5965 sda 473076568 8192 W 1399990443 1679955015 978402722  
5965 sda9 0 0 W 1399990443  
5965 sda9 0 0 W 1399990443  
pwrite: 5965 1399990446 10 2515365888 4096 469534172  
5965 sda9 31798968 4096 W 1399990446 469534172  
5965 sda 470122168 4096 W 1399990446 469534172  
5965 sda9 0 0 W 1399990446  
5965 sda9 0 0 W 1399990446  
5965 sda9 31965760 8192 W 1399990446 918433798 2115226861  
5965 sda 470288960 8192 W 1399990446 918433798 2115226861  
5965 sda9 0 0 W 1399990446  
5965 sda9 0 0 W 1399990446  
pwrite: 5965 1399990446 10 2653655040 4096 -595126727  
5965 sda9 32069064 4096 W 1399990446 -595126727  
5965 sda 470392264 4096 W 1399990446 -595126727  
5965 sda9 0 0 W 1399990446  
5965 sda9 0 0 W 1399990446  
5965 sda9 31965776 8192 W 1399990446 961082367 1418059159  
5965 sda 470288976 8192 W 1399990446 961082367 1418059159  
5965 sda9 0 0 W 1399990446  
5965 sda9 0 0 W 1399990446  
pwrite: 5965 1399990446 10 3885420544 4096 1254220203  
5965 sda9 34753384 4096 W 1399990446 1254220203  
5965 sda 473076584 4096 W 1399990446 1254220203  
5965 sda9 0 0 W 1399990446  
5965 sda9 0 0 W 1399990446  
pwrite: 5965 1399990446 10 2653659136 4096 1533262362  
5965 sda9 32069072 4096 W 1399990446 1533262362  
5965 sda 470392272 4096 W 1399990446 1533262362  
5965 sda9 0 0 W 1399990446  
5965 sda9 0 0 W 1399990446  
2020 sda9 0 4096 W 1399990447 -1702416605  
2020 sda 438323200 4096 W 1399990447 -1702416605  
2020 sda9 16 4096 W 1399990447 651970355  
2020 sda 438323216 4096 W 1399990447 651970355  
2020 sda9 32 4096 W 1399990447 718236241  
2020 sda 438323232 4096 W 1399990447 718236241  
2020 sda9 54526000 4096 W 1399990447 504085922  
2020 sda 492849200 4096 W 1399990447 504085922  
2020 sda9 100663432 4096 W 1399990447 -2028632672  
2020 sda 538986632 4096 W 1399990447 -2028632672  
2020 sda9 100667296 4096 W 1399990447 628573655  
2020 sda 538990496 4096 W 1399990447 628573655  
2020 sda9 100667720 4096 W 1399990447 1915444938  
2020 sda 538990920 4096 W 1399990447 1915444938  
2020 sda9 100735240 4096 W 1399990447 766645249  
2020 sda 539058440 4096 W 1399990447 766645249  
2020 sda9 104858696 4096 W 1399990447 1161245638  
2020 sda 543181896 4096 W 1399990447 1161245638  
2020 sda9 146805712 4096 W 1399990447 485374332  
2020 sda 585128912 4096 W 1399990447 485374332  
291 sda9 56254704 4096 W 1399990447 606607778  
291 sda 494577904 4096 W 1399990447 606607778  
291 sda9 222707840 4096 W 1399990447 1373649396  
291 sda 661031040 4096 W 1399990447 1373649396  
291 sda9 222707848 4096 W 1399990447 -73812156  
291 sda 661031048 4096 W 1399990447 -73812156  
291 sda9 222707856 4096 W 1399990447 -147277586  
291 sda 661031056 4096 W 1399990447 -147277586  
291 sda9 222707864 4096 W 1399990447 -991232778  
291 sda 661031064 4096 W 1399990447 -991232778  
pwrite: 5965 1399990447 10 2887680 4096 1000355365  
5965 sda9 26121736 4096 W 1399990447 1000355365  
5965 sda 464444936 4096 W 1399990447 1000355365  
5965 sda9 0 0 W 1399990447  
5965 sda9 0 0 W 1399990447  
pwrite: 5965 1399990447 10 2899968 4096 1416418831  
5965 sda9 26121760 4096 W 1399990447 1416418831  
5965 sda 464444960 4096 W 1399990447 1416418831  
5965 sda9 0 0 W 1399990447  
5965 sda9 0 0 W 1399990447  
pwrite: 5965 1399990447 10 2916352 4096 -135277330  
5965 sda9 26121792 4096 W 1399990447 -135277330  
5965 sda 464444992 4096 W 1399990447 -135277330  
5965 sda9 0 0 W 1399990447  
5965 sda9 0 0 W 1399990447  
pwrite: 5965 1399990447 10 2953216 4096 -766775287  
5965 sda9 26121864 4096 W 1399990447 -766775287  
5965 sda 464445064 4096 W 1399990447 -766775287  
5965 sda9 0 0 W 1399990447  
5965 sda9 0 0 W 1399990447  
5965 sda9 26121896 8192 W 1399990447 77127088 360002514  
5965 sda 464445096 8192 W 1399990447 77127088 360002514  
5965 sda9 0 0 W 1399990447  
5965 sda9 0 0 W 1399990447  
pwrite: 5965 1399990447 10 3018752 4096 -924491090  
5965 sda9 26121992 4096 W 1399990447 -924491090  
5965 sda 464445192 4096 W 1399990447 -924491090  
5965 sda9 0 0 W 1399990447  
5965 sda9 0 0 W 1399990447  
pwrite: 5965 1399990447 10 3379200 4096 -1496469289  
5965 sda9 26122696 4096 W 1399990447 -1496469289  
5965 sda 464445896 4096 W 1399990447 -1496469289  
5965 sda9 0 0 W 1399990447  
5965 sda9 0 0 W 1399990447  
pwrite: 5965 1399990447 10 12472320 4096 2112981404  
5965 sda9 26140456 4096 W 1399990447 2112981404  
5965 sda 464463656 4096 W 1399990447 2112981404  
5965 sda9 0 0 W 1399990447  
5965 sda9 0 0 W 1399990447  
pwrite: 5965 1399990447 10 36614144 4096 421819664  
5965 sda9 26187608 4096 W 1399990447 421819664  
5965 sda 464510808 4096 W 1399990447 421819664  
5965 sda9 0 0 W 1399990447  
5965 sda9 0 0 W 1399990447  
pwrite: 5965 1399990447 10 2160930816 4096 -1601127532  
5965 sda9 31106712 4096 W 1399990447 -1601127532  
5965 sda 469429912 4096 W 1399990447 -1601127532  
5965 sda9 0 0 W 1399990447  
5965 sda9 0 0 W 1399990447  
pwrite: 5965 1399990447 10 2162409472 4096 197769430  
5965 sda9 31109600 4096 W 1399990447 197769430  
5965 sda 469432800 4096 W 1399990447 197769430  
5965 sda9 0 0 W 1399990447  
5965 sda9 0 0 W 1399990447  
pwrite: 5965 1399990448 10 3355086848 4096 2079305629  
5965 sda9 33455432 4096 W 1399990448 2079305629  
5965 sda 471778632 4096 W 1399990448 2079305629  
5965 sda9 0 0 W 1399990448  
5965 sda9 0 0 W 1399990448  
pwrite: 5965 1399990448 10 3351830528 4096 2079305629  
5965 sda9 33449072 4096 W 1399990448 2079305629  
5965 sda 471772272 4096 W 1399990448 2079305629  
5965 sda9 0 0 W 1399990448  
5965 sda9 0 0 W 1399990448  
5965 sda9 34753320 8192 W 1399990448 -422468816 1386213188  
5965 sda 473076520 8192 W 1399990448 -422468816 1386213188  
5965 sda9 0 0 W 1399990448  
5965 sda9 0 0 W 1399990448  
5965 sda9 31379520 180224 W 1399990448 1676481415 -34117229 -669160380 604137310 -2021600922 2092761446 1586965587 -1 -1798211806 -2143707372 -248840812 -98564368 517366258 1865142566 -839918005 -1424317588 1458936493 -1210113436 -806901749 613738007 111777130 1827268229 376036295 -2078329225 910874942 1406935115 2085454986 -1313783044 609797989 -1320034932 2059977956 1826069347 -648575740 -637165264 -866035349 -437296459 2050219960 -1986518722 -228889478 592408827 -1147898884 -1044496104 -879027548 591262898  
5965 sda 469702720 180224 W 1399990448 1676481415 -34117229 -669160380 604137310 -2021600922 2092761446 1586965587 -1 -1798211806 -2143707372 -248840812 -98564368 517366258 1865142566 -839918005 -1424317588 1458936493 -1210113436 -806901749 613738007 111777130 1827268229 376036295 -2078329225 910874942 1406935115 2085454986 -1313783044 609797989 -1320034932 2059977956 1826069347 -648575740 -637165264 -866035349 -437296459 2050219960 -1986518722 -228889478 592408827 -1147898884 -1044496104 -879027548 591262898  
5965 sda9 0 0 W 1399990448  
5965 sda9 0 0 W 1399990448  
pwrite: 5965 1399990448 10 2300788736 4096 -1621551443  
5965 sda9 31379872 4096 W 1399990448 -1621551443  
5965 sda 469703072 4096 W 1399990448 -1621551443  
5965 sda9 0 0 W 1399990448  
5965 sda9 0 0 W 1399990448  
pwrite: 5965 1399990448 10 2515329024 4096 -1038761655  
5965 sda9 31798896 4096 W 1399990448 -1038761655  
5965 sda 470122096 4096 W 1399990448 -1038761655  
5965 sda9 0 0 W 1399990448  
5965 sda9 0 0 W 1399990448  
pwrite: 5965 1399990448 10 2515206144 4096 -1038761655  
5965 sda9 31798656 4096 W 1399990448 -1038761655  
5965 sda 470121856 4096 W 1399990448 -1038761655  
5965 sda9 0 0 W 1399990448  
5965 sda9 0 0 W 1399990448  
pwrite: 5965 1399990448 10 2515210240 4096 1533262362  
5965 sda9 31798664 4096 W 1399990448 1533262362  
5965 sda 470121864 4096 W 1399990448 1533262362  
5965 sda9 0 0 W 1399990448  
5965 sda9 0 0 W 1399990448  
291 sda9 222707872 4096 W 1399990452 -467734046  
291 sda 661031072 4096 W 1399990452 -467734046  
291 sda9 222707880 4096 W 1399990452 1062589048  
291 sda 661031080 4096 W 1399990452 1062589048  
291 sda9 222707888 4096 W 1399990452 1323396047  
291 sda 661031088 4096 W 1399990452 1323396047  
291 sda9 222707896 4096 W 1399990452 -634741297  
291 sda 661031096 4096 W 1399990452 -634741297  
291 sda9 222707904 4096 W 1399990452 -56277192  
291 sda 661031104 4096 W 1399990452 -56277192  
291 sda9 222707912 4096 W 1399990452 1366452985  
291 sda 661031112 4096 W 1399990452 1366452985  
pwrite: 5965 1399990453 10 3294629888 4096 503085614  
5965 sda9 33337352 4096 W 1399990453 503085614  
5965 sda 471660552 4096 W 1399990453 503085614  
5965 sda9 0 0 W 1399990453  
5965 sda9 0 0 W 1399990453  
pwrite: 5965 1399990453 10 3885391872 4096 481693757  
5965 sda9 34753328 4096 W 1399990453 481693757  
5965 sda 473076528 4096 W 1399990453 481693757  
5965 sda9 0 0 W 1399990453  
5965 sda9 0 0 W 1399990453  
pwrite: 5965 1399990453 10 3885387776 4096 -472877089  
5965 sda9 34753320 4096 W 1399990453 -472877089  
5965 sda 473076520 4096 W 1399990453 -472877089  
5965 sda9 0 0 W 1399990453  
5965 sda9 0 0 W 1399990453  
5965 sda9 31379880 53248 W 1399990453 123331064 1896366850 -255009990 906805163 1289689220 -2021600922 117431896 668807709 -1607690218 -34117229 1880445368 862451199 2130720720  
5965 sda 469703080 53248 W 1399990453 123331064 1896366850 -255009990 906805163 1289689220 -2021600922 117431896 668807709 -1607690218 -34117229 1880445368 862451199 2130720720  
5965 sda9 0 0 W 1399990453  
5965 sda9 0 0 W 1399990453  
pwrite: 5965 1399990453 10 2300846080 4096 1051248188  
5965 sda9 31379984 4096 W 1399990453 1051248188  
5965 sda 469703184 4096 W 1399990453 1051248188  
5965 sda9 0 0 W 1399990453  
5965 sda9 0 0 W 1399990453  
291 sda9 222707920 4096 W 1399990458 -66075611  
291 sda 661031120 4096 W 1399990458 -66075611  
291 sda9 222707928 4096 W 1399990458 -1499655745  
291 sda 661031128 4096 W 1399990458 -1499655745  
291 sda9 222707936 4096 W 1399990458 1742463261  
291 sda 661031136 4096 W 1399990458 1742463261  
291 sda9 222707944 4096 W 1399990458 -1249533836  
291 sda 661031144 4096 W 1399990458 -1249533836  
291 sda9 222707952 4096 W 1399990458 235891194  
291 sda 661031152 4096 W 1399990458 235891194  
291 sda9 222707960 4096 W 1399990464 1026554982  
291 sda 661031160 4096 W 1399990464 1026554982  
291 sda9 222707968 4096 W 1399990464 61198079  
291 sda 661031168 4096 W 1399990464 61198079  
291 sda9 222707976 4096 W 1399990464 160659226  
291 sda 661031176 4096 W 1399990464 160659226  
pwrite: 5965 1399990467 10 2515214336 4096 1669634498  
5965 sda9 31798672 4096 W 1399990467 1669634498  
5965 sda 470121872 4096 W 1399990467 1669634498  
5965 sda9 0 0 W 1399990467  
5965 sda9 0 0 W 1399990467  
291 sda9 222707984 4096 W 1399990470 -926807019  
291 sda 661031184 4096 W 1399990470 -926807019  
291 sda9 222707992 4096 W 1399990470 839631181  
291 sda 661031192 4096 W 1399990470 839631181  
291 sda9 222708000 4096 W 1399990470 2054905291  
291 sda 661031200 4096 W 1399990470 2054905291  
291 sda9 222708008 4096 W 1399990470 1520329370  
291 sda 661031208 4096 W 1399990470 1520329370  
2020 sda9 60084624 12288 W 1399990472 -1350842954 -1084197814 -1943095889  
2020 sda 498407824 12288 W 1399990472 -1350842954 -1084197814 -1943095889  
5965 sda9 31379992 16384 W 1399990473 938308548 1596435391 -549425498 94022956  
5965 sda 469703192 16384 W 1399990473 938308548 1596435391 -549425498 94022956  
5965 sda9 0 0 W 1399990473  
5965 sda9 0 0 W 1399990473  
pwrite: 5965 1399990473 10 2300866560 4096 1910753821  
5965 sda9 31380024 4096 W 1399990473 1910753821  
5965 sda 469703224 4096 W 1399990473 1910753821  
5965 sda9 0 0 W 1399990473  
5965 sda9 0 0 W 1399990473  
291 sda9 60084640 4096 W 1399990476 1983167089  
291 sda 498407840 4096 W 1399990476 1983167089  
291 sda9 222708016 4096 W 1399990476 1333033329  
291 sda 661031216 4096 W 1399990476 1333033329  
291 sda9 222708024 4096 W 1399990476 521871218  
291 sda 661031224 4096 W 1399990476 521871218  
291 sda9 222708032 4096 W 1399990476 252306677  
291 sda 661031232 4096 W 1399990476 252306677  
291 sda9 222708040 4096 W 1399990476 -761689887  
291 sda 661031240 4096 W 1399990476 -761689887  
291 sda9 222708048 4096 W 1399990476 -1121102169  
291 sda 661031248 4096 W 1399990476 -1121102169  
291 sda9 222708056 4096 W 1399990476 183289915  
291 sda 661031256 4096 W 1399990476 183289915  
5965 sda9 31799088 8192 W 1399990477 1679955015 978402722  
5965 sda 470122288 8192 W 1399990477 1679955015 978402722  
5965 sda9 0 0 W 1399990477  
5965 sda9 0 0 W 1399990477  
5965 sda9 31798880 16384 W 1399990477 1200184002 1756826748 1999785074 268372560  
5965 sda 470122080 16384 W 1399990477 1200184002 1756826748 1999785074 268372560  
5965 sda9 0 0 W 1399990477  
5965 sda9 0 0 W 1399990477  
pwrite: 5965 1399990477 10 2653655040 4096 -220243681  
5965 sda9 32069064 4096 W 1399990477 -220243681  
5965 sda 470392264 4096 W 1399990477 -220243681  
5965 sda9 0 0 W 1399990477  
5965 sda9 0 0 W 1399990477  
pwrite: 5965 1399990477 10 2653667328 4096 817003597  
5965 sda9 32069088 4096 W 1399990477 817003597  
5965 sda 470392288 4096 W 1399990477 817003597  
5965 sda9 0 0 W 1399990477  
5965 sda9 0 0 W 1399990477  
pwrite: 5965 1399990477 10 2668027904 4096 420791222  
5965 sda9 32097136 4096 W 1399990477 420791222  
5965 sda 470420336 4096 W 1399990477 420791222  
5965 sda9 0 0 W 1399990477  
5965 sda9 0 0 W 1399990477  
pwrite: 5965 1399990477 10 2668146688 4096 1550404476  
5965 sda9 32097368 4096 W 1399990477 1550404476  
5965 sda 470420568 4096 W 1399990477 1550404476  
5965 sda9 0 0 W 1399990477  
5965 sda9 0 0 W 1399990477  
pwrite: 5965 1399990477 10 2668183552 4096 1108371820  
5965 sda9 32097440 4096 W 1399990477 1108371820  
5965 sda 470420640 4096 W 1399990477 1108371820  
5965 sda9 0 0 W 1399990477  
5965 sda9 0 0 W 1399990477  
pwrite: 5965 1399990477 10 2677903360 4096 -1473198645  
5965 sda9 32116424 4096 W 1399990477 -1473198645  
5965 sda 470439624 4096 W 1399990477 -1473198645  
5965 sda9 0 0 W 1399990477  
5965 sda9 0 0 W 1399990477  
pwrite: 5965 1399990477 10 2677915648 4096 1470477192  
5965 sda9 32116448 4096 W 1399990477 1470477192  
5965 sda 470439648 4096 W 1399990477 1470477192  
5965 sda9 0 0 W 1399990477  
5965 sda9 0 0 W 1399990477  
5965 sda9 32579392 32768 W 1399990477 2138238933 -1755351938 1293954612 -1373118152 652369200 -1086764536 511278440 1694448852  
5965 sda 470902592 32768 W 1399990477 2138238933 -1755351938 1293954612 -1373118152 652369200 -1086764536 511278440 1694448852  
5965 sda9 0 0 W 1399990477  
5965 sda9 0 0 W 1399990477  
5965 sda9 33478984 155648 W 1399990477 160901369 -1091024030 -601908301 -1284728786 -2103072916 1593620915 1764472850 935268696 1117216806 959537551 -873611208 -1223196076 -1053782945 955966076 1137446786 728739608 -1875061323 2056859342 -333003731 1227273560 2043041071 -862719619 -1006871728 726400675 1861477696 -1739280708 -1352574587 711450233 1682794201 1102547586 1742005834 1326091411 1694419451 1523543768 1765904886 -414631710 -230030557 -255476195  
5965 sda 471802184 155648 W 1399990477 160901369 -1091024030 -601908301 -1284728786 -2103072916 1593620915 1764472850 935268696 1117216806 959537551 -873611208 -1223196076 -1053782945 955966076 1137446786 728739608 -1875061323 2056859342 -333003731 1227273560 2043041071 -862719619 -1006871728 726400675 1861477696 -1739280708 -1352574587 711450233 1682794201 1102547586 1742005834 1326091411 1694419451 1523543768 1765904886 -414631710 -230030557 -255476195  
5965 sda9 0 0 W 1399990477  
5965 sda9 0 0 W 1399990477  
291 sda9 60084640 4096 W 1399990481 -1192367722  
291 sda 498407840 4096 W 1399990481 -1192367722  
291 sda9 222708064 4096 W 1399990481 -278264090  
291 sda 661031264 4096 W 1399990481 -278264090  
291 sda9 222708072 4096 W 1399990481 63015051  
291 sda 661031272 4096 W 1399990481 63015051  
291 sda9 222708080 4096 W 1399990481 1347426547  
291 sda 661031280 4096 W 1399990481 1347426547  
291 sda9 222708088 4096 W 1399990481 -1744987281  
291 sda 661031288 4096 W 1399990481 -1744987281  
2020 sda9 16 4096 W 1399990482 -761689887  
2020 sda 438323216 4096 W 1399990482 -761689887  
2020 sda9 46142816 4096 W 1399990482 -1249533836  
2020 sda 484466016 4096 W 1399990482 -1249533836  
2020 sda9 46142952 4096 W 1399990482 -634741297  
2020 sda 484466152 4096 W 1399990482 -634741297  
2020 sda9 58720296 4096 W 1399990482 252306677  
2020 sda 497043496 4096 W 1399990482 252306677  
2020 sda9 142607872 4096 W 1399990482 1347426547  
2020 sda 580931072 4096 W 1399990482 1347426547  
2020 sda9 55980232 4096 W 1399990482 -786390707  
2020 sda 494303432 4096 W 1399990482 -786390707  
2020 sda9 55980264 4096 W 1399990482 1132308062  
2020 sda 494303464 4096 W 1399990482 1132308062  
2020 sda9 55980280 4096 W 1399990482 211698011  
2020 sda 494303480 4096 W 1399990482 211698011  
2020 sda9 60037632 135168 W 1399990482 1575610627 1010874005 2045628897 -2065076643 1112955642 -1167012641 -1904649479 1443983734 743751671 -1539932754 -292469208 -398283725 -1022511772 -103185966 1108000689 864354522 900666513 1010874005 -1501882927 939048921 683703394 1113105515 -946615514 361813281 891574610 1311538747 -610786584 -1810180031 1896291917 1417733209 1072877783 -675818367 -1533349813  
2020 sda 498360832 135168 W 1399990482 1575610627 1010874005 2045628897 -2065076643 1112955642 -1167012641 -1904649479 1443983734 743751671 -1539932754 -292469208 -398283725 -1022511772 -103185966 1108000689 864354522 900666513 1010874005 -1501882927 939048921 683703394 1113105515 -946615514 361813281 891574610 1311538747 -610786584 -1810180031 1896291917 1417733209 1072877783 -675818367 -1533349813  
pwrite: 5965 1399990482 10 2162442240 4096 1865142566  
5965 sda9 31109664 4096 W 1399990482 1865142566  
5965 sda 469432864 4096 W 1399990482 1865142566  
5965 sda9 0 0 W 1399990482  
5965 sda9 0 0 W 1399990482  
pwrite: 5965 1399990482 10 2162696192 4096 2050219960  
5965 sda9 31110160 4096 W 1399990482 2050219960  
5965 sda 469433360 4096 W 1399990482 2050219960  
5965 sda9 0 0 W 1399990482  
5965 sda9 0 0 W 1399990482  
5965 sda9 31120952 16384 W 1399990482 -2143707372 668807709 592408827 -1320034932  
5965 sda 469444152 16384 W 1399990482 -2143707372 668807709 592408827 -1320034932  
5965 sda9 0 0 W 1399990482  
5965 sda9 0 0 W 1399990482  
pwrite: 5965 1399990482 10 2168242176 4096 1827268229  
5965 sda9 31120992 4096 W 1399990482 1827268229  
5965 sda 469444192 4096 W 1399990482 1827268229  
5965 sda9 0 0 W 1399990482  
5965 sda9 0 0 W 1399990482  
5965 sda9 31121016 8192 W 1399990482 -1044496104 906805163  
5965 sda 469444216 8192 W 1399990482 -1044496104 906805163  
5965 sda9 0 0 W 1399990482  
5965 sda9 0 0 W 1399990482  
5965 sda9 31264856 8192 W 1399990482 -248840812 -1607690218  
5965 sda 469588056 8192 W 1399990482 -248840812 -1607690218  
5965 sda9 0 0 W 1399990482  
5965 sda9 0 0 W 1399990482  
pwrite: 5965 1399990482 10 2241912832 4096 -437296459  
5965 sda9 31264880 4096 W 1399990482 -437296459  
5965 sda 469588080 4096 W 1399990482 -437296459  
5965 sda9 0 0 W 1399990482  
5965 sda9 0 0 W 1399990482  
pwrite: 5965 1399990482 10 2241933312 4096 -1313783044  
5965 sda9 31264920 4096 W 1399990482 -1313783044  
5965 sda 469588120 4096 W 1399990482 -1313783044  
5965 sda9 0 0 W 1399990482  
5965 sda9 0 0 W 1399990482  
pwrite: 5965 1399990482 10 2241949696 4096 862451199  
5965 sda9 31264952 4096 W 1399990482 862451199  
5965 sda 469588152 4096 W 1399990482 862451199  
5965 sda9 0 0 W 1399990482  
5965 sda9 0 0 W 1399990482  
pwrite: 5965 1399990482 10 2242031616 4096 -1147898884  
5965 sda9 31265112 4096 W 1399990482 -1147898884  
5965 sda 469588312 4096 W 1399990482 -1147898884  
5965 sda9 0 0 W 1399990482  
5965 sda9 0 0 W 1399990482  
pwrite: 5965 1399990482 10 2242048000 4096 2059977956  
5965 sda9 31265144 4096 W 1399990482 2059977956  
5965 sda 469588344 4096 W 1399990482 2059977956  
5965 sda9 0 0 W 1399990482  
5965 sda9 0 0 W 1399990482  
pwrite: 5965 1399990482 10 2242187264 4096 376036295  
5965 sda9 31265416 4096 W 1399990482 376036295  
5965 sda 469588616 4096 W 1399990482 376036295  
5965 sda9 0 0 W 1399990482  
5965 sda9 0 0 W 1399990482  
pwrite: 5965 1399990482 10 2242199552 4096 -1986518722  
5965 sda9 31265440 4096 W 1399990482 -1986518722  
5965 sda 469588640 4096 W 1399990482 -1986518722  
5965 sda9 0 0 W 1399990482  
5965 sda9 0 0 W 1399990482  
pwrite: 5965 1399990482 10 2242420736 4096 -879027548  
5965 sda9 31265872 4096 W 1399990482 -879027548  
5965 sda 469589072 4096 W 1399990482 -879027548  
5965 sda9 0 0 W 1399990482  
5965 sda9 0 0 W 1399990482  
5965 sda9 31275320 8192 W 1399990482 2085454986 591262898  
5965 sda 469598520 8192 W 1399990482 2085454986 591262898  
5965 sda9 0 0 W 1399990482  
5965 sda9 0 0 W 1399990482  
pwrite: 5965 1399990482 10 1048576 4096 -34117229  
5965 sda9 26118144 4096 W 1399990482 -34117229  
5965 sda 464441344 4096 W 1399990482 -34117229  
5965 sda9 0 0 W 1399990482  
5965 sda9 0 0 W 1399990482  
5965 sda9 26143656 8192 W 1399990482 -255009990 1896366850  
5965 sda 464466856 8192 W 1399990482 -255009990 1896366850  
5965 sda9 0 0 W 1399990482  
5965 sda9 0 0 W 1399990482  
pwrite: 5965 1399990482 10 2148532224 4096 1406935115  
5965 sda9 31082496 4096 W 1399990482 1406935115  
5965 sda 469405696 4096 W 1399990482 1406935115  
5965 sda9 0 0 W 1399990482  
5965 sda9 0 0 W 1399990482  
pwrite: 5965 1399990482 10 2148573184 4096 604137310  
5965 sda9 31082576 4096 W 1399990482 604137310  
5965 sda 469405776 4096 W 1399990482 604137310  
5965 sda9 0 0 W 1399990482  
5965 sda9 0 0 W 1399990482  
pwrite: 5965 1399990482 10 2148581376 4096 1586965587  
5965 sda9 31082592 4096 W 1399990482 1586965587  
5965 sda 469405792 4096 W 1399990482 1586965587  
5965 sda9 0 0 W 1399990482  
5965 sda9 0 0 W 1399990482  
5965 sda9 31082664 8192 W 1399990482 -1 1289689220  
5965 sda 469405864 8192 W 1399990482 -1 1289689220  
5965 sda9 0 0 W 1399990482  
5965 sda9 0 0 W 1399990482  
pwrite: 5965 1399990482 10 2148634624 4096 -2078329225  
5965 sda9 31082696 4096 W 1399990482 -2078329225  
5965 sda 469405896 4096 W 1399990482 -2078329225  
5965 sda9 0 0 W 1399990482  
5965 sda9 0 0 W 1399990482  
pwrite: 5965 1399990482 10 2162405376 4096 -669160380  
5965 sda9 31109592 4096 W 1399990482 -669160380  
5965 sda 469432792 4096 W 1399990482 -669160380  
5965 sda9 0 0 W 1399990482  
5965 sda9 0 0 W 1399990482  
pwrite: 5965 1399990482 10 2162421760 4096 94022956  
5965 sda9 31109624 4096 W 1399990482 94022956  
5965 sda 469432824 4096 W 1399990482 94022956  
5965 sda9 0 0 W 1399990482  
5965 sda9 0 0 W 1399990482  
5965 sda9 31380032 61440 W 1399990483 2142901247 -1 588960137 -1413455303 256898708 220437799 1774880474 2044282127 1734097573 -1178997643 -1492327419 486041792 -1682862547 1388178428 -762933746  
5965 sda 469703232 61440 W 1399990483 2142901247 -1 588960137 -1413455303 256898708 220437799 1774880474 2044282127 1734097573 -1178997643 -1492327419 486041792 -1682862547 1388178428 -762933746  
5965 sda9 0 0 W 1399990483  
5965 sda9 0 0 W 1399990483  
pwrite: 5965 1399990483 10 2300932096 4096 -1254407042  
5965 sda9 31380152 4096 W 1399990483 -1254407042  
5965 sda 469703352 4096 W 1399990483 -1254407042  
5965 sda9 0 0 W 1399990483  
5965 sda9 0 0 W 1399990483  
291 sda9 222708096 4096 W 1399990487 1519486017  
291 sda 661031296 4096 W 1399990487 1519486017  
291 sda9 222708104 4096 W 1399990487 141781908  
291 sda 661031304 4096 W 1399990487 141781908  
291 sda9 222708112 4096 W 1399990487 -740884946  
291 sda 661031312 4096 W 1399990487 -740884946  
291 sda9 222708120 4096 W 1399990487 126235442  
291 sda 661031320 4096 W 1399990487 126235442  
291 sda9 222708128 4096 W 1399990493 -1350798286  
291 sda 661031328 4096 W 1399990493 -1350798286  
291 sda9 222708136 4096 W 1399990493 1954415789  
291 sda 661031336 4096 W 1399990493 1954415789  
291 sda9 222708144 4096 W 1399990493 101877745  
291 sda 661031344 4096 W 1399990493 101877745  
291 sda9 222708152 4096 W 1399990499 925925293  
291 sda 661031352 4096 W 1399990499 925925293  
291 sda9 222708160 4096 W 1399990499 -1367542234  
291 sda 661031360 4096 W 1399990499 -1367542234  
291 sda9 222708168 4096 W 1399990499 804977087  
291 sda 661031368 4096 W 1399990499 804977087  
291 sda9 222708176 4096 W 1399990505 1208726955  
291 sda 661031376 4096 W 1399990505 1208726955  
291 sda9 222708184 4096 W 1399990505 1704016221  
291 sda 661031384 4096 W 1399990505 1704016221  
291 sda9 222708192 4096 W 1399990505 -1302297436  
291 sda 661031392 4096 W 1399990505 -1302297436  
2020 sda9 60303616 12288 W 1399990507 -1925162092 1363406133 -582287327  
2020 sda 498626816 12288 W 1399990507 -1925162092 1363406133 -582287327  
291 sda9 60303632 4096 W 1399990511 1322811874  
291 sda 498626832 4096 W 1399990511 1322811874  
291 sda9 222708200 4096 W 1399990511 2016477408  
291 sda 661031400 4096 W 1399990511 2016477408  
291 sda9 222708208 4096 W 1399990511 1239086469  
291 sda 661031408 4096 W 1399990511 1239086469  
291 sda9 222708216 4096 W 1399990511 1190216615  
291 sda 661031416 4096 W 1399990511 1190216615  
291 sda9 222708224 4096 W 1399990511 -1549733557  
291 sda 661031424 4096 W 1399990511 -1549733557  
291 sda9 222708232 4096 W 1399990511 373387335  
291 sda 661031432 4096 W 1399990511 373387335  
291 sda9 222708240 4096 W 1399990511 654436412  
291 sda 661031440 4096 W 1399990511 654436412  
291 sda9 222708248 4096 W 1399990511 1331319323  
291 sda 661031448 4096 W 1399990511 1331319323  
pwrite: 5965 1399990513 10 2162708480 4096 1774880474  
5965 sda9 31110184 4096 W 1399990513 1774880474  
5965 sda 469433384 4096 W 1399990513 1774880474  
5965 sda9 0 0 W 1399990513  
5965 sda9 0 0 W 1399990513  
pwrite: 5965 1399990513 10 1052672 4096 588960137  
5965 sda9 26118152 4096 W 1399990513 588960137  
5965 sda 464441352 4096 W 1399990513 588960137  
5965 sda9 0 0 W 1399990513  
5965 sda9 0 0 W 1399990513  
5965 sda9 31082512 8192 W 1399990513 -1 220437799  
5965 sda 469405712 8192 W 1399990513 -1 220437799  
5965 sda9 0 0 W 1399990513  
5965 sda9 0 0 W 1399990513  
pwrite: 5965 1399990513 10 2148552704 4096 -1178997643  
5965 sda9 31082536 4096 W 1399990513 -1178997643  
5965 sda 469405736 4096 W 1399990513 -1178997643  
5965 sda9 0 0 W 1399990513  
5965 sda9 0 0 W 1399990513  
pwrite: 5965 1399990513 10 2148569088 4096 -1492327419  
5965 sda9 31082568 4096 W 1399990513 -1492327419  
5965 sda 469405768 4096 W 1399990513 -1492327419  
5965 sda9 0 0 W 1399990513  
5965 sda9 0 0 W 1399990513  
pwrite: 5965 1399990513 10 2161192960 4096 -1413455303  
5965 sda9 31107224 4096 W 1399990513 -1413455303  
5965 sda 469430424 4096 W 1399990513 -1413455303  
5965 sda9 0 0 W 1399990513  
5965 sda9 0 0 W 1399990513  
pwrite: 5965 1399990513 10 2161389568 4096 256898708  
5965 sda9 31107608 4096 W 1399990513 256898708  
5965 sda 469430808 4096 W 1399990513 256898708  
5965 sda9 0 0 W 1399990513  
5965 sda9 0 0 W 1399990513  
pwrite: 5965 1399990513 10 2161401856 8192 -762933746 486041792  
5965 sda9 31107632 8192 W 1399990513 -762933746 486041792  
5965 sda 469430832 8192 W 1399990513 -762933746 486041792  
5965 sda9 0 0 W 1399990513  
5965 sda9 0 0 W 1399990513  
5965 sda9 31108064 16384 W 1399990513 2044282127 1734097573 -1682862547 1388178428  
5965 sda 469431264 16384 W 1399990513 2044282127 1734097573 -1682862547 1388178428  
5965 sda9 0 0 W 1399990513  
5965 sda9 0 0 W 1399990513  
291 sda9 60303632 4096 W 1399990517 -207504873  
291 sda 498626832 4096 W 1399990517 -207504873  
291 sda9 222708256 4096 W 1399990517 -1359594589  
291 sda 661031456 4096 W 1399990517 -1359594589  
291 sda9 222708264 4096 W 1399990517 1347545225  
291 sda 661031464 4096 W 1399990517 1347545225  
291 sda9 222708272 4096 W 1399990517 665109522  
291 sda 661031472 4096 W 1399990517 665109522  
291 sda9 222708280 4096 W 1399990517 1890866740  
291 sda 661031480 4096 W 1399990517 1890866740  
291 sda9 222708288 4096 W 1399990517 909101362  
291 sda 661031488 4096 W 1399990517 909101362  
291 sda9 222708296 4096 W 1399990517 -413260496  
291 sda 661031496 4096 W 1399990517 -413260496  
2020 sda9 142607872 4096 W 1399990522 665109522  
2020 sda 580931072 4096 W 1399990522 665109522  
2020 sda9 16 4096 W 1399990522 -1549733557  
2020 sda 438323216 4096 W 1399990522 -1549733557  
2020 sda9 46137688 4096 W 1399990522 909101362  
2020 sda 484460888 4096 W 1399990522 909101362  
2020 sda9 46142816 4096 W 1399990522 1890866740  
2020 sda 484466016 4096 W 1399990522 1890866740  
2020 sda9 46142952 4096 W 1399990522 373387335  
2020 sda 484466152 4096 W 1399990522 373387335  
2020 sda9 58720304 4096 W 1399990522 1190216615  
2020 sda 497043504 4096 W 1399990522 1190216615  
291 sda9 222708304 4096 W 1399990523 -631751169  
291 sda 661031504 4096 W 1399990523 -631751169  
291 sda9 222708312 4096 W 1399990523 826484881  
291 sda 661031512 4096 W 1399990523 826484881  
291 sda9 222708320 4096 W 1399990523 -207223341  
291 sda 661031520 4096 W 1399990523 -207223341  
291 sda9 222708328 4096 W 1399990529 -1520175111  
291 sda 661031528 4096 W 1399990529 -1520175111  
291 sda9 222708336 4096 W 1399990529 -1449421353  
291 sda 661031536 4096 W 1399990529 -1449421353  
291 sda9 222708344 4096 W 1399990529 -642750471  
291 sda 661031544 4096 W 1399990529 -642750471  
291 sda9 222708352 4096 W 1399990535 278426974  
291 sda 661031552 4096 W 1399990535 278426974  
291 sda9 222708360 4096 W 1399990535 -1672184941  
291 sda 661031560 4096 W 1399990535 -1672184941  
291 sda9 222708368 4096 W 1399990535 -732904228  
291 sda 661031568 4096 W 1399990535 -732904228  
291 sda9 222708376 4096 W 1399990541 1873002328  
291 sda 661031576 4096 W 1399990541 1873002328  
291 sda9 222708384 4096 W 1399990541 1761302377  
291 sda 661031584 4096 W 1399990541 1761302377  
291 sda9 222708392 4096 W 1399990541 -2145293271  
291 sda 661031592 4096 W 1399990541 -2145293271  
2020 sda9 60303640 4096 W 1399990542 -2116726227  
2020 sda 498626840 4096 W 1399990542 -2116726227  
2020 sda9 55980232 4096 W 1399990542 -562298582  
2020 sda 494303432 4096 W 1399990542 -562298582  
2020 sda9 55980264 4096 W 1399990542 1190626665  
2020 sda 494303464 4096 W 1399990542 1190626665  
2020 sda9 55980280 4096 W 1399990542 1243861661  
2020 sda 494303480 4096 W 1399990542 1243861661  
2020 sda9 60037888 135168 W 1399990542 -1171211124 1010874005 -1425469571 491851118 -1554106884 -1710661687 -431290253 -1117916249 -211830539 647554874 -1200751949 1523760034 -1637089433 -35097132 -1408658879 -1519665871 -1623269749 1010874005 338448376 -949029442 2117430129 -349587937 1971015387 -1541578014 -654144731 -1431139083 1833205758 1055667450 1834756104 -1336808496 69516399 -1308100931 -223497348  
2020 sda 498361088 135168 W 1399990542 -1171211124 1010874005 -1425469571 491851118 -1554106884 -1710661687 -431290253 -1117916249 -211830539 647554874 -1200751949 1523760034 -1637089433 -35097132 -1408658879 -1519665871 -1623269749 1010874005 338448376 -949029442 2117430129 -349587937 1971015387 -1541578014 -654144731 -1431139083 1833205758 1055667450 1834756104 -1336808496 69516399 -1308100931 -223497348  
2020 sda9 796928 32768 W 1399990547 -81660985 1010874005 1300617 2101818984 548084706 312992513 -220902841 1744861711  
2020 sda 439120128 32768 W 1399990547 -81660985 1010874005 1300617 2101818984 548084706 312992513 -220902841 1744861711  
2020 sda9 797440 32768 W 1399990547 1095052747 2135871918 1702793817 -86412307 115085488 1348650214 -2048185048 1969161001  
2020 sda 439120640 32768 W 1399990547 1095052747 2135871918 1702793817 -86412307 115085488 1348650214 -2048185048 1969161001  
291 sda9 60303640 4096 W 1399990547 -1279548978  
291 sda 498626840 4096 W 1399990547 -1279548978  
291 sda9 222708400 4096 W 1399990547 2049546052  
291 sda 661031600 4096 W 1399990547 2049546052  
291 sda9 222708408 4096 W 1399990547 1114538403  
2020 sda9 8921344 32768 W 1399990547 1716451072 1010874005 211567033 1476360581 -1462689145 -1641918816 723101335 1596140550  
291 sda 661031608 4096 W 1399990547 1114538403  
291 sda9 222708416 4096 W 1399990547 1891773234  
291 sda 661031616 4096 W 1399990547 1891773234  
291 sda9 222708424 4096 W 1399990547 1882333337  
291 sda 661031624 4096 W 1399990547 1882333337  
2020 sda 447244544 32768 W 1399990547 1716451072 1010874005 211567033 1476360581 -1462689145 -1641918816 723101335 1596140550  
2020 sda9 8921728 32768 W 1399990547 246907255 -1287476810 -1467540864 1231557335 964304030 -1551630582 -244312914 953579251  
291 sda9 222708432 4096 W 1399990547 -361696919  
2020 sda 447244928 32768 W 1399990547 246907255 -1287476810 -1467540864 1231557335 964304030 -1551630582 -244312914 953579251  
291 sda 661031632 4096 W 1399990547 -361696919  
291 sda9 222708440 4096 W 1399990552 -716100340  
291 sda 661031640 4096 W 1399990552 -716100340  
291 sda9 222708448 4096 W 1399990552 -1971333319  
291 sda 661031648 4096 W 1399990552 -1971333319  
291 sda9 222708456 4096 W 1399990552 856587839  
291 sda 661031656 4096 W 1399990552 856587839  
2020 sda9 58720304 4096 W 1399990557 1891773234  
2020 sda 497043504 4096 W 1399990557 1891773234  
2020 sda9 16 4096 W 1399990557 1882333337  
2020 sda 438323216 4096 W 1399990557 1882333337  
291 sda9 222708464 4096 W 1399990558 1621798827  
291 sda 661031664 4096 W 1399990558 1621798827  
291 sda9 222708472 4096 W 1399990558 233525065  
291 sda 661031672 4096 W 1399990558 233525065  
291 sda9 222708480 4096 W 1399990558 -262628342  
291 sda 661031680 4096 W 1399990558 -262628342  
291 sda9 222708488 4096 W 1399990564 529622445  
291 sda 661031688 4096 W 1399990564 529622445  
291 sda9 222708496 4096 W 1399990564 1091186382  
291 sda 661031696 4096 W 1399990564 1091186382  
291 sda9 222708504 4096 W 1399990564 1797969103  
291 sda 661031704 4096 W 1399990564 1797969103  
291 sda9 222708512 4096 W 1399990570 235993092  
291 sda 661031712 4096 W 1399990570 235993092  
291 sda9 222708520 4096 W 1399990570 435863149  
291 sda 661031720 4096 W 1399990570 435863149  
291 sda9 222708528 4096 W 1399990570 1810679866  
291 sda 661031728 4096 W 1399990570 1810679866  
291 sda9 222708536 4096 W 1399990570 -250518957  
291 sda 661031736 4096 W 1399990570 -250518957  
291 sda9 222708544 4096 W 1399990575 -1889229265  
291 sda 661031744 4096 W 1399990575 -1889229265  
291 sda9 222708552 4096 W 1399990575 -2044295770  
291 sda 661031752 4096 W 1399990575 -2044295770  
291 sda9 222708560 4096 W 1399990575 -612094709  
291 sda 661031760 4096 W 1399990575 -612094709  
291 sda9 222708568 4096 W 1399990575 -1229745537  
291 sda 661031768 4096 W 1399990575 -1229745537  
2020 sda9 60303648 8192 W 1399990577 50210953 -177680035  
2020 sda 498626848 8192 W 1399990577 50210953 -177680035  
291 sda9 60310080 4096 W 1399990581 1122497231  
291 sda 498633280 4096 W 1399990581 1122497231  
291 sda9 60303656 4096 W 1399990581 1703909604  
291 sda 498626856 4096 W 1399990581 1703909604  
291 sda9 222708576 4096 W 1399990581 -424174860  
291 sda 661031776 4096 W 1399990581 -424174860  
291 sda9 222708584 4096 W 1399990581 -254064129  
291 sda 661031784 4096 W 1399990581 -254064129  
291 sda9 222708592 4096 W 1399990581 1992476233  
291 sda 661031792 4096 W 1399990581 1992476233  
291 sda9 222708600 4096 W 1399990581 1008911088  
291 sda 661031800 4096 W 1399990581 1008911088  
291 sda9 222708608 4096 W 1399990581 -721803242  
291 sda 661031808 4096 W 1399990581 -721803242  
291 sda9 222708616 4096 W 1399990581 1067938185  
291 sda 661031816 4096 W 1399990581 1067938185  
291 sda9 222708624 4096 W 1399990581 1190636188  
291 sda 661031824 4096 W 1399990581 1190636188  
291 sda9 222708632 4096 W 1399990581 954826908  
291 sda 661031832 4096 W 1399990581 954826908  
291 sda9 60303656 4096 W 1399990587 593004773  
291 sda 498626856 4096 W 1399990587 593004773  
291 sda9 222708640 4096 W 1399990587 -218552321  
291 sda 661031840 4096 W 1399990587 -218552321  
291 sda9 222708648 4096 W 1399990587 587891196  
291 sda 661031848 4096 W 1399990587 587891196  
291 sda9 222708656 4096 W 1399990587 1249482136  
291 sda 661031856 4096 W 1399990587 1249482136  
291 sda9 60303656 4096 W 1399990593 1971638234  
291 sda 498626856 4096 W 1399990593 1971638234  
291 sda9 222708664 4096 W 1399990593 1790258272  
291 sda 661031864 4096 W 1399990593 1790258272  
291 sda9 222708672 4096 W 1399990593 -597826379  
291 sda 661031872 4096 W 1399990593 -597826379  
291 sda9 222708680 4096 W 1399990593 711704175  
291 sda 661031880 4096 W 1399990593 711704175  
291 sda9 60303656 4096 W 1399990599 -28628116  
291 sda 498626856 4096 W 1399990599 -28628116  
291 sda9 222708688 4096 W 1399990599 361686630  
291 sda 661031888 4096 W 1399990599 361686630  
291 sda9 222708696 4096 W 1399990599 -1418525477  
291 sda 661031896 4096 W 1399990599 -1418525477  
291 sda9 222708704 4096 W 1399990599 -1767442827  
291 sda 661031904 4096 W 1399990599 -1767442827  
