2171 sdb2 487069416 4096 W 1400290921210553351 -1077085963  
2171 sdb 487479056 4096 W 1400290921210600154 -1077085963  
2171 sdb2 487069424 4096 W 1400290921210642332 -1952025561  
2171 sdb 487479064 4096 W 1400290921210675608 -1952025561  
2171 sdb2 487069432 4096 W 1400290921211511306 989278519  
2171 sdb 487479072 4096 W 1400290921211554033 989278519  
2966 sdb2 670000448 8192 W 1400290921888797880  
2966 sdb 670410088 8192 W 1400290921888818613  
2966 sdb2 2101264 512 R 1400290921889688241  
2966 sdb 2510904 512 R 1400290921889700379  
2966 sdb2 2101264 512 W 1400290921941293257  
2966 sdb 2510904 512 W 1400290921941306404  
2966 sdb2 670000464 4096 W 1400290921942365902  
2966 sdb 670410104 4096 W 1400290921942377194  
2966 sdb2 2101264 512 R 1400290921943018307  
2966 sdb 2510904 512 R 1400290921943025166  
2966 sdb2 2101264 512 W 1400290921974595081  
2966 sdb 2510904 512 W 1400290921974614492  
298 sda9 61355880 4096 W 1400290924888715741 -784277349  
298 sda 499679080 4096 W 1400290924888739175 -784277349  
298 sda9 77552 4096 W 1400290924888784946 1269488621  
298 sda 438400752 4096 W 1400290924888800462 1269488621  
298 sda9 56140608 4096 W 1400290924888822379 -927217301  
298 sda 494463808 4096 W 1400290924888837064 -927217301  
298 sda9 148131680 4096 W 1400290924888858838 1469071221  
298 sda 586454880 4096 W 1400290924888873331 1469071221  
298 sda9 148131704 4096 W 1400290924888895120 1694964435  
298 sda 586454904 4096 W 1400290924888909804 1694964435  
298 sda9 222753608 4096 W 1400290924888967323 293048694  
298 sda 661076808 4096 W 1400290924888983008 293048694  
298 sda9 222753616 4096 W 1400290924888999774 -679321744  
298 sda 661076816 4096 W 1400290924889014812 -679321744  
298 sda9 222753624 4096 W 1400290924889031942 649391369  
298 sda 661076824 4096 W 1400290924889046719 649391369  
298 sda9 222753632 4096 W 1400290924889061997 1070660444  
298 sda 661076832 4096 W 1400290924889076491 1070660444  
298 sda9 222753640 4096 W 1400290924889091561 2091683272  
298 sda 661076840 4096 W 1400290924889106124 2091683272  
298 sda9 222753648 4096 W 1400290924889121950 -1346250498  
298 sda 661076848 4096 W 1400290924889137306 -1346250498  
298 sda9 222753656 4096 W 1400290924889153913 -283900731  
298 sda 661076856 4096 W 1400290924889168471 -283900731  
298 sda9 222753664 4096 W 1400290924889184403 -1023022878  
298 sda 661076864 4096 W 1400290924889199254 -1023022878  
298 sda9 222753672 4096 W 1400290924889214793 1414517870  
298 sda 661076872 4096 W 1400290924889229895 1414517870  
298 sda9 222753680 4096 W 1400290924889245485 330027454  
298 sda 661076880 4096 W 1400290924889260235 330027454  
298 sda9 222753688 4096 W 1400290924889276258 1216656439  
298 sda 661076888 4096 W 1400290924889290809 1216656439  
298 sda9 222753696 4096 W 1400290924889306245 -152124900  
298 sda 661076896 4096 W 1400290924889320691 -152124900  
298 sda9 222753704 4096 W 1400290924889336051 -733576871  
298 sda 661076904 4096 W 1400290924889350763 -733576871  
298 sda9 222753712 4096 W 1400290924889366057 1547561673  
298 sda 661076912 4096 W 1400290924889380539 1547561673  
298 sda9 222753720 4096 W 1400290924889395567 -1358183724  
298 sda 661076920 4096 W 1400290924889410315 -1358183724  
298 sda9 222753728 4096 W 1400290924889425659 1527504331  
298 sda 661076928 4096 W 1400290924889440368 1527504331  
298 sda9 222753736 4096 W 1400290924889455950 1361488909  
298 sda 661076936 4096 W 1400290924889470917 1361488909  
298 sda9 222753744 4096 W 1400290924889486633 -12887962  
298 sda 661076944 4096 W 1400290924889501430 -12887962  
298 sda9 222753752 4096 W 1400290924889516963 -1947561296  
298 sda 661076952 4096 W 1400290924889531133 -1947561296  
298 sda9 222753760 4096 W 1400290924889545845 1068255511  
298 sda 661076960 4096 W 1400290924889559814 1068255511  
298 sda9 222753768 4096 W 1400290924889575521 1043309849  
298 sda 661076968 4096 W 1400290924889590517 1043309849  
298 sda9 222753776 4096 W 1400290924889605942 -986822100  
298 sda 661076976 4096 W 1400290924889620730 -986822100  
298 sda9 222753784 4096 W 1400290924889636508 882657631  
298 sda 661076984 4096 W 1400290924889651267 882657631  
298 sda9 222753792 4096 W 1400290924889667670 1432631120  
298 sda 661076992 4096 W 1400290924889682172 1432631120  
298 sda9 222753800 4096 W 1400290924889697978 1258775046  
298 sda 661077000 4096 W 1400290924889712728 1258775046  
298 sda9 222753808 4096 W 1400290924889728106 135678095  
298 sda 661077008 4096 W 1400290924889743172 135678095  
298 sda9 222753816 4096 W 1400290924889758858 -9335089  
298 sda 661077016 4096 W 1400290924889773584 -9335089  
298 sda9 222753824 4096 W 1400290924889789102 -747532278  
298 sda 661077024 4096 W 1400290924889803629 -747532278  
298 sda9 222753832 4096 W 1400290924889818909 643613602  
298 sda 661077032 4096 W 1400290924889833397 643613602  
2966 sda9 153296096 4096 W 1400290924889867739  
2966 sda 591619296 4096 W 1400290924889871006  
2966 sda9 129609744 4096 W 1400290924889883130  
2966 sda 567932944 4096 W 1400290924889885799  
2966 sda9 129610080 4096 W 1400290924889892956  
2966 sda 567933280 4096 W 1400290924889896184  
2966 sda9 153121216 4096 W 1400290924889903420  
2966 sda 591444416 4096 W 1400290924889905900  
2966 sda9 153296104 4096 W 1400290924889912325  
2966 sda 591619304 4096 W 1400290924889914821  
298 sda9 222753840 4096 W 1400290924890984018 1748381268  
298 sda 661077040 4096 W 1400290924891000353 1748381268  
2966 sdb2 669912000 4096 R 1400290925006622208  
2966 sdb 670321640 4096 R 1400290925006630402  
2966 sda9 153296112 4096 W 1400290925889956860  
2966 sda 591619312 4096 W 1400290925889972783  
2966 sda9 153296120 4096 W 1400290925889992872  
2966 sda 591619320 4096 W 1400290925889998033  
2966 sda9 153296128 4096 W 1400290925890009139  
2966 sda 591619328 4096 W 1400290925890013803  
2966 sda9 153296136 4096 W 1400290925890022553  
2966 sda 591619336 4096 W 1400290925890027126  
2966 sda9 153296144 4096 W 1400290925890035813  
2966 sda 591619344 4096 W 1400290925890040316  
2966 sda9 153296152 4096 W 1400290925890049898  
2966 sda 591619352 4096 W 1400290925890054435  
2966 sda9 153296160 4096 W 1400290925890063111  
2966 sda 591619360 4096 W 1400290925890067671  
2966 sda9 153296168 4096 W 1400290925890076972  
2966 sda 591619368 4096 W 1400290925890081553  
2966 sda9 153296176 4096 W 1400290925890090119  
2966 sda 591619376 4096 W 1400290925890094669  
2966 sda9 153296184 4096 W 1400290925890103172  
2966 sda 591619384 4096 W 1400290925890107712  
2966 sda9 153296192 4096 W 1400290925890116579  
2966 sda 591619392 4096 W 1400290925890121116  
2966 sda9 153296200 4096 W 1400290925890129942  
2966 sda 591619400 4096 W 1400290925890134470  
2966 sda9 153296208 4096 W 1400290925890142926  
2966 sda 591619408 4096 W 1400290925890147449  
2966 sda9 153296216 4096 W 1400290925890155775  
2966 sda 591619416 4096 W 1400290925890160281  
2966 sda9 153296224 4096 W 1400290925890168530  
2966 sda 591619424 4096 W 1400290925890173004  
2966 sda9 153296232 4096 W 1400290925890181473  
2966 sda 591619432 4096 W 1400290925890185996  
2966 sda9 153296240 20480 W 1400290925890197459  
2966 sda 591619440 20480 W 1400290925890202537  
2171 sdb2 487069440 4096 W 1400290927210543521 -413190144  
2171 sdb 487479080 4096 W 1400290927210589989 -413190144  
2171 sdb2 487069448 4096 W 1400290927210632095 -2008419812  
2171 sdb 487479088 4096 W 1400290927210665788 -2008419812  
2171 sdb2 487069456 4096 W 1400290927211724872 1650782658  
2171 sdb 487479096 4096 W 1400290927211769230 1650782658  
2966 sdb2 670067936 122880 W 1400290927899726097  
2966 sdb 670477576 122880 W 1400290927899744132  
2966 sdb2 670068176 122880 W 1400290927899761862  
2966 sdb 670477816 122880 W 1400290927899767210  
2966 sdb2 670068416 122880 W 1400290927899782342  
2966 sdb 670478056 122880 W 1400290927899787209  
2966 sdb2 670068656 122880 W 1400290927899797479  
2966 sdb 670478296 122880 W 1400290927899802150  
2966 sdb2 670068896 32768 W 1400290927899810158  
2966 sdb 670478536 32768 W 1400290927899815133  
2966 sdb2 670068960 122880 W 1400290927899837143  
2966 sdb 670478600 122880 W 1400290927899842411  
2966 sdb2 670069200 122880 W 1400290927899853393  
2966 sdb 670478840 122880 W 1400290927899858197  
2966 sdb2 670069440 122880 W 1400290927899870007  
2966 sdb 670479080 122880 W 1400290927899874864  
2966 sdb2 670069680 24576 W 1400290927899882161  
2966 sdb 670479320 24576 W 1400290927899886959  
2966 sdb2 670000472 20480 W 1400290927926056855  
2966 sdb 670410112 20480 W 1400290927926082638  
2966 sdb2 2101264 512 R 1400290927926093535  
2966 sdb 2510904 512 R 1400290927926096025  
2966 sdb2 2101264 512 W 1400290927974922663  
2966 sdb 2510904 512 W 1400290927974936977  
2966 sdb2 670000512 4096 W 1400290927977810752  
2966 sdb 670410152 4096 W 1400290927977824754  
2966 sdb2 2101264 512 R 1400290927978375867  
2966 sdb 2510904 512 R 1400290927978384134  
2966 sdb2 2101264 512 W 1400290928063966604  
2966 sdb 2510904 512 W 1400290928063983037  
324 sda9 148128328 4096 W 1400290929242575535 1536693094  
324 sda 586451528 4096 W 1400290929242620728 1536693094  
324 sda9 148128360 4096 W 1400290929242674860 -155179451  
324 sda 586451560 4096 W 1400290929242708580 -155179451  
324 sda9 148128384 4096 W 1400290929242750261 -694716703  
324 sda 586451584 4096 W 1400290929242783082 -694716703  
324 sda9 60313472 65536 W 1400290929243309252 1243129276 -719461062 1270408038 994201591 1385880667 684471614 -1100612512 71491641 879722913 1010874005 1010874005 1010874005 -1113144507 1885030818 1099342471 -1242964703  
324 sda 498636672 65536 W 1400290929243980189 1243129276 -719461062 1270408038 994201591 1385880667 684471614 -1100612512 71491641 879722913 1010874005 1010874005 1010874005 -1113144507 1885030818 1099342471 -1242964703  
324 sda9 60317184 69632 W 1400290929244576564 296034726 73488483 294204973 -1303242949 -1010203232 -653341913 -1284047692 1907231098 -284973653 1010874005 1010874005 1010874005 555783690 1863785611 -2121965110 24377857 -1456062409  
324 sda 498640384 69632 W 1400290929245080654 296034726 73488483 294204973 -1303242949 -1010203232 -653341913 -1284047692 1907231098 -284973653 1010874005 1010874005 1010874005 555783690 1863785611 -2121965110 24377857 -1456062409  
324 sda9 148131712 4096 W 1400290929245217568 1947755913  
324 sda 586454912 4096 W 1400290929245253522 1947755913  
2966 sda9 146415272 4096 W 1400290929279227377  
2966 sda 584738472 4096 W 1400290929279235464  
2966 sda9 153251312 4096 W 1400290929279246687  
2966 sda 591574512 4096 W 1400290929279248749  
2966 sda9 153295048 4096 W 1400290929279253584  
2966 sda 591618248 4096 W 1400290929279255456  
2966 sda9 153295688 4096 W 1400290929279259847  
2966 sda 591618888 4096 W 1400290929279261688  
2966 sda9 153295928 4096 W 1400290929279265795  
2966 sda 591619128 4096 W 1400290929279267691  
2966 sda9 144878392 102400 W 1400290929279275710  
2966 sda 583201592 102400 W 1400290929279277927  
2966 sda9 129265664 512 R 1400290929280037623  
2966 sda 567588864 512 R 1400290929280043382  
2966 sda9 129265664 512 W 1400290929281245899  
2966 sda 567588864 512 W 1400290929281253424  
2966 sda9 144878592 4096 W 1400290929282138711  
2966 sda 583201792 4096 W 1400290929282145114  
2966 sda9 129265664 512 R 1400290929282449616  
2966 sda 567588864 512 R 1400290929282457624  
2966 sda9 129265664 512 W 1400290929282678434  
2966 sda 567588864 512 W 1400290929282689329  
298 sda9 222753848 4096 W 1400290930218551154 1325714792  
298 sda 661077048 4096 W 1400290930218596827 1325714792  
298 sda9 222753856 4096 W 1400290930218638729 1173170254  
298 sda 661077056 4096 W 1400290930218671928 1173170254  
298 sda9 222753864 4096 W 1400290930218707478 -757071244  
298 sda 661077064 4096 W 1400290930218740189 -757071244  
298 sda9 222753872 4096 W 1400290930218774667 2063710580  
298 sda 661077072 4096 W 1400290930218806961 2063710580  
298 sda9 222753880 4096 W 1400290930218841495 -731491542  
298 sda 661077080 4096 W 1400290930218874855 -731491542  
298 sda9 222753888 4096 W 1400290930218908765 1141959333  
298 sda 661077088 4096 W 1400290930218941271 1141959333  
298 sda9 222753896 4096 W 1400290930218974634 1971223808  
298 sda 661077096 4096 W 1400290930219006957 1971223808  
298 sda9 222753904 4096 W 1400290930219041819 374927464  
298 sda 661077104 4096 W 1400290930219074761 374927464  
298 sda9 222753912 4096 W 1400290930219108130 1300526937  
298 sda 661077112 4096 W 1400290930219140757 1300526937  
298 sda9 222753920 4096 W 1400290930219755951 351284549  
298 sda 661077120 4096 W 1400290930219804619 351284549  
2171 sdb2 487069464 4096 W 1400290933210563608 -1738214906  
2171 sdb 487479104 4096 W 1400290933210610474 -1738214906  
2171 sdb2 487069472 4096 W 1400290933210652573 -532146684  
2171 sdb 487479112 4096 W 1400290933210686079 -532146684  
2171 sdb2 487069480 4096 W 1400290933211524336 492780484  
2171 sdb 487479120 4096 W 1400290933211563134 492780484  
2966 sdb2 670000520 8192 W 1400290933916456322  
2966 sdb 670410160 8192 W 1400290933916473343  
2966 sdb2 2101264 512 R 1400290933919247967  
2966 sdb 2510904 512 R 1400290933919256242  
2966 sdb2 2101264 512 W 1400290933975399789  
2966 sdb 2510904 512 W 1400290933975419353  
2966 sdb2 670000536 4096 W 1400290933977057223  
2966 sdb 670410176 4096 W 1400290933977075274  
2966 sdb2 2101264 512 R 1400290933977753825  
2966 sdb 2510904 512 R 1400290933977765013  
2966 sdb2 2101264 512 W 1400290934008800649  
2966 sdb 2510904 512 W 1400290934008819593  
324 sda9 54387072 4096 W 1400290934242541899 1979258513  
324 sda 492710272 4096 W 1400290934242587468 1979258513  
324 sda9 54387104 4096 W 1400290934242638090 904820655  
324 sda 492710304 4096 W 1400290934242671576 904820655  
324 sda9 54387128 4096 W 1400290934242713548 1245827654  
324 sda 492710328 4096 W 1400290934242746543 1245827654  
324 sda9 60311360 98304 W 1400290934243587121 -2076562745 1424749638 377148572 1703661737 -694482167 -890405935 -823711199 856363648 233493975 -960243758 -1295254678 -739157393 -429240636 728396881 -461262107 1477294617 668900228 1010874005 1010874005 453076917 -1705215546 2007413031 93901406 -417082249  
324 sda 498634560 98304 W 1400290934244318707 -2076562745 1424749638 377148572 1703661737 -694482167 -890405935 -823711199 856363648 233493975 -960243758 -1295254678 -739157393 -429240636 728396881 -461262107 1477294617 668900228 1010874005 1010874005 453076917 -1705215546 2007413031 93901406 -417082249  
324 sda9 60313600 102400 W 1400290934245078700 -375327810 -640283576 -789822500 371811264 960599715 486624820 -1233576308 1271943686 -519745108 1010874005 -705858777 -326113058 -114429884 2054912901 1216877488 -2070440244 1049965744 1440002055 1798290759 63786953 1119860722 634852485 2097211299 892475993 1004820145  
324 sda 498636800 102400 W 1400290934245816435 -375327810 -640283576 -789822500 371811264 960599715 486624820 -1233576308 1271943686 -519745108 1010874005 -705858777 -326113058 -114429884 2054912901 1216877488 -2070440244 1049965744 1440002055 1798290759 63786953 1119860722 634852485 2097211299 892475993 1004820145  
2966 sda9 144878600 8192 W 1400290935027762473  
2966 sda 583201800 8192 W 1400290935027781165  
2966 sda9 129265664 512 R 1400290935028145080  
2966 sda 567588864 512 R 1400290935028155888  
2966 sda9 129265664 512 W 1400290935028309500  
2966 sda 567588864 512 W 1400290935028316232  
2966 sda9 144878616 4096 W 1400290935029086100  
2966 sda 583201816 4096 W 1400290935029097371  
2966 sda9 129265664 512 R 1400290935029115166  
2966 sda 567588864 512 R 1400290935029120825  
2966 sda9 129265664 512 W 1400290935029295200  
2966 sda 567588864 512 W 1400290935029300819  
298 sda9 222753928 4096 W 1400290936234553715 -1609861856  
298 sda 661077128 4096 W 1400290936234599256 -1609861856  
298 sda9 222753936 4096 W 1400290936234641514 1506254263  
298 sda 661077136 4096 W 1400290936234674629 1506254263  
298 sda9 222753944 4096 W 1400290936234709940 757183472  
298 sda 661077144 4096 W 1400290936234742503 757183472  
298 sda9 222753952 4096 W 1400290936235083687 -618508631  
298 sda 661077152 4096 W 1400290936235120002 -618508631  
2171 sdb2 487069488 4096 W 1400290939226563522 765423777  
2171 sdb 487479128 4096 W 1400290939226610990 765423777  
2171 sdb2 487069496 4096 W 1400290939226655367 -1797601227  
2171 sdb 487479136 4096 W 1400290939226689438 -1797601227  
2171 sdb2 487069504 4096 W 1400290939227628550 -1465599645  
2171 sdb 487479144 4096 W 1400290939227672526 -1465599645  
2966 sdb2 670000544 8192 W 1400290939931618869  
2966 sdb 670410184 8192 W 1400290939931635322  
2966 sdb2 2101264 512 R 1400290939931657456  
2966 sdb 2510904 512 R 1400290939931663263  
2966 sdb2 2101264 512 W 1400290939964474610  
2966 sdb 2510904 512 W 1400290939964490627  
2966 sdb2 670000560 4096 W 1400290939967286657  
2966 sdb 670410200 4096 W 1400290939967297472  
2966 sdb2 2101264 512 R 1400290939967911097  
2966 sdb 2510904 512 R 1400290939967917643  
2966 sdb2 2101264 512 W 1400290940031140099  
2966 sdb 2510904 512 W 1400290940031159166  
2966 sda9 144878624 8192 W 1400290940267885836  
2966 sda 583201824 8192 W 1400290940267904301  
2966 sda9 129265664 512 R 1400290940267931653  
2966 sda 567588864 512 R 1400290940267939010  
2966 sda9 129265664 512 W 1400290940268191456  
2966 sda 567588864 512 W 1400290940268199851  
2966 sda9 144878640 4096 W 1400290940269095822  
2966 sda 583201840 4096 W 1400290940269105825  
2966 sda9 129265664 512 R 1400290940269340737  
2966 sda 567588864 512 R 1400290940269350088  
2966 sda9 129265664 512 W 1400290940269494533  
2966 sda 567588864 512 W 1400290940269503109  
298 sda9 222753960 4096 W 1400290942234546423 -550453466  
298 sda 661077160 4096 W 1400290942234591224 -550453466  
298 sda9 222753968 4096 W 1400290942234633954 1333357617  
298 sda 661077168 4096 W 1400290942234667300 1333357617  
298 sda9 222753976 4096 W 1400290942234702633 -1939326183  
298 sda 661077176 4096 W 1400290942234735394 -1939326183  
298 sda9 222753984 4096 W 1400290942235127213 -838597232  
298 sda 661077184 4096 W 1400290942235169916 -838597232  
2966 sdb2 670090480 122880 W 1400290943938092965  
2966 sdb 670500120 122880 W 1400290943938110525  
2966 sdb2 670090720 122880 W 1400290943938129053  
2966 sdb 670500360 122880 W 1400290943938134429  
2966 sdb2 670090960 122880 W 1400290943938149433  
2966 sdb 670500600 122880 W 1400290943938154170  
2966 sdb2 670091200 122880 W 1400290943938164844  
2966 sdb 670500840 122880 W 1400290943938169442  
2966 sdb2 670091440 32768 W 1400290943938177547  
2966 sdb 670501080 32768 W 1400290943938182298  
2966 sdb2 670091504 122880 W 1400290943938203813  
2966 sdb 670501144 122880 W 1400290943938209024  
2966 sdb2 670091744 122880 W 1400290943938220297  
2966 sdb 670501384 122880 W 1400290943938225058  
2966 sdb2 670091984 122880 W 1400290943938237673  
2966 sdb 670501624 122880 W 1400290943938242330  
2966 sdb2 670092224 24576 W 1400290943938249280  
2966 sdb 670501864 24576 W 1400290943938253940  
2171 sdb2 487069512 4096 W 1400290945210544387 1386527399  
2171 sdb 487479152 4096 W 1400290945210590224 1386527399  
2171 sdb2 487069520 4096 W 1400290945210632216 1422358554  
2171 sdb 487479160 4096 W 1400290945210665472 1422358554  
2171 sdb2 487069528 4096 W 1400290945211495991 -677416091  
2171 sdb 487479168 4096 W 1400290945211554570 -677416091  
2966 sdb2 670000568 12288 W 1400290945947921758  
2966 sdb 670410208 12288 W 1400290945947938546  
2966 sdb2 2101264 512 R 1400290945949027892  
2966 sdb 2510904 512 R 1400290945949040079  
2966 sdb2 2101264 512 W 1400290945998243365  
2966 sdb 2510904 512 W 1400290945998254700  
2966 sdb2 670000592 4096 W 1400290945999860593  
2966 sdb 670410232 4096 W 1400290945999869933  
2966 sdb2 669912000 4096 W 1400290945999901178  
2966 sdb 670321640 4096 W 1400290945999906583  
2966 sdb2 669912128 4096 W 1400290945999916984  
2966 sdb 670321768 4096 W 1400290945999922065  
2966 sdb2 694862472 4096 W 1400290945999932967  
2966 sdb 695272112 4096 W 1400290945999937921  
2966 sdb2 2101264 512 R 1400290946000520231  
2966 sdb 2510904 512 R 1400290946000526679  
2966 sdb2 2101264 512 W 1400290946031487564  
2966 sdb 2510904 512 W 1400290946031508233  
2966 sda9 144878648 8192 W 1400290946049964107  
2966 sda 583201848 8192 W 1400290946049982752  
2966 sda9 129265664 512 R 1400290946050335231  
2966 sda 567588864 512 R 1400290946050344299  
2966 sda9 129265664 512 W 1400290946050596651  
2966 sda 567588864 512 W 1400290946050608989  
2966 sda9 144878664 4096 W 1400290946051549578  
2966 sda 583201864 4096 W 1400290946051561014  
2966 sda9 129265664 512 R 1400290946051785756  
2966 sda 567588864 512 R 1400290946051792659  
2966 sda9 129265664 512 W 1400290946051928393  
2966 sda 567588864 512 W 1400290946051934086  
298 sda9 222753992 4096 W 1400290948218595690 -782812069  
298 sda 661077192 4096 W 1400290948218639863 -782812069  
298 sda9 222754000 4096 W 1400290948218681494 -1119559  
298 sda 661077200 4096 W 1400290948218714669 -1119559  
298 sda9 222754008 4096 W 1400290948218759952 182590528  
298 sda 661077208 4096 W 1400290948218797159 182590528  
298 sda9 222754016 4096 W 1400290948218836523 -456261134  
298 sda 661077216 4096 W 1400290948218874555 -456261134  
298 sda9 222754024 4096 W 1400290948218914074 -1765524839  
298 sda 661077224 4096 W 1400290948218950043 -1765524839  
298 sda9 222754032 4096 W 1400290948218988674 1021157096  
298 sda 661077232 4096 W 1400290948219027345 1021157096  
298 sda9 222754040 4096 W 1400290948219063891 -12887962  
298 sda 661077240 4096 W 1400290948219096415 -12887962  
298 sda9 222754048 4096 W 1400290948219129941 183235676  
298 sda 661077248 4096 W 1400290948219162635 183235676  
298 sda9 222754056 4096 W 1400290948219196388 -1884999419  
298 sda 661077256 4096 W 1400290948219228641 -1884999419  
298 sda9 222754064 4096 W 1400290948219262929 805781784  
298 sda 661077264 4096 W 1400290948219297353 805781784  
298 sda9 222754072 4096 W 1400290948219336168 -687518135  
298 sda 661077272 4096 W 1400290948219372140 -687518135  
298 sda9 222754080 4096 W 1400290948219413116 94676956  
298 sda 661077280 4096 W 1400290948219450781 94676956  
298 sda9 222754088 4096 W 1400290948219488694 882165435  
298 sda 661077288 4096 W 1400290948219524568 882165435  
298 sda9 222754096 4096 W 1400290948219559364 293328520  
298 sda 661077296 4096 W 1400290948219591721 293328520  
298 sda9 222754104 4096 W 1400290948219625922 -735734421  
298 sda 661077304 4096 W 1400290948219659100 -735734421  
298 sda9 222754112 4096 W 1400290948219693686 1201124075  
298 sda 661077312 4096 W 1400290948219726951 1201124075  
298 sda9 222754120 4096 W 1400290948219760503 -1258727377  
298 sda 661077320 4096 W 1400290948219792800 -1258727377  
298 sda9 222754128 4096 W 1400290948219826527 -437684549  
298 sda 661077328 4096 W 1400290948219858983 -437684549  
298 sda9 222754136 4096 W 1400290948219893164 -2023936700  
298 sda 661077336 4096 W 1400290948219925404 -2023936700  
298 sda9 222754144 4096 W 1400290948219959067 1614560566  
298 sda 661077344 4096 W 1400290948219991437 1614560566  
298 sda9 222754152 4096 W 1400290948220028087 -438725742  
298 sda 661077352 4096 W 1400290948220061155 -438725742  
298 sda9 222754160 4096 W 1400290948220095049 1314480871  
298 sda 661077360 4096 W 1400290948220127208 1314480871  
298 sda9 222754168 4096 W 1400290948220160674 -237103054  
298 sda 661077368 4096 W 1400290948220192877 -237103054  
298 sda9 222754176 4096 W 1400290948220226597 -1504992029  
298 sda 661077376 4096 W 1400290948220258823 -1504992029  
298 sda9 222754184 4096 W 1400290948221089193 1566836891  
298 sda 661077384 4096 W 1400290948221134115 1566836891  
324 sda9 117442288 4096 W 1400290949242575578 1300526937  
324 sda 555765488 4096 W 1400290949242620654 1300526937  
324 sda9 117447976 4096 W 1400290949242666324 1258775046  
324 sda 555771176 4096 W 1400290949242701026 1258775046  
324 sda9 117506304 4096 W 1400290949242740916 1527504331  
324 sda 555829504 4096 W 1400290949242779484 1527504331  
324 sda9 125976208 4096 W 1400290949242823537 374927464  
324 sda 564299408 4096 W 1400290949242861106 374927464  
324 sda9 146800680 4096 W 1400290949242906061 1141959333  
324 sda 585123880 4096 W 1400290949242943786 1141959333  
324 sda9 146804576 4096 W 1400290949242986056 -237103054  
324 sda 585127776 4096 W 1400290949243025140 -237103054  
324 sda9 155189256 4096 W 1400290949243070918 1201124075  
324 sda 593512456 4096 W 1400290949243113919 1201124075  
324 sda9 155192480 4096 W 1400290949243163855 -1947561296  
324 sda 593515680 4096 W 1400290949243202028 -1947561296  
324 sda9 163581512 4096 W 1400290949243246717 1432631120  
324 sda 601904712 4096 W 1400290949243287379 1432631120  
324 sda9 176160768 4096 W 1400290949243341989 -733576871  
324 sda 614483968 4096 W 1400290949243402466 -733576871  
324 sda9 176160904 4096 W 1400290949243462155 330027454  
324 sda 614484104 4096 W 1400290949243506108 330027454  
324 sda9 176165440 4096 W 1400290949243561593 -152124900  
324 sda 614488640 4096 W 1400290949243603712 -152124900  
324 sda9 176235712 4096 W 1400290949243658493 1547561673  
324 sda 614558912 4096 W 1400290949243695233 1547561673  
324 sda9 0 4096 W 1400290949243745056 -12887962  
324 sda 438323200 4096 W 1400290949243777957 -12887962  
324 sda9 16 4096 W 1400290949243814747 805781784  
324 sda 438323216 4096 W 1400290949243847411 805781784  
324 sda9 24 4096 W 1400290949243883924 649391369  
324 sda 438323224 4096 W 1400290949243922662 649391369  
324 sda9 40 4096 W 1400290949243970150 -1258727377  
324 sda 438323240 4096 W 1400290949244014580 -1258727377  
324 sda9 48 4096 W 1400290949244054247 1216656439  
324 sda 438323248 4096 W 1400290949244086881 1216656439  
324 sda9 46137360 4096 W 1400290949244123106 -1884999419  
324 sda 484460560 4096 W 1400290949244156031 -1884999419  
324 sda9 46137480 4096 W 1400290949244255530 -687518135  
324 sda 484460680 4096 W 1400290949244289514 -687518135  
324 sda9 46137680 4096 W 1400290949244325305 -1765524839  
324 sda 484460880 4096 W 1400290949244357641 -1765524839  
324 sda9 46143072 4096 W 1400290949244393660 1614560566  
324 sda 484466272 4096 W 1400290949244426016 1614560566  
324 sda9 46143080 4096 W 1400290949244461456 -456261134  
324 sda 484466280 4096 W 1400290949244493643 -456261134  
324 sda9 46143096 4096 W 1400290949244529347 182590528  
324 sda 484466296 4096 W 1400290949244562937 182590528  
324 sda9 46143112 4096 W 1400290949244599419 -1504992029  
324 sda 484466312 4096 W 1400290949244632438 -1504992029  
324 sda9 46143120 4096 W 1400290949244669372 293328520  
324 sda 484466320 4096 W 1400290949244701888 293328520  
324 sda9 46143128 4096 W 1400290949244736981 1314480871  
324 sda 484466328 4096 W 1400290949244769161 1314480871  
324 sda9 46143136 4096 W 1400290949244821617 -2023936700  
324 sda 484466336 4096 W 1400290949244854682 -2023936700  
324 sda9 46143144 4096 W 1400290949244890433 94676956  
324 sda 484466344 4096 W 1400290949244923444 94676956  
324 sda9 46143152 4096 W 1400290949244957829 183235676  
324 sda 484466352 4096 W 1400290949244990586 183235676  
324 sda9 46205408 4096 W 1400290949245025128 1021157096  
324 sda 484528608 4096 W 1400290949245057872 1021157096  
324 sda9 46205416 4096 W 1400290949245105420 -437684549  
324 sda 484528616 4096 W 1400290949245139558 -437684549  
324 sda9 46205592 4096 W 1400290949245175161 -438725742  
324 sda 484528792 4096 W 1400290949245207317 -438725742  
324 sda9 50331768 4096 W 1400290949245243202 882165435  
324 sda 488654968 4096 W 1400290949245275776 882165435  
324 sda9 54526000 4096 W 1400290949245312382 -735734421  
324 sda 492849200 4096 W 1400290949245345144 -735734421  
324 sda9 71303304 4096 W 1400290949245383447 -679321744  
324 sda 509626504 4096 W 1400290949245417370 -679321744  
324 sda9 71303768 4096 W 1400290949245454334 2091683272  
324 sda 509626968 4096 W 1400290949245486781 2091683272  
324 sda9 71310744 4096 W 1400290949245523852 1070660444  
324 sda 509633944 4096 W 1400290949245556328 1070660444  
324 sda9 71418800 4096 W 1400290949245596547 1414517870  
324 sda 509742000 4096 W 1400290949245628797 1414517870  
324 sda9 71418808 4096 W 1400290949245665165 -1346250498  
324 sda 509742008 4096 W 1400290949245698074 -1346250498  
324 sda9 71418824 4096 W 1400290949245743463 -1023022878  
324 sda 509742024 4096 W 1400290949245777183 -1023022878  
324 sda9 104858720 4096 W 1400290949245814561 135678095  
324 sda 543181920 4096 W 1400290949245850650 135678095  
324 sda9 104860592 4096 W 1400290949245891803 -9335089  
324 sda 543183792 4096 W 1400290949245924781 -9335089  
324 sda9 117440768 4096 W 1400290949246011570 -1358183724  
324 sda 555763968 4096 W 1400290949246044415 -1358183724  
2966 sda9 144878672 8192 W 1400290951063398068  
2966 sda 583201872 8192 W 1400290951063414215  
2966 sda9 129265664 512 R 1400290951063813985  
2966 sda 567588864 512 R 1400290951063824776  
2966 sda9 129265664 512 W 1400290951064045937  
2966 sda 567588864 512 W 1400290951064056976  
2966 sda9 144878688 4096 W 1400290951065074449  
2966 sda 583201888 4096 W 1400290951065088908  
2966 sda9 129265664 512 R 1400290951065319802  
2966 sda 567588864 512 R 1400290951065326480  
2966 sda9 129265664 512 W 1400290951065459458  
2966 sda 567588864 512 W 1400290951065465074  
2171 sdb2 487069536 4096 W 1400290951210563852 257916790  
2171 sdb 487479176 4096 W 1400290951210611036 257916790  
2171 sdb2 487069544 4096 W 1400290951210653703 1340809236  
2171 sdb 487479184 4096 W 1400290951210695954 1340809236  
2171 sdb2 487069552 4096 W 1400290951211689451 -1973111116  
2171 sdb 487479192 4096 W 1400290951211730812 -1973111116  
2966 sdb2 670000600 8192 W 1400290951963661994  
2966 sdb 670410240 8192 W 1400290951963678425  
2966 sdb2 2101264 512 R 1400290951963701133  
2966 sdb 2510904 512 R 1400290951963706796  
2966 sdb2 2101264 512 W 1400290951998524665  
2966 sdb 2510904 512 W 1400290951998541246  
2966 sdb2 670000616 4096 W 1400290952001314705  
2966 sdb 670410256 4096 W 1400290952001330300  
2966 sdb2 2101264 512 R 1400290952001979298  
2966 sdb 2510904 512 R 1400290952001987443  
2966 sdb2 2101264 512 W 1400290952065046685  
2966 sdb 2510904 512 W 1400290952065061118  
298 sda9 222754192 4096 W 1400290953555686307 -1142750563  
298 sda 661077392 4096 W 1400290953555749438 -1142750563  
298 sda9 222754200 4096 W 1400290953555804716 1566822354  
298 sda 661077400 4096 W 1400290953555848983 1566822354  
298 sda9 222754208 4096 W 1400290953555894376 -1856285104  
298 sda 661077408 4096 W 1400290953555934614 -1856285104  
298 sda9 222754216 4096 W 1400290953555979208 -486269902  
298 sda 661077416 4096 W 1400290953556033121 -486269902  
298 sda9 222754224 4096 W 1400290953556502748 2030209000  
298 sda 661077424 4096 W 1400290953556540013 2030209000  
324 sda9 176739064 102400 W 1400290954243534873 1736876276 415933401 -1537603667 -1239096702 1012673240 -1961299382 1857613371 1913329495 -1454091449 -2106454528 -737735355 -1769932977 1201262476 531382115 1413815153 1186387027 1955595132 -490493758 -1938246009 1137156638 610011483 927609907 177030811 -395567920 1417280198  
324 sda 615062264 102400 W 1400290954244293510 1736876276 415933401 -1537603667 -1239096702 1012673240 -1961299382 1857613371 1913329495 -1454091449 -2106454528 -737735355 -1769932977 1201262476 531382115 1413815153 1186387027 1955595132 -490493758 -1938246009 1137156638 610011483 927609907 177030811 -395567920 1417280198  
324 sda9 176743152 524288 W 1400290954248328958 1424356659 -66094367 713940784 976909746 -1954948954 1265850131 -1451082184 -2127917193 2061842357 313314383 -1475558046 2053612875 2137507454 701791105 -1648235100 222830051 -27156885 -1829672846 484060925 1646703028 -265239080 410235366 1436311589 -1977054631 -181022143 -557508898 -1048786547 1665074255 -2076597037 -1789577166 1990943013 896855417 520547797 -1670764997 2004686433 -1350864332 1148642389 810691928 -1908694744 1085789236 -76547735 299491043 -1241170170 -1972098893 1421617037 -298178271 -161 
324 sda 615066352 524288 W 1400290954252038043 1424356659 -66094367 713940784 976909746 -1954948954 1265850131 -1451082184 -2127917193 2061842357 313314383 -1475558046 2053612875 2137507454 701791105 -1648235100 222830051 -27156885 -1829672846 484060925 1646703028 -265239080 410235366 1436311589 -1977054631 -181022143 -557508898 -1048786547 1665074255 -2076597037 -1789577166 1990943013 896855417 520547797 -1670764997 2004686433 -1350864332 1148642389 810691928 -1908694744 1085789236 -76547735 299491043 -1241170170 -1972098893 1421617037 -298178271 -161 
324 sda9 176744176 233472 W 1400290954253759001 -1658143782 347960970 1456625859 -704572697 606662027 -2024239979 806119323 -2067962545 791837900 -2100080911 1334763078 -2080207455 -1859172803 787849757 -828081247 -2010465495 603620646 -2131886414 458118295 708950229 1723255460 1780824185 -1927764929 -1169128348 842616636 -1463998467 -1906067553 -1654359422 114425304 -28316156 1317670233 1873723321 38832212 1407011183 458116769 -435380659 -828930087 2007204052 728144667 1605319991 2135963562 -635336841 -925645758 -1536297765 307685979 1058167463 1889474 
324 sda 615067376 233472 W 1400290954255399450 -1658143782 347960970 1456625859 -704572697 606662027 -2024239979 806119323 -2067962545 791837900 -2100080911 1334763078 -2080207455 -1859172803 787849757 -828081247 -2010465495 603620646 -2131886414 458118295 708950229 1723255460 1780824185 -1927764929 -1169128348 842616636 -1463998467 -1906067553 -1654359422 114425304 -28316156 1317670233 1873723321 38832212 1407011183 458116769 -435380659 -828930087 2007204052 728144667 1605319991 2135963562 -635336841 -925645758 -1536297765 307685979 1058167463 1889474 
324 sda9 148040936 32768 W 1400290954255744520 -918422390 875784183 1841270306 1896495727 713493114 1214959062 327950620 -67872953  
324 sda 586364136 32768 W 1400290954255979018 -918422390 875784183 1841270306 1896495727 713493114 1214959062 327950620 -67872953  
2966 sda9 153296280 4096 W 1400290954960059851  
2966 sda 591619480 4096 W 1400290954960076645  
2966 sdb2 669911880 4096 R 1400290955971322293  
2966 sdb 670321520 4096 R 1400290955971338620  
2966 sda9 144878696 24576 W 1400290956075873510  
2966 sda 583201896 24576 W 1400290956075888574  
2966 sda9 129265664 512 R 1400290956076366020  
2966 sda 567588864 512 R 1400290956076378932  
2966 sda9 129265664 512 W 1400290956076629945  
2966 sda 567588864 512 W 1400290956076643555  
2966 sda9 144878744 4096 W 1400290956077783557  
2966 sda 583201944 4096 W 1400290956077797231  
2966 sda9 129265664 512 R 1400290956078065419  
2966 sda 567588864 512 R 1400290956078073290  
2966 sda9 129265664 512 W 1400290956078218830  
2966 sda 567588864 512 W 1400290956078224694  
2966 sdb2 670157880 4096 W 1400290956969952501  
2966 sdb 670567520 4096 W 1400290956969972142  
2966 sdb2 670157888 4096 W 1400290956969987083  
2171 sdb2 487069560 4096 W 1400290956969986194 1885648240  
2966 sdb 670567528 4096 W 1400290956969993240  
2966 sdb2 670157896 4096 W 1400290956970002484  
2966 sdb 670567536 4096 W 1400290956970007866  
2966 sdb2 670157904 4096 W 1400290956970014378  
2966 sdb 670567544 4096 W 1400290956970019861  
2966 sdb2 670157912 4096 W 1400290956970026653  
2171 sdb 487479200 4096 W 1400290956970027602 1885648240  
2966 sdb 670567552 4096 W 1400290956970032279  
2966 sdb2 670157920 4096 W 1400290956970039628  
2966 sdb 670567560 4096 W 1400290956970046561  
2966 sdb2 670157928 4096 W 1400290956970054502  
2966 sdb 670567568 4096 W 1400290956970061338  
2171 sdb2 487069568 4096 W 1400290956970066971 1896894042  
2966 sdb2 670157936 4096 W 1400290956970069406  
2966 sdb 670567576 4096 W 1400290956970076228  
2966 sdb2 670157944 4096 W 1400290956970084785  
2966 sdb 670567584 4096 W 1400290956970091546  
2171 sdb 487479208 4096 W 1400290956970100273 1896894042  
2966 sdb2 670157952 8192 W 1400290956970104883  
2966 sdb 670567592 8192 W 1400290956970112454  
2966 sdb2 670157976 122880 W 1400290956970128654  
2966 sdb 670567616 122880 W 1400290956970135696  
2966 sdb2 670158216 36864 W 1400290956970148619  
2966 sdb 670567856 36864 W 1400290956970155836  
2171 sdb2 487069576 4096 W 1400290956970950344 -178291534  
2171 sdb 487479216 4096 W 1400290956970987461 -178291534  
2966 sdb2 670000624 20480 W 1400290957975504853  
2966 sdb 670410264 20480 W 1400290957975522533  
2966 sdb2 2101264 512 R 1400290957977039783  
2966 sdb 2510904 512 R 1400290957977047881  
2966 sdb2 2101264 512 W 1400290958031969031  
2966 sdb 2510904 512 W 1400290958031991544  
2966 sdb2 670000664 4096 W 1400290958033167707  
2966 sdb 670410304 4096 W 1400290958033176046  
2966 sdb2 2101264 512 R 1400290958033846211  
2966 sdb 2510904 512 R 1400290958033854406  
2966 sdb2 2101264 512 W 1400290958065542841  
2966 sdb 2510904 512 W 1400290958065556107  
298 sda9 148040992 4096 W 1400290959226528791 -373624498  
298 sda 586364192 4096 W 1400290959226573957 -373624498  
298 sda9 222754232 4096 W 1400290959226688667 -148470863  
298 sda 661077432 4096 W 1400290959226725888 -148470863  
298 sda9 222754240 4096 W 1400290959226761639 1236286240  
298 sda 661077440 4096 W 1400290959226794403 1236286240  
298 sda9 222754248 4096 W 1400290959226831110 -1012137579  
298 sda 661077448 4096 W 1400290959226882844 -1012137579  
298 sda9 222754256 4096 W 1400290959226926637 -1559103316  
298 sda 661077456 4096 W 1400290959226962284 -1559103316  
298 sda9 222754264 4096 W 1400290959227003417 7033288  
298 sda 661077464 4096 W 1400290959227042275 7033288  
298 sda9 222754272 4096 W 1400290959227080331 -298815806  
298 sda 661077472 4096 W 1400290959227119417 -298815806  
298 sda9 222754280 4096 W 1400290959227158743 -341659672  
298 sda 661077480 4096 W 1400290959227191898 -341659672  
298 sda9 222754288 4096 W 1400290959227225414 -1096673894  
298 sda 661077488 4096 W 1400290959227257697 -1096673894  
298 sda9 222754296 4096 W 1400290959227291099 -1991759944  
298 sda 661077496 4096 W 1400290959227324442 -1991759944  
298 sda9 222754304 4096 W 1400290959227796970 -1430793211  
298 sda 661077504 4096 W 1400290959227840288 -1430793211  
2966 sda9 143758432 102400 W 1400290959838112229  
2966 sda 582081632 102400 W 1400290959838130313  
2966 sda9 144406528 524288 W 1400290959838194388  
2966 sda 582729728 524288 W 1400290959838202516  
2966 sda9 144407552 229376 W 1400290960971661225  
2966 sda 582730752 229376 W 1400290960971681845  
2966 sda9 153296288 28672 W 1400290960971720553  
2966 sda 591619488 28672 W 1400290960971730439  
2966 sda9 153139592 4096 W 1400290960971750614  
2966 sda 591462792 4096 W 1400290960971758542  
2966 sda9 153154440 4096 W 1400290960971774198  
2966 sda 591477640 4096 W 1400290960971781418  
2966 sda9 149219720 4096 W 1400290960971800414  
2966 sda 587542920 4096 W 1400290960971809903  
2966 sda9 129615872 4096 W 1400290960971824890  
2966 sda 567939072 4096 W 1400290960971833068  
2966 sda9 129616048 4096 W 1400290960971848069  
2966 sda 567939248 4096 W 1400290960971855105  
2966 sda9 129616128 4096 W 1400290960971870303  
2966 sda 567939328 4096 W 1400290960971877566  
2966 sda9 146752960 8192 W 1400290960971894758  
2966 sda 585076160 8192 W 1400290960971902913  
2966 sda9 138070320 4096 W 1400290960971920526  
2966 sda 576393520 4096 W 1400290960971930262  
2966 sda9 153139192 4096 W 1400290960971949940  
2966 sda 591462392 4096 W 1400290960971957898  
2966 sda9 142248424 4096 W 1400290960971975203  
2966 sda 580571624 4096 W 1400290960971983105  
2966 sda9 129591296 4096 W 1400290960972001530  
2966 sda 567914496 4096 W 1400290960972013600  
2966 sda9 129609904 4096 W 1400290960972043879  
2966 sda 567933104 4096 W 1400290960972058499  
2966 sdb2 670123280 122880 W 1400290960974502711  
2966 sdb 670532920 122880 W 1400290960974523301  
2966 sdb2 670123520 122880 W 1400290960974553599  
2966 sdb 670533160 122880 W 1400290960974562199  
2966 sdb2 670123760 122880 W 1400290960974587904  
2966 sdb 670533400 122880 W 1400290960974596056  
2966 sdb2 670124000 122880 W 1400290960974611534  
2966 sdb 670533640 122880 W 1400290960974618874  
2966 sdb2 670124240 32768 W 1400290960974631038  
2966 sdb 670533880 32768 W 1400290960974637640  
2966 sdb2 670124304 122880 W 1400290960974671918  
2966 sdb 670533944 122880 W 1400290960974679498  
2966 sdb2 670124544 122880 W 1400290960974695431  
2966 sdb 670534184 122880 W 1400290960974702106  
2966 sdb2 670124784 122880 W 1400290960974720896  
2966 sdb 670534424 122880 W 1400290960974728162  
2966 sdb2 670125024 24576 W 1400290960974739531  
2966 sdb 670534664 24576 W 1400290960974747692  
2966 sda9 129610080 4096 W 1400290960974817411  
2966 sda 567933280 4096 W 1400290960974825436  
2966 sda9 129611416 4096 W 1400290960974842451  
2966 sda 567934616 4096 W 1400290960974849039  
2966 sda9 149925728 4096 W 1400290960974867458  
2966 sda 588248928 4096 W 1400290960974873842  
2966 sda9 153120968 8192 W 1400290960974888856  
2966 sda 591444168 8192 W 1400290960974895321  
2966 sda9 153121144 4096 W 1400290960974908256  
2966 sda 591444344 4096 W 1400290960974914481  
2966 sda9 153121200 4096 W 1400290960974927387  
2966 sda 591444400 4096 W 1400290960974933548  
2966 sda9 153296288 28672 W 1400290961088269997  
2966 sda 591619488 28672 W 1400290961088284624  
2966 sda9 144878752 32768 W 1400290961088308578  
2966 sda 583201952 32768 W 1400290961088313880  
2966 sda9 129265664 512 R 1400290961088328129  
2966 sda 567588864 512 R 1400290961088333384  
2966 sda9 129265664 512 W 1400290961088744035  
2966 sda 567588864 512 W 1400290961088754990  
2966 sda9 144878816 4096 W 1400290961089889887  
2966 sda 583202016 4096 W 1400290961089901667  
2966 sda9 129265664 512 R 1400290961089919985  
2966 sda 567588864 512 R 1400290961089925634  
2966 sda9 129265664 512 W 1400290961090154636  
2966 sda 567588864 512 W 1400290961090166132  
2171 sdb2 487069584 4096 W 1400290963226558619 -979421225  
2171 sdb 487479224 4096 W 1400290963226605214 -979421225  
2171 sdb2 487069592 4096 W 1400290963226648676 -1381745324  
2171 sdb 487479232 4096 W 1400290963226682312 -1381745324  
2171 sdb2 487069600 4096 W 1400290963227607082 1084554773  
2171 sdb 487479240 4096 W 1400290963227651389 1084554773  
2966 sdb2 670000672 8192 W 1400290963988516751  
2966 sdb 670410312 8192 W 1400290963988532944  
2966 sdb2 2101264 512 R 1400290963988554937  
2966 sdb 2510904 512 R 1400290963988560790  
2966 sdb2 2101264 512 W 1400290964021370131  
2966 sdb 2510904 512 W 1400290964021381817  
2966 sdb2 670000688 4096 W 1400290964024077185  
2966 sdb 670410328 4096 W 1400290964024091243  
2966 sdb2 2101264 512 R 1400290964024786173  
2966 sdb 2510904 512 R 1400290964024793800  
2966 sdb2 2101264 512 W 1400290964088129764  
2966 sdb 2510904 512 W 1400290964088147367  
298 sda9 222754312 4096 W 1400290965210556178 1040442871  
298 sda 661077512 4096 W 1400290965210606747 1040442871  
298 sda9 222754320 4096 W 1400290965210654889 1956829074  
298 sda 661077520 4096 W 1400290965210689875 1956829074  
298 sda9 222754328 4096 W 1400290965210725900 442739303  
298 sda 661077528 4096 W 1400290965210758614 442739303  
298 sda9 222754336 4096 W 1400290965210793045 1168605296  
298 sda 661077536 4096 W 1400290965210825432 1168605296  
298 sda9 222754344 4096 W 1400290965211330186 -721846410  
298 sda 661077544 4096 W 1400290965211374811 -721846410  
2966 sda9 144878824 8192 W 1400290966099254134  
2966 sda 583202024 8192 W 1400290966099270451  
2966 sda9 129265664 512 R 1400290966099644192  
2966 sda 567588864 512 R 1400290966099655080  
2966 sda9 129265664 512 W 1400290966099812404  
2966 sda 567588864 512 W 1400290966099818861  
2966 sda9 144878840 4096 W 1400290966100607208  
2966 sda 583202040 4096 W 1400290966100619002  
2966 sda9 129265664 512 R 1400290966100636388  
2966 sda 567588864 512 R 1400290966100641964  
2966 sda9 129265664 512 W 1400290966100834340  
2966 sda 567588864 512 W 1400290966100843968  
2756 sda9 46408144 4096 W 1400290966369415538 907438992  
2756 sda 484731344 4096 W 1400290966369458586 907438992  
298 sda9 222754352 4096 W 1400290966369898847 -691538065  
298 sda 661077552 4096 W 1400290966369935881 -691538065  
298 sda9 222754360 4096 W 1400290966369973028 -1758893391  
298 sda 661077560 4096 W 1400290966370005766 -1758893391  
298 sda9 222754368 4096 W 1400290966370040431 1002434505  
298 sda 661077568 4096 W 1400290966370072708 1002434505  
298 sda9 222754376 4096 W 1400290966370105823 -450530586  
298 sda 661077576 4096 W 1400290966370137876 -450530586  
298 sda9 222754384 4096 W 1400290966370489625 -829554517  
298 sda 661077584 4096 W 1400290966370529743 -829554517  
2171 sdb2 487069608 4096 W 1400290969226558934 -1163592239  
2171 sdb 487479248 4096 W 1400290969226609424 -1163592239  
2171 sdb2 487069616 4096 W 1400290969226659742 -549768411  
2171 sdb 487479256 4096 W 1400290969226697779 -549768411  
2171 sdb2 487069624 4096 W 1400290969227655039 1067398163  
2171 sdb 487479264 4096 W 1400290969227700485 1067398163  
2756 sda9 46408144 4096 W 1400290969425017998 1182109239  
2756 sda 484731344 4096 W 1400290969425060959 1182109239  
298 sda9 222754392 4096 W 1400290969425478095 -2062040216  
298 sda 661077592 4096 W 1400290969425517484 -2062040216  
298 sda9 222754400 4096 W 1400290969425555310 190523907  
298 sda 661077600 4096 W 1400290969425588067 190523907  
298 sda9 222754408 4096 W 1400290969425623821 1394163340  
298 sda 661077608 4096 W 1400290969425656646 1394163340  
298 sda9 222754416 4096 W 1400290969425691752 -1672647474  
298 sda 661077616 4096 W 1400290969425724850 -1672647474  
298 sda9 222754424 4096 W 1400290969426035248 1342381368  
298 sda 661077624 4096 W 1400290969426075412 1342381368  
2966 sdb2 670000696 8192 W 1400290970002968459  
2966 sdb 670410336 8192 W 1400290970002984499  
2966 sdb2 2101264 512 R 1400290970003969067  
2966 sdb 2510904 512 R 1400290970003977225  
2966 sdb2 2101264 512 W 1400290970054930435  
2966 sdb 2510904 512 W 1400290970054944857  
2966 sdb2 670000712 4096 W 1400290970056565896  
2966 sdb 670410352 4096 W 1400290970056581857  
2966 sdb2 2101264 512 R 1400290970057246361  
2966 sdb 2510904 512 R 1400290970057252771  
2966 sdb2 2101264 512 W 1400290970088301589  
2966 sdb 2510904 512 W 1400290970088315628  
2966 sda9 144878848 8192 W 1400290971111227577  
2966 sda 583202048 8192 W 1400290971111243636  
2966 sda9 129265664 512 R 1400290971111608560  
2966 sda 567588864 512 R 1400290971111619367  
2966 sda9 129265664 512 W 1400290971111833335  
2966 sda 567588864 512 W 1400290971111844084  
2966 sda9 144878864 4096 W 1400290971112801357  
2966 sda 583202064 4096 W 1400290971112814487  
2966 sda9 129265664 512 R 1400290971113127944  
2966 sda 567588864 512 R 1400290971113138611  
2966 sda9 129265664 512 W 1400290971113282895  
2966 sda 567588864 512 W 1400290971113288995  
324 sda9 54387072 4096 W 1400290974254549630 1393122513  
324 sda 492710272 4096 W 1400290974254592287 1393122513  
324 sda9 54387104 4096 W 1400290974254641301 2112763561  
324 sda 492710304 4096 W 1400290974254674416 2112763561  
324 sda9 60313792 102400 W 1400290974255445658 -569819197 1154430272 -134956195 -1389454585 -1841498392 1929628740 -437059852 2075342630 -1030222676 -1354374602 1926980569 -1935180595 -1464634490 477271821 -335864266 518989041 1334807953 1837932471 -195928198 -1944373654 -1056189419 20992606 -1114466862 -1406963851 -1973835602  
324 sda 498636992 102400 W 1400290974256155450 -569819197 1154430272 -134956195 -1389454585 -1841498392 1929628740 -437059852 2075342630 -1030222676 -1354374602 1926980569 -1935180595 -1464634490 477271821 -335864266 518989041 1334807953 1837932471 -195928198 -1944373654 -1056189419 20992606 -1114466862 -1406963851 -1973835602  
2171 sdb2 487069632 4096 W 1400290975226550049 -499696348  
2171 sdb 487479272 4096 W 1400290975226596983 -499696348  
2171 sdb2 487069640 4096 W 1400290975226639021 -391726759  
2171 sdb 487479280 4096 W 1400290975226672601 -391726759  
2171 sdb2 487069648 4096 W 1400290975227750668 1728902374  
2171 sdb 487479288 4096 W 1400290975227796058 1728902374  
298 sda9 222754432 4096 W 1400290975242558451 -1404015197  
298 sda 661077632 4096 W 1400290975242603140 -1404015197  
298 sda9 222754440 4096 W 1400290975242646070 -305628853  
298 sda 661077640 4096 W 1400290975242679325 -305628853  
298 sda9 222754448 4096 W 1400290975242714813 636323180  
298 sda 661077648 4096 W 1400290975242747286 636323180  
298 sda9 222754456 4096 W 1400290975242782974 556769812  
298 sda 661077656 4096 W 1400290975242815601 556769812  
298 sda9 222754464 4096 W 1400290975243313276 -1127074796  
298 sda 661077664 4096 W 1400290975243360308 -1127074796  
2966 sda9 144878872 8192 W 1400290976267373841  
2966 sda 583202072 8192 W 1400290976267392185  
2966 sda9 129265664 512 R 1400290976267420359  
2966 sda 567588864 512 R 1400290976267428077  
2966 sda9 129265664 512 W 1400290976267688988  
2966 sda 567588864 512 W 1400290976267698694  
2966 sdb2 670000720 8192 W 1400290976267760725  
2966 sdb 670410360 8192 W 1400290976267771282  
2966 sdb2 2101264 512 R 1400290976267789583  
2966 sdb 2510904 512 R 1400290976267796579  
2966 sdb2 2101264 512 W 1400290976299766562  
2966 sdb 2510904 512 W 1400290976299778099  
2966 sda9 144878888 4096 W 1400290976299834969  
2966 sda 583202088 4096 W 1400290976299840272  
2966 sda9 129265664 512 R 1400290976299850820  
2966 sda 567588864 512 R 1400290976299854307  
2966 sda9 129265664 512 W 1400290976300197757  
2966 sda 567588864 512 W 1400290976300207248  
2966 sdb2 670000736 4096 W 1400290976302689394  
2966 sdb 670410376 4096 W 1400290976302700723  
2966 sdb2 2101264 512 R 1400290976303401283  
2966 sdb 2510904 512 R 1400290976303409410  
2966 sdb2 2101264 512 W 1400290976366239136  
2966 sdb 2510904 512 W 1400290976366252312  
324 sda9 148128328 4096 W 1400290979254525545 -962726715  
324 sda 586451528 4096 W 1400290979254575859 -962726715  
324 sda9 148128360 4096 W 1400290979254634926 1589052761  
324 sda 586451560 4096 W 1400290979254669404 1589052761  
324 sda9 148128384 4096 W 1400290979254711750 2100671488  
324 sda 586451584 4096 W 1400290979254747308 2100671488  
324 sda9 60317312 135168 W 1400290979255778699 -1781591302 -1098389138 -1968801648 -1383041550 423583180 -100884152 255273604 -249790782 2018082408 1010874005 1010874005 1010874005 -674951351 -236204128 -1793263846 1940538295 1284851502 2120165514 2102794178 -1024145701 -1010741088 779053146 725245503 195529206 1831682088 1010874005 1010874005 1010874005 364455635 -240870747 731928928 2053131615 786348557  
324 sda 498640512 135168 W 1400290979256747820 -1781591302 -1098389138 -1968801648 -1383041550 423583180 -100884152 255273604 -249790782 2018082408 1010874005 1010874005 1010874005 -674951351 -236204128 -1793263846 1940538295 1284851502 2120165514 2102794178 -1024145701 -1010741088 779053146 725245503 195529206 1831682088 1010874005 1010874005 1010874005 364455635 -240870747 731928928 2053131615 786348557  
2756 sda9 46408144 4096 W 1400290980836605584 907438992  
2756 sda 484731344 4096 W 1400290980836648919 907438992  
298 sda9 222754472 4096 W 1400290980836742090 1664906696  
298 sda 661077672 4096 W 1400290980836778546 1664906696  
298 sda9 222754480 4096 W 1400290980836814658 474346413  
298 sda 661077680 4096 W 1400290980836847289 474346413  
298 sda9 222754488 4096 W 1400290980836882090 -1664772931  
298 sda 661077688 4096 W 1400290980836915380 -1664772931  
298 sda9 222754496 4096 W 1400290980836955260 -247371708  
298 sda 661077696 4096 W 1400290980836988977 -247371708  
298 sda9 222754504 4096 W 1400290980837327440 -798952677  
298 sda 661077704 4096 W 1400290980837366686 -798952677  
2171 sdb2 487069656 4096 W 1400290982218538308 -1660094686  
2171 sdb 487479296 4096 W 1400290982218585034 -1660094686  
2171 sdb2 487069664 4096 W 1400290982218627650 -1292304743  
2171 sdb 487479304 4096 W 1400290982218660906 -1292304743  
2171 sdb2 487069672 4096 W 1400290982219737429 406273760  
2171 sdb 487479312 4096 W 1400290982219783009 406273760  
2966 sda9 144878896 8192 W 1400290982266627029  
2966 sda 583202096 8192 W 1400290982266642755  
2966 sda9 129265664 512 R 1400290982266665098  
2966 sda 567588864 512 R 1400290982266670982  
2966 sda9 129265664 512 W 1400290982266902019  
2966 sda 567588864 512 W 1400290982266907645  
2966 sda9 144878912 4096 W 1400290982267698815  
2966 sda 583202112 4096 W 1400290982267707679  
2966 sda9 129265664 512 R 1400290982267923949  
2966 sda 567588864 512 R 1400290982267929658  
2966 sda9 129265664 512 W 1400290982268056109  
2966 sda 567588864 512 W 1400290982268061323  
2756 sda9 46408144 4096 W 1400290983882361709 1182109239  
2756 sda 484731344 4096 W 1400290983882409662 1182109239  
298 sda9 222754512 4096 W 1400290983882818180 -433612126  
298 sda 661077712 4096 W 1400290983882858484 -433612126  
298 sda9 222754520 4096 W 1400290983882897593 1728031934  
298 sda 661077720 4096 W 1400290983882930331 1728031934  
298 sda9 222754528 4096 W 1400290983882965136 519652009  
298 sda 661077728 4096 W 1400290983882998015 519652009  
298 sda9 222754536 4096 W 1400290983883032312 -1388810100  
298 sda 661077736 4096 W 1400290983883064976 -1388810100  
298 sda9 222754544 4096 W 1400290983883098883 -2125374428  
298 sda 661077744 4096 W 1400290983883131954 -2125374428  
298 sda9 222754552 4096 W 1400290983883513526 2047481770  
298 sda 661077752 4096 W 1400290983883554175 2047481770  
324 sda9 146800672 4096 W 1400290984254508519 -341659672  
324 sda 585123872 4096 W 1400290984254557186 -341659672  
324 sda9 146804576 4096 W 1400290984254605001 -1388810100  
324 sda 585127776 4096 W 1400290984254641310 -1388810100  
324 sda9 176160784 4096 W 1400290984254686954 -1559103316  
324 sda 614483984 4096 W 1400290984254722508 -1559103316  
324 sda9 176165440 4096 W 1400290984254761850 -298815806  
324 sda 614488640 4096 W 1400290984254794431 -298815806  
324 sda9 40 4096 W 1400290984254851457 -1096673894  
324 sda 438323240 4096 W 1400290984254885203 -1096673894  
324 sda9 48 4096 W 1400290984254920907 7033288  
324 sda 438323248 4096 W 1400290984254955639 7033288  
324 sda9 46137688 4096 W 1400290984254995466 -2125374428  
324 sda 484460888 4096 W 1400290984255028772 -2125374428  
324 sda9 46143080 4096 W 1400290984255063814 556769812  
324 sda 484466280 4096 W 1400290984255096285 556769812  
324 sda9 46143112 4096 W 1400290984255130883 -486269902  
324 sda 484466312 4096 W 1400290984255163207 -486269902  
324 sda9 46143152 4096 W 1400290984255197672 -1012137579  
324 sda 484466352 4096 W 1400290984255229891 -1012137579  
324 sda9 58726736 4096 W 1400290984255264353 1728031934  
324 sda 497049936 4096 W 1400290984255296422 1728031934  
2966 sda9 153295688 4096 W 1400290988267572485  
2966 sda 591618888 4096 W 1400290988267591101  
2966 sda9 153296280 4096 W 1400290988267616358  
2966 sda 591619480 4096 W 1400290988267623651  
2966 sda9 144878920 4096 W 1400290988267640796  
2966 sda 583202120 4096 W 1400290988267647341  
2966 sda9 144878928 61440 W 1400290988267668092  
2966 sda 583202128 61440 W 1400290988267675244  
2966 sda9 129265664 512 R 1400290988268168773  
2966 sda 567588864 512 R 1400290988268183096  
2966 sda9 129265664 512 W 1400290988268805553  
2966 sda 567588864 512 W 1400290988268814326  
2966 sda9 144879048 4096 W 1400290988269569358  
2966 sda 583202248 4096 W 1400290988269578649  
2966 sda9 129265664 512 R 1400290988269595908  
2966 sda 567588864 512 R 1400290988269602563  
2966 sda9 129265664 512 W 1400290988269777888  
2966 sda 567588864 512 W 1400290988269785432  
298 sda9 222754560 4096 W 1400290989242574960 -1524767208  
298 sda 661077760 4096 W 1400290989242620426 -1524767208  
298 sda9 222754568 4096 W 1400290989242662865 808513234  
298 sda 661077768 4096 W 1400290989242695944 808513234  
298 sda9 222754576 4096 W 1400290989242731701 -581457157  
298 sda 661077776 4096 W 1400290989242764449 -581457157  
298 sda9 222754584 4096 W 1400290989243224476 661101524  
298 sda 661077784 4096 W 1400290989243282149 661101524  
324 sda9 56140696 24576 W 1400290989254719976 1605804310 595061332 839399774 2139975099 -124462079 1506213163  
324 sda 494463896 24576 W 1400290989254906843 1605804310 595061332 839399774 2139975099 -124462079 1506213163  
298 sda9 56140736 4096 W 1400290994738880235 2025328955  
298 sda 494463936 4096 W 1400290994738924025 2025328955  
298 sda9 222754592 4096 W 1400290994739016915 -75663718  
298 sda 661077792 4096 W 1400290994739050702 -75663718  
298 sda9 222754600 4096 W 1400290994739056966  
298 sda 661077800 4096 W 1400290994739061463  
298 sda9 222754608 4096 W 1400290994739096108 1934206271  
298 sda 661077808 4096 W 1400290994739128365 1934206271  
298 sda9 222754616 4096 W 1400290994739162017 1244345098  
298 sda 661077816 4096 W 1400290994739197404 1244345098  
298 sda9 222754624 4096 W 1400290994739231665 -1849757915  
298 sda 661077824 4096 W 1400290994739264353 -1849757915  
298 sda9 222754632 4096 W 1400290994739297685 1368996178  
298 sda 661077832 4096 W 1400290994739329975 1368996178  
298 sda9 222754640 4096 W 1400290994739363010 696858764  
298 sda 661077840 4096 W 1400290994739395323 696858764  
298 sda9 222754648 4096 W 1400290994739782741 -444646784  
298 sda 661077848 4096 W 1400290994739822151 -444646784  
2966 sda9 151835680 16384 W 1400290995274841725  
2966 sda 590158880 16384 W 1400290995274857955  
2966 sda9 129615872 4096 W 1400290995274879521  
2966 sda 567939072 4096 W 1400290995274884949  
2966 sda9 129615904 4096 W 1400290995274896392  
2966 sda 567939104 4096 W 1400290995274901099  
2966 sda9 129615920 4096 W 1400290995274910731  
2966 sda 567939120 4096 W 1400290995274915478  
2966 sda9 129616048 4096 W 1400290995274925017  
2966 sda 567939248 4096 W 1400290995274929540  
2966 sda9 129616128 4096 W 1400290995274939924  
2966 sda 567939328 4096 W 1400290995274944581  
2966 sda9 146752960 8192 W 1400290995274955523  
2966 sda 585076160 8192 W 1400290995274960156  
2966 sda9 153143504 8192 W 1400290995274971242  
2966 sda 591466704 8192 W 1400290995274975925  
2966 sda9 138070320 4096 W 1400290995274986012  
2966 sda 576393520 4096 W 1400290995274990666  
2966 sda9 129591296 4096 W 1400290995275001002  
2966 sda 567914496 4096 W 1400290995275005613  
2966 sda9 153121144 4096 W 1400290995275015843  
2966 sda 591444344 4096 W 1400290995275020496  
2966 sda9 144879056 16384 W 1400290995275031498  
2966 sda 583202256 16384 W 1400290995275036376  
2966 sda9 129265664 512 R 1400290995275049479  
2966 sda 567588864 512 R 1400290995275054440  
2966 sda9 129265664 512 W 1400290995276451825  
2966 sda 567588864 512 W 1400290995276463615  
2966 sda9 144879088 4096 W 1400290995278391054  
2966 sda 583202288 4096 W 1400290995278407121  
2966 sda9 129265664 512 R 1400290995278680190  
2966 sda 567588864 512 R 1400290995278689642  
2966 sda9 129265664 512 W 1400290995278846731  
2966 sda 567588864 512 W 1400290995278854816  
2756 sda9 60317568 65536 W 1400290996986636522 -1963325965 185514988 -73998762 2099084895 1771015031 1474417830 17313740 1968831448 1022408056 1010874005 1010874005 1010874005 432914640 -1029351722 -121526691 575326252  
2756 sda 498640768 65536 W 1400290996987251601 -1963325965 185514988 -73998762 2099084895 1771015031 1474417830 17313740 1968831448 1022408056 1010874005 1010874005 1010874005 432914640 -1029351722 -121526691 575326252  
2756 sda9 60821504 4096 W 1400290996987312161 271579409  
2756 sda 499144704 4096 W 1400290996987348293 271579409  
298 sda9 56140736 4096 W 1400290996988146165 817855795  
298 sda 494463936 4096 W 1400290996988189367 817855795  
298 sda9 222754656 4096 W 1400290996988275608 -807279074  
298 sda 661077856 4096 W 1400290996988309582 -807279074  
298 sda9 222754664 4096 W 1400290996988344030 -621335139  
298 sda 661077864 4096 W 1400290996988376246 -621335139  
298 sda9 222754672 4096 W 1400290996988412633 -514302326  
298 sda 661077872 4096 W 1400290996988668984 -514302326  
298 sda9 222754680 4096 W 1400290996988713150 -2114587579  
298 sda 661077880 4096 W 1400290996988750692 -2114587579  
298 sda9 222754688 4096 W 1400290996988789637 435948113  
298 sda 661077888 4096 W 1400290996988826594 435948113  
298 sda9 222754696 4096 W 1400290996989202620 -79315030  
298 sda 661077896 4096 W 1400290996989237666 -79315030  
2966 sda9 153138360 4096 R 1400290997000195074  
2966 sda 591461560 4096 R 1400290997000210232  
2966 sda9 153143304 4096 R 1400290997062405888  
2966 sda 591466504 4096 R 1400290997062416227  
2966 sda9 153143320 4096 R 1400290997062437961  
2966 sda 591466520 4096 R 1400290997062441760  
2966 sda9 153143336 4096 R 1400290997062449868  
2966 sda 591466536 4096 R 1400290997062453260  
2966 sda9 153143344 4096 R 1400290997062459949  
2966 sda 591466544 4096 R 1400290997062463369  
2756 sda9 3219520 32768 W 1400290997082280841 -107036787 -543071930 -321667872 -1209535652 -1821095240 -941019976 -987463329 -2089300532  
2756 sda 441542720 32768 W 1400290997082535308 -107036787 -543071930 -321667872 -1209535652 -1821095240 -941019976 -987463329 -2089300532  
2756 sda9 3231872 32768 W 1400290997082814341 -1131420976 -1479783739 -699665140 -1583865502 1807265479 -1146684639 946383876 617211755  
2756 sda 441555072 32768 W 1400290997083046290 -1131420976 -1479783739 -699665140 -1583865502 1807265479 -1146684639 946383876 617211755  
2756 sda9 3235776 32768 W 1400290997083303974 1244868827 1010874005 1010874005 1010874005 1079355592 -683516035 1458403574 725361137  
2756 sda 441558976 32768 W 1400290997083541202 1244868827 1010874005 1010874005 1010874005 1079355592 -683516035 1458403574 725361137  
298 sda9 222754704 4096 W 1400290997084584113 2026403786  
298 sda 661077904 4096 W 1400290997084623776 2026403786  
298 sda9 222754712 4096 W 1400290997084661248 -674543969  
298 sda 661077912 4096 W 1400290997084693998 -674543969  
298 sda9 222754720 4096 W 1400290997084728544 364607512  
298 sda 661077920 4096 W 1400290997084761178 364607512  
298 sda9 222754728 4096 W 1400290997084794653 513968908  
298 sda 661077928 4096 W 1400290997084826683 513968908  
298 sda9 222754736 4096 W 1400290997084860345 -2111787968  
298 sda 661077936 4096 W 1400290997084892913 -2111787968  
298 sda9 222754744 4096 W 1400290997085267210 401332885  
298 sda 661077944 4096 W 1400290997085308668 401332885  
2966 sda9 153143352 4096 R 1400290997090946961  
2966 sda 591466552 4096 R 1400290997090963833  
2966 sda9 153143360 4096 R 1400290997090987402  
2966 sda 591466560 4096 R 1400290997090993764  
2966 sda9 153143368 4096 R 1400290997091009549  
2966 sda 591466568 4096 R 1400290997091020597  
2966 sda9 153143392 4096 R 1400290997091054346  
2966 sda 591466592 4096 R 1400290997091063575  
2966 sda9 153143400 4096 R 1400290997091081049  
2966 sda 591466600 4096 R 1400290997091097456  
2966 sda9 153143408 4096 R 1400290997091109359  
2966 sda 591466608 4096 R 1400290997091115239  
2966 sda9 153143416 4096 R 1400290997091126986  
2966 sda 591466616 4096 R 1400290997091132926  
2966 sda9 153143424 4096 R 1400290997091143590  
2966 sda 591466624 4096 R 1400290997091149574  
2966 sda9 153143432 4096 R 1400290997091160314  
2966 sda 591466632 4096 R 1400290997091166208  
2966 sda9 153143440 4096 R 1400290997091178282  
2966 sda 591466640 4096 R 1400290997091185255  
2966 sda9 153143448 4096 R 1400290997091196296  
2966 sda 591466648 4096 R 1400290997091202036  
2966 sda9 153143456 4096 R 1400290997091213438  
2966 sda 591466656 4096 R 1400290997091220097  
2966 sda9 153143464 4096 R 1400290997091234552  
2966 sda 591466664 4096 R 1400290997091241265  
2966 sda9 153143480 4096 R 1400290997091252748  
2966 sda 591466680 4096 R 1400290997091258637  
2966 sda9 153143488 4096 R 1400290997091272669  
2966 sda 591466688 4096 R 1400290997091278208  
2966 sda9 153143312 4096 R 1400290997091291997  
2966 sda 591466512 4096 R 1400290997091299687  
2966 sda9 153154464 4096 R 1400290997136042326  
2966 sda 591477664 4096 R 1400290997136054273  
2966 sda9 148289744 131072 R 1400290997241243642  
2966 sda 586612944 131072 R 1400290997241266793  
2966 sda9 153140784 4096 R 1400290997273184697  
2966 sda 591463984 4096 R 1400290997273192876  
324 sda9 61393488 4096 W 1400290999254548017 1854600435  
324 sda 499716688 4096 W 1400290999254593045 1854600435  
324 sda9 25090624 12288 W 1400290999254749056 -367914863 1001673053 23550697  
324 sda 463413824 12288 W 1400290999254843490 -367914863 1001673053 23550697  
5327 sdb2 8224 4096 W 1400291000586519359 -1292304743  
5327 sdb 417864 4096 W 1400291000586566963 -1292304743  
2966 sda9 149701088 4096 W 1400291001276916593  
2966 sda 588024288 4096 W 1400291001276935121  
2966 sda9 149709576 24576 W 1400291001276962681  
2966 sda 588032776 24576 W 1400291001276970448  
2966 sda9 149707056 4096 W 1400291001276986565  
2966 sda 588030256 4096 W 1400291001276993373  
2966 sda9 149721216 28672 W 1400291001277009784  
2966 sda 588044416 28672 W 1400291001277016706  
2966 sda9 153296344 4096 W 1400291001277032048  
2966 sda 591619544 4096 W 1400291001277038967  
2966 sda9 149709240 4096 W 1400291001277053654  
2966 sda 588032440 4096 W 1400291001277060399  
2966 sda9 149709520 4096 W 1400291001277074337  
2966 sda 588032720 4096 W 1400291001277081109  
2966 sda9 149720728 4096 W 1400291001277094479  
2966 sda 588043928 4096 W 1400291001277101202  
2966 sda9 149720736 4096 W 1400291001277115116  
2966 sda 588043936 4096 W 1400291001277121768  
2966 sda9 129757952 4096 W 1400291001277136642  
2966 sda 568081152 4096 W 1400291001277143290  
2966 sda9 149219648 4096 W 1400291001277158552  
2966 sda 587542848 4096 W 1400291001277165243  
2966 sda9 142248240 4096 W 1400291001277180013  
2966 sda 580571440 4096 W 1400291001277186668  
2966 sda9 153295688 4096 W 1400291001277201622  
2966 sda 591618888 4096 W 1400291001277208124  
2966 sda9 153296280 4096 W 1400291001277222389  
2966 sda 591619480 4096 W 1400291001277228981  
2966 sda9 144879096 4096 W 1400291001277244015  
2966 sda 583202296 4096 W 1400291001277250710  
2966 sda9 144879104 237568 W 1400291001277280554  
2966 sda 583202304 237568 W 1400291001277288462  
2966 sda9 129265664 512 R 1400291001277306510  
2966 sda 567588864 512 R 1400291001277313513  
2966 sda9 129265664 512 W 1400291001278784094  
2966 sda 567588864 512 W 1400291001278789069  
2966 sda9 144879568 4096 W 1400291001281915414  
2966 sda 583202768 4096 W 1400291001281923320  
2966 sda9 129265664 512 R 1400291001281932566  
2966 sda 567588864 512 R 1400291001281934719  
2966 sda9 129265664 512 W 1400291001282104477  
2966 sda 567588864 512 W 1400291001282108332  
298 sda9 222754752 4096 W 1400291003210568709 -168972983  
298 sda 661077952 4096 W 1400291003210614396 -168972983  
298 sda9 222754760 4096 W 1400291003210657036 1644499849  
298 sda 661077960 4096 W 1400291003210690128 1644499849  
298 sda9 222754768 4096 W 1400291003210727362 1435696990  
298 sda 661077968 4096 W 1400291003210759645 1435696990  
298 sda9 222754776 4096 W 1400291003210793682 580015049  
298 sda 661077976 4096 W 1400291003210826049 580015049  
298 sda9 222754784 4096 W 1400291003210859398 -2014936249  
298 sda 661077984 4096 W 1400291003210891902 -2014936249  
298 sda9 222754792 4096 W 1400291003211364410 1723259752  
298 sda 661077992 4096 W 1400291003211406085 1723259752  
2756 sda9 148037984 4096 W 1400291003555974478 -674983914  
2756 sda 586361184 4096 W 1400291003556018450 -674983914  
298 sda9 222754800 4096 W 1400291003556447917 241643583  
298 sda 661078000 4096 W 1400291003556485660 241643583  
298 sda9 222754808 4096 W 1400291003556522466 -652682735  
298 sda 661078008 4096 W 1400291003556555458 -652682735  
298 sda9 222754816 4096 W 1400291003556591657 -1631759171  
298 sda 661078016 4096 W 1400291003556624281 -1631759171  
298 sda9 222754824 4096 W 1400291003556658622 33295212  
298 sda 661078024 4096 W 1400291003556690802 33295212  
298 sda9 222754832 4096 W 1400291003557071090 1108796058  
298 sda 661078032 4096 W 1400291003557114432 1108796058  
298 sda9 222754840 4096 W 1400291009210568049 113840528  
298 sda 661078040 4096 W 1400291009210615389 113840528  
298 sda9 222754848 4096 W 1400291009210662660 2135924009  
298 sda 661078048 4096 W 1400291009210698942 2135924009  
298 sda9 222754856 4096 W 1400291009210740490 2123350707  
298 sda 661078056 4096 W 1400291009210777807 2123350707  
298 sda9 222754864 4096 W 1400291009211212122 1425690215  
298 sda 661078064 4096 W 1400291009211254203 1425690215  
2966 sda9 144879576 12288 W 1400291009274394064  
2966 sda 583202776 12288 W 1400291009274410829  
2966 sda9 129265664 512 R 1400291009274779157  
2966 sda 567588864 512 R 1400291009274790069  
2966 sda9 129265664 512 W 1400291009275009139  
2966 sda 567588864 512 W 1400291009275019920  
2966 sda9 144879600 4096 W 1400291009275802331  
2966 sda 583202800 4096 W 1400291009275813556  
2966 sda9 129265664 512 R 1400291009275830711  
2966 sda 567588864 512 R 1400291009275836097  
2966 sda9 129265664 512 W 1400291009276027414  
2966 sda 567588864 512 W 1400291009276034199  
298 sda9 60820480 4096 W 1400291015242522354 619702255  
298 sda 499143680 4096 W 1400291015242567076 619702255  
298 sda9 222754872 4096 W 1400291015242677901 -952120514  
298 sda 661078072 4096 W 1400291015242714510 -952120514  
298 sda9 222754880 4096 W 1400291015242750922 264622008  
298 sda 661078080 4096 W 1400291015242783791 264622008  
298 sda9 222754888 4096 W 1400291015242819297 -222452297  
298 sda 661078088 4096 W 1400291015242856799 -222452297  
298 sda9 222754896 4096 W 1400291015242899807 -1873379580  
298 sda 661078096 4096 W 1400291015242934041 -1873379580  
298 sda9 222754904 4096 W 1400291015242967814 -1650068939  
298 sda 661078104 4096 W 1400291015243000194 -1650068939  
298 sda9 222754912 4096 W 1400291015243397813 72095026  
298 sda 661078112 4096 W 1400291015243461307 72095026  
324 sda9 54387072 32768 W 1400291019254739646 656659594 1010874005 1010874005 1010874005 -2064971487 1010874005 1010874005 1010874005  
324 sda 492710272 32768 W 1400291019254995438 656659594 1010874005 1010874005 1010874005 -2064971487 1010874005 1010874005 1010874005  
324 sda9 60311040 102400 W 1400291019255821050 1896729134 1010874005 1010874005 1678044828 -1540577574 -608736172 -910921599 715137457 1574570494 -1930332940 660391366 -1864616110 -1169592116 1037668981 897453416 -1763782151 1857737026 -192157278 -718363463 -1447925945 -1424894180 1933122757 1066569681 -1833552266 979240031  
324 sda 498634240 102400 W 1400291019256539463 1896729134 1010874005 1010874005 1678044828 -1540577574 -608736172 -910921599 715137457 1574570494 -1930332940 660391366 -1864616110 -1169592116 1037668981 897453416 -1763782151 1857737026 -192157278 -718363463 -1447925945 -1424894180 1933122757 1066569681 -1833552266 979240031  
324 sda9 60313984 65536 W 1400291019257040932 1730549220 1010874005 1615974743 1835222277 1110746414 2086675071 -1340689366 1268956154 -1556035001 1010874005 1800626171 789508344 124748856 -1676175571 1198011465 1745646375  
324 sda 498637184 65536 W 1400291019257517660 1730549220 1010874005 1615974743 1835222277 1110746414 2086675071 -1340689366 1268956154 -1556035001 1010874005 1800626171 789508344 124748856 -1676175571 1198011465 1745646375  
324 sda9 60304384 4096 W 1400291019257565609 1399818312  
324 sda 498627584 4096 W 1400291019257601273 1399818312  
324 sda9 796928 32768 W 1400291019257885527 -642363723 1010874005 425230499 -1822595335 1634164484 -116301797 12784864 405112906  
324 sda 439120128 32768 W 1400291019258120446 -642363723 1010874005 425230499 -1822595335 1634164484 -116301797 12784864 405112906  
324 sda9 3744832 32768 W 1400291019258369601 1700466839 1967753666 361094231 760544053 285046337 978742655 -2003971753 -586103833  
324 sda 442068032 32768 W 1400291019258607945 1700466839 1967753666 361094231 760544053 285046337 978742655 -2003971753 -586103833  
324 sda9 3745152 32768 W 1400291019258885523 1821088605 1010874005 1010874005 -580072328 -1857714379 -91614264 1505546175 589471976  
324 sda 442068352 32768 W 1400291019259116621 1821088605 1010874005 1010874005 -580072328 -1857714379 -91614264 1505546175 589471976  
324 sda9 3745664 32768 W 1400291019259362448 -557167183 -1677018972 -152317776 539619484 -1105237600 47956758 -1457986059 1446653815  
324 sda 442068864 32768 W 1400291019259591353 -557167183 -1677018972 -152317776 539619484 -1105237600 47956758 -1457986059 1446653815  
324 sda9 8921728 32768 W 1400291019259833853 -1904572103 527517778 -1611773117 -1886156638 -1116213221 705484871 -68143257 455288255  
324 sda 447244928 32768 W 1400291019260062658 -1904572103 527517778 -1611773117 -1886156638 -1116213221 705484871 -68143257 455288255  
298 sda9 77552 4096 W 1400291020466159059 -1032707593  
298 sda 438400752 4096 W 1400291020466211965 -1032707593  
298 sda9 222754920 4096 W 1400291020466331623 -1977582307  
298 sda 661078120 4096 W 1400291020466379852 -1977582307  
298 sda9 222754928 4096 W 1400291020466429472 -1173456436  
298 sda 661078128 4096 W 1400291020466501461 -1173456436  
298 sda9 222754936 4096 W 1400291020466559436 155353959  
298 sda 661078136 4096 W 1400291020466610923 155353959  
298 sda9 222754944 4096 W 1400291020466661223 637023260  
298 sda 661078144 4096 W 1400291020466705200 637023260  
298 sda9 222754952 4096 W 1400291020467111137 -849273407  
298 sda 661078152 4096 W 1400291020467147496 -849273407  
324 sda9 104858720 4096 W 1400291024258512255 155353959  
324 sda 543181920 4096 W 1400291024258556766 155353959  
324 sda9 146804576 4096 W 1400291024258599716 -222452297  
324 sda 585127776 4096 W 1400291024258633039 -222452297  
324 sda9 16 4096 W 1400291024258687990 1368996178  
324 sda 438323216 4096 W 1400291024258720387 1368996178  
324 sda9 46137688 4096 W 1400291024258755490 1244345098  
324 sda 484460888 4096 W 1400291024258787783 1244345098  
324 sda9 46137696 4096 W 1400291024258822231 -2111787968  
324 sda 484460896 4096 W 1400291024258854714 -2111787968  
324 sda9 46142816 4096 W 1400291024258889948 -1873379580  
324 sda 484466016 4096 W 1400291024258922077 -1873379580  
324 sda9 46142976 4096 W 1400291024258956191 -1650068939  
324 sda 484466176 4096 W 1400291024258988204 -1650068939  
324 sda9 46143112 4096 W 1400291024259025278 2135924009  
324 sda 484466312 4096 W 1400291024259057531 2135924009  
324 sda9 54526000 4096 W 1400291024259091982 -1849757915  
324 sda 492849200 4096 W 1400291024259124085 -1849757915  
324 sda9 58726736 4096 W 1400291024259158343 1435696990  
324 sda 497049936 4096 W 1400291024259190560 1435696990  
324 sda9 58984368 4096 W 1400291024259225362 580015049  
324 sda 497307568 4096 W 1400291024259257668 580015049  
324 sda9 60836936 16384 W 1400291024260833761 1762041986 425080491 -656287549 -270169033  
324 sda 499160136 16384 W 1400291024260968032 1762041986 425080491 -656287549 -270169033  
2966 sda9 149709864 61440 W 1400291025273995374  
2966 sda 588033064 61440 W 1400291025274011177  
2966 sda9 144879608 4096 W 1400291025274033634  
2966 sda 583202808 4096 W 1400291025274039230  
2966 sda9 144893952 12288 W 1400291025274051183  
2966 sda 583217152 12288 W 1400291025274056172  
2966 sda9 129265664 512 R 1400291025274069685  
2966 sda 567588864 512 R 1400291025274074787  
2966 sda9 129265664 512 W 1400291025274588523  
2966 sda 567588864 512 W 1400291025274598669  
2966 sda9 144893976 4096 W 1400291025275978267  
2966 sda 583217176 4096 W 1400291025275989175  
2966 sda9 129265664 512 R 1400291025276008349  
2966 sda 567588864 512 R 1400291025276015107  
2966 sda9 129265664 512 W 1400291025276207691  
2966 sda 567588864 512 W 1400291025276215314  
298 sda9 60836960 4096 W 1400291025471015908 -627885792  
298 sda 499160160 4096 W 1400291025471059958 -627885792  
298 sda9 222754960 4096 W 1400291025471167321 1869835911  
298 sda 661078160 4096 W 1400291025471203804 1869835911  
298 sda9 222754968 4096 W 1400291025471239849 992539110  
298 sda 661078168 4096 W 1400291025471272563 992539110  
298 sda9 222754976 4096 W 1400291025471317234 2063760584  
298 sda 661078176 4096 W 1400291025471357730 2063760584  
298 sda9 222754984 4096 W 1400291025471394957 -2144472775  
298 sda 661078184 4096 W 1400291025471428220 -2144472775  
298 sda9 222754992 4096 W 1400291025471462504 -513882718  
298 sda 661078192 4096 W 1400291025471494944 -513882718  
298 sda9 222755000 4096 W 1400291025471528958 1181089485  
298 sda 661078200 4096 W 1400291025471561732 1181089485  
298 sda9 222755008 4096 W 1400291025471595462 -59800708  
298 sda 661078208 4096 W 1400291025471627989 -59800708  
298 sda9 222755016 4096 W 1400291025472162755 -539638590  
298 sda 661078216 4096 W 1400291025472207025 -539638590  
324 sda9 148128328 32768 W 1400291029258726642 -924556358 1010874005 1010874005 1010874005 -1802313796 1010874005 1010874005 1078855839  
324 sda 586451528 32768 W 1400291029258966482 -924556358 1010874005 1010874005 1010874005 -1802313796 1010874005 1010874005 1078855839  
324 sda9 148037984 4096 W 1400291029259044843 1374291996  
324 sda 586361184 4096 W 1400291029259079164 1374291996  
324 sda9 60306696 65536 W 1400291029259553242 -2122400894 -1674874322 1709944062 1316080587 1610443497 -1842743578 634461782 448131537 1010874005 1010874005 1010874005 1921159663 1872564847 -409664276 -932940123 788076361  
324 sda 498629896 65536 W 1400291029260014444 -2122400894 -1674874322 1709944062 1316080587 1610443497 -1842743578 634461782 448131537 1010874005 1010874005 1010874005 1921159663 1872564847 -409664276 -932940123 788076361  
298 sda9 222755024 4096 W 1400291031210546948 1940036238  
298 sda 661078224 4096 W 1400291031210591773 1940036238  
298 sda9 222755032 4096 W 1400291031210633614 1481315649  
298 sda 661078232 4096 W 1400291031210666879 1481315649  
298 sda9 222755040 4096 W 1400291031211089100 -1719511463  
298 sda 661078240 4096 W 1400291031211129860 -1719511463  
2966 sda9 153121144 4096 W 1400291035274342065  
2966 sda 591444344 4096 W 1400291035274360470  
2966 sda9 153121200 12288 W 1400291035274386415  
2966 sda 591444400 12288 W 1400291035274394297  
2966 sda9 145359144 4096 W 1400291035274411249  
2966 sda 583682344 4096 W 1400291035274454364  
2966 sda9 153139488 4096 W 1400291035274477476  
2966 sda 591462688 4096 W 1400291035274484425  
2966 sda9 153139504 4096 W 1400291035274498931  
2966 sda 591462704 4096 W 1400291035274505693  
2966 sda9 153139592 4096 W 1400291035274519401  
2966 sda 591462792 4096 W 1400291035274526066  
2966 sda9 153140784 4096 W 1400291035274539687  
2966 sda 591463984 4096 W 1400291035274546419  
2966 sda9 153140856 4096 W 1400291035274564389  
2966 sda 591464056 4096 W 1400291035274566855  
2966 sda9 153154272 4096 W 1400291035274571950  
2966 sda 591477472 4096 W 1400291035274574435  
2966 sda9 153154440 4096 W 1400291035274579756  
2966 sda 591477640 4096 W 1400291035274582212  
2966 sda9 153154464 4096 W 1400291035274587581  
2966 sda 591477664 4096 W 1400291035274590059  
2966 sda9 129615888 4096 W 1400291035274595940  
2966 sda 567939088 4096 W 1400291035274598378  
2966 sda9 129615912 4096 W 1400291035274603798  
2966 sda 567939112 4096 W 1400291035274606312  
2966 sda9 129616048 4096 W 1400291035274611737  
2966 sda 567939248 4096 W 1400291035274614176  
2966 sda9 146752400 4096 W 1400291035274619925  
2966 sda 585075600 4096 W 1400291035274622367  
2966 sda9 146752608 4096 W 1400291035274627830  
2966 sda 585075808 4096 W 1400291035274630313  
2966 sda9 146752960 8192 W 1400291035274636366  
2966 sda 585076160 8192 W 1400291035274638895  
2966 sda9 152276984 4096 W 1400291035274679661  
2966 sda 590600184 4096 W 1400291035274682273  
2966 sda9 153143312 4096 W 1400291035274688283  
2966 sda 591466512 4096 W 1400291035274690738  
2966 sda9 153143336 4096 W 1400291035274695875  
2966 sda 591466536 4096 W 1400291035274698395  
2966 sda9 153143472 4096 W 1400291035274716133  
2966 sda 591466672 4096 W 1400291035274718715  
2966 sda9 153143504 8192 W 1400291035274724474  
2966 sda 591466704 8192 W 1400291035274726903  
2966 sda9 150455424 4096 W 1400291035274733072  
2966 sda 588778624 4096 W 1400291035274735556  
2966 sda9 153138360 4096 W 1400291035274741517  
2966 sda 591461560 4096 W 1400291035274743954  
2966 sda9 153138584 4096 W 1400291035274749135  
2966 sda 591461784 4096 W 1400291035274751566  
2966 sda9 129617920 4096 W 1400291035274757347  
2966 sda 567941120 4096 W 1400291035274759815  
2966 sda9 129618064 4096 W 1400291035274765289  
2966 sda 567941264 4096 W 1400291035274767798  
2966 sda9 153141464 8192 W 1400291035274773402  
2966 sda 591464664 8192 W 1400291035274775824  
2966 sda9 153134488 28672 W 1400291035274782288  
2966 sda 591457688 28672 W 1400291035274784959  
2966 sda9 129591296 4096 W 1400291035274791113  
2966 sda 567914496 4096 W 1400291035274793561  
2966 sda9 129591304 4096 W 1400291035274799302  
2966 sda 567914504 4096 W 1400291035274801789  
2966 sda9 129609744 4096 W 1400291035274807581  
2966 sda 567932944 4096 W 1400291035274810093  
2966 sda9 129609768 12288 W 1400291035274815907  
2966 sda 567932968 12288 W 1400291035274818348  
2966 sda9 129609800 4096 W 1400291035274824225  
2966 sda 567933000 4096 W 1400291035274826674  
2966 sda9 129609896 8192 W 1400291035274832086  
2966 sda 567933096 8192 W 1400291035274834610  
2966 sda9 149925728 8192 W 1400291035274840364  
2966 sda 588248928 8192 W 1400291035274842837  
2966 sda9 149961392 8192 W 1400291035274848610  
2966 sda 588284592 8192 W 1400291035274851049  
2966 sda9 153121000 8192 W 1400291035274856792  
2966 sda 591444200 8192 W 1400291035274859247  
2966 sda9 153121040 4096 W 1400291035274886562  
2966 sda 591444240 4096 W 1400291035274889157  
2966 sda9 153121056 4096 W 1400291035274895047  
2966 sda 591444256 4096 W 1400291035274897523  
2966 sda9 149709984 98304 W 1400291035274913432  
2966 sda 588033184 98304 W 1400291035274916080  
2966 sda9 129688408 4096 W 1400291035274922169  
2966 sda 568011608 4096 W 1400291035274924626  
2966 sda9 146148688 4096 W 1400291035274930145  
2966 sda 584471888 4096 W 1400291035274932633  
2966 sda9 146148736 8192 W 1400291035274937921  
2966 sda 584471936 8192 W 1400291035274940482  
2966 sda9 146148696 4096 W 1400291035274945669  
2966 sda 584471896 4096 W 1400291035274948197  
2966 sda9 143455888 20480 W 1400291035274954223  
2966 sda 581779088 20480 W 1400291035274956775  
2966 sda9 145886048 4096 W 1400291035274962500  
2966 sda 584209248 4096 W 1400291035274964920  
2966 sda9 129688472 4096 W 1400291035274970828  
2966 sda 568011672 4096 W 1400291035274973288  
2966 sda9 145886056 4096 W 1400291035274978624  
2966 sda 584209256 4096 W 1400291035274981007  
2966 sda9 149709536 16384 W 1400291035274986661  
2966 sda 588032736 16384 W 1400291035274989200  
2966 sda9 149710176 77824 W 1400291035274996934  
2966 sda 588033376 77824 W 1400291035274999512  
2966 sda9 149261032 4096 W 1400291035275004937  
2966 sda 587584232 4096 W 1400291035275007343  
2966 sda9 149260256 8192 W 1400291035275012759  
2966 sda 587583456 8192 W 1400291035275015322  
2966 sda9 149261040 4096 W 1400291035275020501  
2966 sda 587584240 4096 W 1400291035275023003  
2966 sda9 149709568 4096 W 1400291035275028225  
2966 sda 588032768 4096 W 1400291035275030614  
2966 sda9 149709576 24576 W 1400291035275035871  
2966 sda 588032776 24576 W 1400291035275038420  
2966 sda9 145899360 12288 W 1400291035275043850  
2966 sda 584222560 12288 W 1400291035275046367  
2966 sda9 143456000 12288 W 1400291035275052451  
2966 sda 581779200 12288 W 1400291035275054969  
2966 sda9 143456032 8192 W 1400291035275061095  
2966 sda 581779232 8192 W 1400291035275063674  
2966 sda9 145899384 4096 W 1400291035275069519  
2966 sda 584222584 4096 W 1400291035275072049  
2966 sda9 153296352 4096 W 1400291035275083133  
2966 sda 591619552 4096 W 1400291035275085678  
2966 sda9 153296360 4096 W 1400291035275091108  
2966 sda 591619560 4096 W 1400291035275093584  
2966 sda9 144893984 73728 W 1400291035275101189  
2966 sda 583217184 73728 W 1400291035275103772  
2966 sda9 129265664 512 R 1400291035275111636  
2966 sda 567588864 512 R 1400291035275114150  
2966 sda9 129265664 512 W 1400291035287379948  
2966 sda 567588864 512 W 1400291035287388249  
2966 sda9 144894128 4096 W 1400291035289665119  
2966 sda 583217328 4096 W 1400291035289672356  
2966 sda9 129265664 512 R 1400291035289934836  
2966 sda 567588864 512 R 1400291035289942127  
2966 sda9 129265664 512 W 1400291035290088374  
2966 sda 567588864 512 W 1400291035290094225  
298 sda9 222755048 4096 W 1400291037210547827 -128208241  
298 sda 661078248 4096 W 1400291037210592225 -128208241  
298 sda9 222755056 4096 W 1400291037210634367 -15957522  
298 sda 661078256 4096 W 1400291037210667703 -15957522  
298 sda9 222755064 4096 W 1400291037210703404 1685858904  
298 sda 661078264 4096 W 1400291037210735891 1685858904  
298 sda9 222755072 4096 W 1400291037210770542 1602776565  
298 sda 661078272 4096 W 1400291037210805729 1602776565  
298 sda9 222755080 4096 W 1400291037211327734 1568052615  
298 sda 661078280 4096 W 1400291037211372189 1568052615  
298 sda9 222755088 4096 W 1400291043210563942 1937485966  
298 sda 661078288 4096 W 1400291043210608920 1937485966  
298 sda9 222755096 4096 W 1400291043210651176 -927781872  
298 sda 661078296 4096 W 1400291043210685119 -927781872  
298 sda9 222755104 4096 W 1400291043210721151 1978253484  
298 sda 661078304 4096 W 1400291043210753411 1978253484  
298 sda9 222755112 4096 W 1400291043210787879 56962260  
298 sda 661078312 4096 W 1400291043210821024 56962260  
298 sda9 222755120 4096 W 1400291043210855753 1823705385  
298 sda 661078320 4096 W 1400291043210888871 1823705385  
298 sda9 222755128 4096 W 1400291043211388436 -1948963599  
298 sda 661078328 4096 W 1400291043211432827 -1948963599  
324 sda9 60820488 32768 W 1400291044258778469 1010874005 1010874005 1010874005 1010874005 1010874005 1010874005 42145372 -2006180979  
324 sda 499143688 32768 W 1400291044259076856 1010874005 1010874005 1010874005 1010874005 1010874005 1010874005 42145372 -2006180979  
324 sda9 127652056 4096 W 1400291044259169215 361414921  
324 sda 565975256 4096 W 1400291044259207588 361414921  
324 sda9 127652112 4096 W 1400291044259254602 1733292308  
324 sda 565975312 4096 W 1400291044259291288 1733292308  
298 sda9 222755136 4096 W 1400291049242794366 -1324143557  
298 sda 661078336 4096 W 1400291049242846691 -1324143557  
298 sda9 222755144 4096 W 1400291049242903894 1715814710  
298 sda 661078344 4096 W 1400291049242949271 1715814710  
298 sda9 222755152 4096 W 1400291049242992308 -1270009283  
298 sda 661078352 4096 W 1400291049243030388 -1270009283  
298 sda9 222755160 4096 W 1400291049243072857 -315260229  
298 sda 661078360 4096 W 1400291049243110032 -315260229  
298 sda9 222755168 4096 W 1400291049243149812 -916063724  
298 sda 661078368 4096 W 1400291049243188687 -916063724  
298 sda9 222755176 4096 W 1400291049243232526 -1703525489  
298 sda 661078376 4096 W 1400291049243274949 -1703525489  
298 sda9 222755184 4096 W 1400291049243320809 707414100  
298 sda 661078384 4096 W 1400291049243365200 707414100  
298 sda9 222755192 4096 W 1400291049243792396 1084369219  
298 sda 661078392 4096 W 1400291049243831752 1084369219  
324 sda9 54387072 4096 W 1400291054258528537 -1422787077  
324 sda 492710272 4096 W 1400291054258572754 -1422787077  
324 sda9 54387104 8192 W 1400291054258651783 -490792665 9803243  
324 sda 492710304 8192 W 1400291054258713510 -490792665 9803243  
324 sda9 54387128 4096 W 1400291054258754135 -49317542  
324 sda 492710328 4096 W 1400291054258787043 -49317542  
324 sda9 60311232 163840 W 1400291054260008362 -1287313704 2061941866 197716230 -501360887 -121443677 -9545700 2087143562 -411539683 -1021985748 860446145 1533659774 991222502 856211246 1316130071 -1458298994 -930689912 -582265095 1508048102 1937303046 -291484031 -375558804 -760790989 -1437621229 1108286583 -1636346148 -1637999538 1959501401 -997635774 -679900278 445741719 216787974 187944704 1596133745 -1246848846 -2144482461 1386221178 -970957600 1105102923 984535150 -789123695  
324 sda 498634432 163840 W 1400291054261450340 -1287313704 2061941866 197716230 -501360887 -121443677 -9545700 2087143562 -411539683 -1021985748 860446145 1533659774 991222502 856211246 1316130071 -1458298994 -930689912 -582265095 1508048102 1937303046 -291484031 -375558804 -760790989 -1437621229 1108286583 -1636346148 -1637999538 1959501401 -997635774 -679900278 445741719 216787974 187944704 1596133745 -1246848846 -2144482461 1386221178 -970957600 1105102923 984535150 -789123695  
324 sda9 60313600 102400 W 1400291054262195093 1167612834 672723568 -789822500 371811264 1242682471 -1694213400 -1233576308 1271943686 -917222483 1010874005 -705858777 -326113058 -114429884 1229698194 1216877488 -2070440244 -1659419247 1440002055 359984034 -1284584596 1119860722 634852485 2097211299 892475993 -569819197  
324 sda 498636800 102400 W 1400291054262927860 1167612834 672723568 -789822500 371811264 1242682471 -1694213400 -1233576308 1271943686 -917222483 1010874005 -705858777 -326113058 -114429884 1229698194 1216877488 -2070440244 -1659419247 1440002055 359984034 -1284584596 1119860722 634852485 2097211299 892475993 -569819197  
298 sda9 222755200 4096 W 1400291054305494675 -451645128  
298 sda 661078400 4096 W 1400291054305538675 -451645128  
298 sda9 222755208 4096 W 1400291054305581812 1809714498  
298 sda 661078408 4096 W 1400291054305614870 1809714498  
298 sda9 222755216 4096 W 1400291054305650054 -724674740  
298 sda 661078416 4096 W 1400291054305682400 -724674740  
298 sda9 222755224 4096 W 1400291054305715613 -481013886  
298 sda 661078424 4096 W 1400291054305747681 -481013886  
298 sda9 222755232 4096 W 1400291054306107567 -2067354108  
298 sda 661078432 4096 W 1400291054306153816 -2067354108  
324 sda9 60836968 16384 W 1400291059262652813 322607320 -913608166 1182358436 929971756  
324 sda 499160168 16384 W 1400291059262793001 322607320 -913608166 1182358436 929971756  
324 sda9 146804576 4096 W 1400291059262893171 1602776565  
324 sda 585127776 4096 W 1400291059262933372 1602776565  
324 sda9 46142816 4096 W 1400291059262994986 -1703525489  
324 sda 484466016 4096 W 1400291059263032791 -1703525489  
324 sda9 46143080 4096 W 1400291059263074021 1809714498  
324 sda 484466280 4096 W 1400291059263143863 1809714498  
324 sda9 46143096 4096 W 1400291059263185724 56962260  
324 sda 484466296 4096 W 1400291059263222895 56962260  
324 sda9 46143112 4096 W 1400291059263263150 -481013886  
324 sda 484466312 4096 W 1400291059263300605 -481013886  
324 sda9 46143152 4096 W 1400291059263342877 1823705385  
324 sda 484466352 4096 W 1400291059263379527 1823705385  
324 sda9 46480856 4096 W 1400291059263420496 -916063724  
324 sda 484804056 4096 W 1400291059263457180 -916063724  
2966 sda9 153296360 4096 W 1400291059273736994  
2966 sda 591619560 4096 W 1400291059273753696  
2966 sda9 153296352 4096 W 1400291059273779310  
2966 sda 591619552 4096 W 1400291059273786600  
2966 sda9 144894136 53248 W 1400291059273809074  
2966 sda 583217336 53248 W 1400291059273816852  
2966 sda9 129265664 512 R 1400291059273835381  
2966 sda 567588864 512 R 1400291059273842620  
2966 sda9 129265664 512 W 1400291059274209635  
2966 sda 567588864 512 W 1400291059274221341  
2966 sda9 144894240 4096 W 1400291059276066749  
2966 sda 583217440 4096 W 1400291059276085759  
2966 sda9 129265664 512 R 1400291059276340239  
2966 sda 567588864 512 R 1400291059276351892  
2966 sda9 129265664 512 W 1400291059276510531  
2966 sda 567588864 512 W 1400291059276518994  
298 sda9 60836992 4096 W 1400291060202546724 -1582966048  
298 sda 499160192 4096 W 1400291060202590353 -1582966048  
298 sda9 222755240 4096 W 1400291060202695798 1843662432  
298 sda 661078440 4096 W 1400291060202731649 1843662432  
298 sda9 222755248 4096 W 1400291060202766833 382060506  
298 sda 661078448 4096 W 1400291060202799777 382060506  
298 sda9 222755256 4096 W 1400291060202834737 1386523622  
298 sda 661078456 4096 W 1400291060202870200 1386523622  
298 sda9 222755264 4096 W 1400291060202907021 254208095  
298 sda 661078464 4096 W 1400291060202940603 254208095  
298 sda9 222755272 4096 W 1400291060202974540 -299062942  
298 sda 661078472 4096 W 1400291060203006790 -299062942  
298 sda9 222755280 4096 W 1400291060203401602 392082381  
298 sda 661078480 4096 W 1400291060203445031 392082381  
2966 sda9 142375672 61440 R 1400291062990468695  
2966 sda 580698872 61440 R 1400291062990484346  
2966 sda9 142375848 16384 R 1400291062990518030  
2966 sda 580699048 16384 R 1400291062990523679  
298 sda9 222755288 4096 W 1400291066202543770 -2038773422  
298 sda 661078488 4096 W 1400291066202589243 -2038773422  
298 sda9 222755296 4096 W 1400291066202631636 1575786743  
298 sda 661078496 4096 W 1400291066202664898 1575786743  
298 sda9 222755304 4096 W 1400291066202700999 1460827252  
298 sda 661078504 4096 W 1400291066202733721 1460827252  
298 sda9 222755312 4096 W 1400291066202768940 -1317769348  
298 sda 661078512 4096 W 1400291066202801427 -1317769348  
298 sda9 222755320 4096 W 1400291066202835408 1202298547  
298 sda 661078520 4096 W 1400291066202867774 1202298547  
298 sda9 222755328 4096 W 1400291066203267972 1191465743  
298 sda 661078528 4096 W 1400291066203315415 1191465743  
2966 sda9 153121200 12288 W 1400291068266060869  
2966 sda 591444400 12288 W 1400291068266079675  
2966 sda9 149926864 4096 W 1400291068266105871  
2966 sda 588250064 4096 W 1400291068266113374  
2966 sda9 153154440 4096 W 1400291068266129655  
2966 sda 591477640 4096 W 1400291068266136440  
2966 sda9 129615896 4096 W 1400291068266152282  
2966 sda 567939096 4096 W 1400291068266158904  
2966 sda9 153143504 8192 W 1400291068266174029  
2966 sda 591466704 8192 W 1400291068266180684  
2966 sda9 129617928 4096 W 1400291068266195520  
2966 sda 567941128 4096 W 1400291068266202072  
2966 sda9 153141464 8192 W 1400291068267041524  
2966 sda 591464664 8192 W 1400291068267053206  
2966 sda9 129591296 4096 W 1400291068267071936  
2966 sda 567914496 4096 W 1400291068267077144  
2966 sda9 129591304 4096 W 1400291068267087929  
2966 sda 567914504 4096 W 1400291068267092633  
2966 sda9 129609744 4096 W 1400291068267102612  
2966 sda 567932944 4096 W 1400291068267107313  
2966 sda9 129609768 12288 W 1400291068267117930  
2966 sda 567932968 12288 W 1400291068267123078  
2966 sda9 129609800 4096 W 1400291068267133285  
2966 sda 567933000 4096 W 1400291068267138129  
2966 sda9 129609896 8192 W 1400291068267147811  
2966 sda 567933096 8192 W 1400291068267152461  
2966 sda9 129610064 4096 W 1400291068267162273  
2966 sda 567933264 4096 W 1400291068267166834  
2966 sda9 153121000 8192 W 1400291068267177652  
2966 sda 591444200 8192 W 1400291068267182249  
2966 sda9 153296360 4096 W 1400291068267191928  
2966 sda 591619560 4096 W 1400291068267196508  
2966 sda9 153296352 4096 W 1400291068267205699  
2966 sda 591619552 4096 W 1400291068267210216  
2966 sda9 144894248 16384 W 1400291068267221522  
2966 sda 583217448 16384 W 1400291068267226292  
2966 sda9 129265664 512 R 1400291068267239282  
2966 sda 567588864 512 R 1400291068267244256  
2966 sda9 129265664 512 W 1400291068268456344  
2966 sda 567588864 512 W 1400291068268467927  
2966 sda9 144894280 4096 W 1400291068270091942  
2966 sda 583217480 4096 W 1400291068270100454  
2966 sda9 129265664 512 R 1400291068270116260  
2966 sda 567588864 512 R 1400291068270121449  
2966 sda9 129265664 512 W 1400291068270288387  
2966 sda 567588864 512 W 1400291068270294408  
298 sda9 222755336 4096 W 1400291072218812972 -1535911834  
298 sda 661078536 4096 W 1400291072218856741 -1535911834  
298 sda9 222755344 4096 W 1400291072218898887 -745692624  
298 sda 661078544 4096 W 1400291072218931979 -745692624  
298 sda9 222755352 4096 W 1400291072218967081 -1827714180  
298 sda 661078552 4096 W 1400291072218999398 -1827714180  
298 sda9 222755360 4096 W 1400291072219338225 1155244409  
298 sda 661078560 4096 W 1400291072219355109 1155244409  
2966 sda9 153296360 4096 W 1400291075272768372  
2966 sda 591619560 4096 W 1400291075272786339  
2966 sda9 153296352 4096 W 1400291075272811109  
2966 sda 591619552 4096 W 1400291075272818068  
2966 sda9 144894288 12288 W 1400291075272836814  
2966 sda 583217488 12288 W 1400291075272843706  
2966 sda9 129265664 512 R 1400291075272860027  
2966 sda 567588864 512 R 1400291075272866083  
2966 sda9 129265664 512 W 1400291075273235889  
2966 sda 567588864 512 W 1400291075273245276  
2966 sda9 144894312 4096 W 1400291075274701756  
2966 sda 583217512 4096 W 1400291075274719940  
2966 sda9 129265664 512 R 1400291075274997076  
2966 sda 567588864 512 R 1400291075275006172  
2966 sda9 129265664 512 W 1400291075275151016  
2966 sda 567588864 512 W 1400291075275155486  
