bcache: 3548 1400117087 -2027087177  4096 
3548 sda9 36871328 4096 W 1400117087 -2027087177  
3548 sda 475194528 4096 W 1400117087 -2027087177  
3548 sda9 0 0 W 1400117087  
3548 sda9 0 0 W 1400117087  
bcache: 3548 1400117087 -537637780  4096 
3548 sda9 36871336 4096 W 1400117087 -537637780  
3548 sda 475194536 4096 W 1400117087 -537637780  
3548 sda9 0 0 W 1400117087  
3548 sda9 0 0 W 1400117087  
bcache: 3548 1400117087 -537637780  4096 
3548 sda9 36871344 4096 W 1400117087 -537637780  
3548 sda 475194544 4096 W 1400117087 -537637780  
3548 sda9 0 0 W 1400117087  
3548 sda9 0 0 W 1400117087  
bcache: 3548 1400117087 -537637780  4096 
3548 sda9 36871352 4096 W 1400117087 -537637780  
3548 sda 475194552 4096 W 1400117087 -537637780  
3548 sda9 0 0 W 1400117087  
3548 sda9 0 0 W 1400117087  
bcache: 3548 1400117087 -537637780  4096 
3548 sda9 36871360 4096 W 1400117087 -537637780  
3548 sda 475194560 4096 W 1400117087 -537637780  
3548 sda9 0 0 W 1400117087  
3548 sda9 0 0 W 1400117087  
bcache: 3548 1400117087 -537637780  4096 
3548 sda9 36871368 4096 W 1400117087 -537637780  
3548 sda 475194568 4096 W 1400117087 -537637780  
3548 sda9 0 0 W 1400117087  
3548 sda9 0 0 W 1400117087  
bcache: 3548 1400117087 -537637780  4096 
3548 sda9 36871376 4096 W 1400117087 -537637780  
3548 sda 475194576 4096 W 1400117087 -537637780  
3548 sda9 0 0 W 1400117087  
3548 sda9 0 0 W 1400117087  
bcache: 3548 1400117087 -537637780  4096 
3548 sda9 36871384 4096 W 1400117087 -537637780  
3548 sda 475194584 4096 W 1400117087 -537637780  
3548 sda9 0 0 W 1400117087  
3548 sda9 0 0 W 1400117087  
bcache: 3548 1400117087 -537637780  4096 
3548 sda9 36871392 4096 W 1400117087 -537637780  
3548 sda 475194592 4096 W 1400117087 -537637780  
3548 sda9 0 0 W 1400117087  
3548 sda9 0 0 W 1400117087  
bcache: 3548 1400117087 -537637780  4096 
3548 sda9 36871400 4096 W 1400117087 -537637780  
3548 sda 475194600 4096 W 1400117087 -537637780  
3548 sda9 0 0 W 1400117087  
3548 sda9 0 0 W 1400117087  
bcache: 3548 1400117087 -537637780  4096 
3548 sda9 36871408 4096 W 1400117087 -537637780  
3548 sda 475194608 4096 W 1400117087 -537637780  
3548 sda9 0 0 W 1400117087  
3548 sda9 0 0 W 1400117087  
bcache: 3548 1400117087 -537637780  4096 
3548 sda9 36871416 4096 W 1400117087 -537637780  
3548 sda 475194616 4096 W 1400117087 -537637780  
3548 sda9 0 0 W 1400117087  
3548 sda9 0 0 W 1400117087  
bcache: 3548 1400117087 -537637780  4096 
3548 sda9 36871424 4096 W 1400117087 -537637780  
3548 sda 475194624 4096 W 1400117087 -537637780  
3548 sda9 0 0 W 1400117087  
3548 sda9 0 0 W 1400117087  
bcache: 3548 1400117087 -537637780  4096 
3548 sda9 36871432 4096 W 1400117087 -537637780  
3548 sda 475194632 4096 W 1400117087 -537637780  
3548 sda9 0 0 W 1400117087  
3548 sda9 0 0 W 1400117087  
bcache: 3548 1400117087 -537637780  4096 
3548 sda9 36871440 4096 W 1400117087 -537637780  
3548 sda 475194640 4096 W 1400117087 -537637780  
3548 sda9 0 0 W 1400117087  
3548 sda9 0 0 W 1400117087  
bcache: 3548 1400117087 -537637780  4096 
3548 sda9 36871448 4096 W 1400117087 -537637780  
3548 sda 475194648 4096 W 1400117087 -537637780  
3548 sda9 0 0 W 1400117087  
3548 sda9 0 0 W 1400117087  
bcache: 3548 1400117087 -537637780  4096 
3548 sda9 36871456 4096 W 1400117087 -537637780  
3548 sda 475194656 4096 W 1400117087 -537637780  
3548 sda9 0 0 W 1400117087  
3548 sda9 0 0 W 1400117087  
bcache: 3548 1400117087 111552998  4096 
bcache: 3548 1400117087 -800760842  4096 
bcache: 3548 1400117087 -1559407635  4096 
bcache: 3548 1400117087 365790036  4096 
bcache: 3548 1400117087 82159777  4096 
3548 sda9 36871464 20480 W 1400117087 111552998 -800760842 -1559407635 365790036 82159777  
3548 sda 475194664 20480 W 1400117087 111552998 -800760842 -1559407635 365790036 82159777  
3548 sda9 0 0 W 1400117087  
3548 sda9 0 0 W 1400117087  
278 sda9 61354328 4096 W 1400117089 -1101014307  
278 sda 499677528 4096 W 1400117089 -1101014307  
278 sda9 147992280 4096 W 1400117089 -1551728407  
278 sda 586315480 4096 W 1400117089 -1551728407  
278 sda9 148116144 4096 W 1400117089 305310493  
278 sda 586439344 4096 W 1400117089 305310493  
278 sda9 56791720 4096 W 1400117089 -1618750002  
278 sda 495114920 4096 W 1400117089 -1618750002  
278 sda9 222596112 4096 W 1400117089 -690169907  
278 sda 660919312 4096 W 1400117089 -690169907  
278 sda9 222596120 4096 W 1400117089 -319797731  
278 sda 660919320 4096 W 1400117089 -319797731  
278 sda9 222596128 4096 W 1400117089 561432951  
278 sda 660919328 4096 W 1400117089 561432951  
278 sda9 222596136 4096 W 1400117089 629239731  
278 sda 660919336 4096 W 1400117089 629239731  
278 sda9 222596144 4096 W 1400117089 -723817945  
278 sda 660919344 4096 W 1400117089 -723817945  
278 sda9 222596152 4096 W 1400117089 833993381  
278 sda 660919352 4096 W 1400117089 833993381  
278 sda9 222596160 4096 W 1400117089 -1206406304  
278 sda 660919360 4096 W 1400117089 -1206406304  
278 sda9 222596168 4096 W 1400117089 -361893015  
278 sda 660919368 4096 W 1400117089 -361893015  
278 sda9 222596176 4096 W 1400117089 -207007421  
278 sda 660919376 4096 W 1400117089 -207007421  
278 sda9 222596184 4096 W 1400117089 1551589538  
278 sda 660919384 4096 W 1400117089 1551589538  
278 sda9 222596192 4096 W 1400117089 -898781918  
278 sda 660919392 4096 W 1400117089 -898781918  
278 sda9 222596200 4096 W 1400117089 -1878748522  
278 sda 660919400 4096 W 1400117089 -1878748522  
278 sda9 222596208 4096 W 1400117089 -526835453  
278 sda 660919408 4096 W 1400117089 -526835453  
278 sda9 222596216 4096 W 1400117089 1232066192  
278 sda 660919416 4096 W 1400117089 1232066192  
278 sda9 222596224 4096 W 1400117089 -1804064357  
278 sda 660919424 4096 W 1400117089 -1804064357  
278 sda9 222596232 4096 W 1400117089 -1324941408  
278 sda 660919432 4096 W 1400117089 -1324941408  
278 sda9 222596240 4096 W 1400117089 -425849303  
278 sda 660919440 4096 W 1400117089 -425849303  
278 sda9 222596248 4096 W 1400117089 2087238287  
278 sda 660919448 4096 W 1400117089 2087238287  
278 sda9 222596256 4096 W 1400117089 -971136797  
278 sda 660919456 4096 W 1400117089 -971136797  
278 sda9 222596264 4096 W 1400117089 1132177018  
278 sda 660919464 4096 W 1400117089 1132177018  
278 sda9 222596272 4096 W 1400117089 716827088  
278 sda 660919472 4096 W 1400117089 716827088  
278 sda9 222596280 4096 W 1400117089 -1482939829  
278 sda 660919480 4096 W 1400117089 -1482939829  
278 sda9 222596288 4096 W 1400117089 -432784612  
278 sda 660919488 4096 W 1400117089 -432784612  
278 sda9 222596296 4096 W 1400117089 -1114775024  
278 sda 660919496 4096 W 1400117089 -1114775024  
278 sda9 222596304 4096 W 1400117089 -2090245353  
278 sda 660919504 4096 W 1400117089 -2090245353  
278 sda9 222596312 4096 W 1400117089 800683481  
278 sda 660919512 4096 W 1400117089 800683481  
278 sda9 222596320 4096 W 1400117089 1086201005  
278 sda 660919520 4096 W 1400117089 1086201005  
278 sda9 222596328 4096 W 1400117089 -1864386249  
278 sda 660919528 4096 W 1400117089 -1864386249  
278 sda9 222596336 4096 W 1400117089 1602525260  
278 sda 660919536 4096 W 1400117089 1602525260  
278 sda9 222596344 4096 W 1400117089 -2120455082  
278 sda 660919544 4096 W 1400117089 -2120455082  
bcache: 3548 1400117091 943669628  4096 
3548 sda9 27525136 4096 W 1400117091 943669628  
3548 sda 465848336 4096 W 1400117091 943669628  
3548 sda9 0 0 W 1400117091  
3548 sda9 0 0 W 1400117091  
bcache: 3548 1400117091 274421715  4096 
3548 sda9 31114400 4096 W 1400117091 274421715  
3548 sda 469437600 4096 W 1400117091 274421715  
3548 sda9 0 0 W 1400117091  
3548 sda9 0 0 W 1400117091  
bcache: 3548 1400117091 -1323990240  4096 
3548 sda9 31242792 4096 W 1400117091 -1323990240  
3548 sda 469565992 4096 W 1400117091 -1323990240  
3548 sda9 0 0 W 1400117091  
3548 sda9 0 0 W 1400117091  
bcache: 3548 1400117091 397480974  4096 
bcache: 3548 1400117091 -17773571  4096 
bcache: 3548 1400117091 937447308  4096 
bcache: 3548 1400117091 -256386317  4096 
bcache: 3548 1400117091 66737816  4096 
bcache: 3548 1400117091 -1264075856  4096 
bcache: 3548 1400117091 -1733263222  4096 
bcache: 3548 1400117091 737631609  4096 
bcache: 3548 1400117091 -36680057  4096 
bcache: 3548 1400117091 -894846136  4096 
bcache: 3548 1400117091 796989810  4096 
bcache: 3548 1400117091 -1699797793  4096 
bcache: 3548 1400117091 439613096  4096 
bcache: 3548 1400117091 -1792045635  4096 
bcache: 3548 1400117091 97891010  4096 
bcache: 3548 1400117091 1865482927  4096 
bcache: 3548 1400117091 -1993633913  4096 
bcache: 3548 1400117091 -432912598  4096 
bcache: 3548 1400117091 581171060  4096 
bcache: 3548 1400117091 -1718362260  4096 
bcache: 3548 1400117091 -1  4096 
bcache: 3548 1400117091 -466406236  4096 
bcache: 3548 1400117091 -1987193249  4096 
bcache: 3548 1400117091 -2029209255  4096 
bcache: 3548 1400117091 -1673961097  4096 
3548 sda9 31359256 102400 W 1400117091 397480974 -17773571 937447308 -256386317 66737816 -1264075856 -1733263222 737631609 -36680057 -894846136 796989810 -1699797793 439613096 -1792045635 97891010 1865482927 -1993633913 -432912598 581171060 -1718362260 -1 -466406236 -1987193249 -2029209255 -1673961097  
3548 sda 469682456 102400 W 1400117091 397480974 -17773571 937447308 -256386317 66737816 -1264075856 -1733263222 737631609 -36680057 -894846136 796989810 -1699797793 439613096 -1792045635 97891010 1865482927 -1993633913 -432912598 581171060 -1718362260 -1 -466406236 -1987193249 -2029209255 -1673961097  
3548 sda9 0 0 W 1400117091  
3548 sda9 0 0 W 1400117091  
bcache: 3548 1400117091 -1269536233  4096 
3548 sda9 35583648 4096 W 1400117091 -1269536233  
3548 sda 473906848 4096 W 1400117091 -1269536233  
3548 sda9 0 0 W 1400117091  
3548 sda9 0 0 W 1400117091  
bcache: 3548 1400117091 234419727  4096 
3548 sda9 36870680 4096 W 1400117091 234419727  
3548 sda 475193880 4096 W 1400117091 234419727  
3548 sda9 0 0 W 1400117091  
3548 sda9 0 0 W 1400117091  
bcache: 3548 1400117091 -529775917  4096 
3548 sda9 36871248 4096 W 1400117091 -529775917  
3548 sda 475194448 4096 W 1400117091 -529775917  
3548 sda9 0 0 W 1400117091  
3548 sda9 0 0 W 1400117091  
bcache: 3548 1400117091 -1508480529  4096 
3548 sda9 36871280 4096 W 1400117091 -1508480529  
3548 sda 475194480 4096 W 1400117091 -1508480529  
3548 sda9 0 0 W 1400117091  
3548 sda9 0 0 W 1400117091  
bcache: 3548 1400117091 73351179  4096 
3548 sda9 31082536 4096 W 1400117091 73351179  
3548 sda 469405736 4096 W 1400117091 73351179  
3548 sda9 0 0 W 1400117091  
3548 sda9 0 0 W 1400117091  
bcache: 3548 1400117092 -1210969527  4096 
3548 sda9 27511512 4096 W 1400117092 -1210969527  
3548 sda 465834712 4096 W 1400117092 -1210969527  
3548 sda9 0 0 W 1400117092  
3548 sda9 0 0 W 1400117092  
bcache: 3548 1400117092 -1454153216  4096 
3548 sda9 31359456 4096 W 1400117092 -1454153216  
3548 sda 469682656 4096 W 1400117092 -1454153216  
3548 sda9 0 0 W 1400117092  
3548 sda9 0 0 W 1400117092  
bcache: 3548 1400117092 -1538223287  4096 
bcache: 3548 1400117092 -896360973  4096 
bcache: 3548 1400117092 -726558423  4096 
bcache: 3548 1400117092 -1356164435  4096 
bcache: 3548 1400117092 1942121696  4096 
bcache: 3548 1400117092 915221258  4096 
bcache: 3548 1400117092 1121657843  4096 
bcache: 3548 1400117092 -18145860  4096 
bcache: 3548 1400117092 2061291590  4096 
bcache: 3548 1400117092 -613877399  4096 
bcache: 3548 1400117092 220301326  4096 
bcache: 3548 1400117092 1183317907  4096 
3548 sdb2 243140168 4096 W 1400117092 -1538223287  
3548 sdb 243549808 4096 W 1400117092 -1538223287  
3548 sdb2 243140176 4096 W 1400117092 -896360973  
3548 sdb 243549816 4096 W 1400117092 -896360973  
3548 sdb2 243140184 4096 W 1400117092 -726558423  
3548 sdb 243549824 4096 W 1400117092 -726558423  
3548 sdb2 243140192 4096 W 1400117092 -1356164435  
3548 sdb 243549832 4096 W 1400117092 -1356164435  
3548 sdb2 243140200 4096 W 1400117092 1942121696  
3548 sdb 243549840 4096 W 1400117092 1942121696  
3548 sdb2 243140208 4096 W 1400117092 915221258  
3548 sdb 243549848 4096 W 1400117092 915221258  
3548 sdb2 243140216 4096 W 1400117092 1121657843  
3548 sdb 243549856 4096 W 1400117092 1121657843  
3548 sdb2 243140224 4096 W 1400117092 -18145860  
3548 sdb 243549864 4096 W 1400117092 -18145860  
3548 sdb2 243140232 4096 W 1400117092 2061291590  
3548 sdb 243549872 4096 W 1400117092 2061291590  
3548 sdb2 243140240 4096 W 1400117092 -613877399  
3548 sdb 243549880 4096 W 1400117092 -613877399  
3548 sdb2 243140248 4096 W 1400117092 220301326  
3548 sdb 243549888 4096 W 1400117092 220301326  
3548 sdb2 243140256 4096 W 1400117092 1183317907  
3548 sdb 243549896 4096 W 1400117092 1183317907  
3548 sdb2 0 0 W 1400117092  
bcache: 3548 1400117092 -1671115764  4096 
bcache: 3548 1400117092 -43678641  4096 
bcache: 3548 1400117092 -1775384102  4096 
bcache: 3548 1400117092 365839379  4096 
bcache: 3548 1400117092 1645560744  4096 
bcache: 3548 1400117092 1303290650  4096 
bcache: 3548 1400117092 685227745  4096 
bcache: 3548 1400117092 2030754267  4096 
bcache: 3548 1400117092 -1499345791  4096 
bcache: 3548 1400117092 -740997645  4096 
bcache: 3548 1400117092 1453906255  4096 
bcache: 3548 1400117092 -1212530671  4096 
bcache: 3548 1400117092 -2084578472  4096 
bcache: 3548 1400117092 458243135  4096 
bcache: 3548 1400117092 -830748818  4096 
bcache: 3548 1400117092 183240353  4096 
bcache: 3548 1400117092 1462991606  4096 
bcache: 3548 1400117092 1028464502  4096 
bcache: 3548 1400117092 -1493721235  4096 
bcache: 3548 1400117092 364848780  4096 
bcache: 3548 1400117092 473911384  4096 
bcache: 3548 1400117092 -1378588156  4096 
bcache: 3548 1400117092 -520334191  4096 
bcache: 3548 1400117092 630469532  4096 
bcache: 3548 1400117092 1990602961  4096 
bcache: 3548 1400117092 -598901241  4096 
bcache: 3548 1400117092 642344044  4096 
bcache: 3548 1400117092 1062157497  4096 
bcache: 3548 1400117092 1884543606  4096 
bcache: 3548 1400117092 1418578161  4096 
bcache: 3548 1400117092 -1557399124  4096 
bcache: 3548 1400117092 480962498  4096 
bcache: 3548 1400117092 -1501123331  4096 
bcache: 3548 1400117092 1685953705  4096 
bcache: 3548 1400117092 748822159  4096 
bcache: 3548 1400117092 -1051437994  4096 
bcache: 3548 1400117092 -652131604  4096 
bcache: 3548 1400117092 -1728561899  4096 
3548 sdb2 243140272 4096 W 1400117092 -1671115764  
3548 sdb 243549912 4096 W 1400117092 -1671115764  
3548 sdb2 243140280 4096 W 1400117092 -43678641  
3548 sdb 243549920 4096 W 1400117092 -43678641  
3548 sdb2 243140288 4096 W 1400117092 -1775384102  
3548 sdb 243549928 4096 W 1400117092 -1775384102  
3548 sdb2 243140296 4096 W 1400117092 365839379  
3548 sdb 243549936 4096 W 1400117092 365839379  
3548 sdb2 243140304 4096 W 1400117092 1645560744  
3548 sdb 243549944 4096 W 1400117092 1645560744  
3548 sdb2 243140312 4096 W 1400117092 1303290650  
3548 sdb 243549952 4096 W 1400117092 1303290650  
3548 sdb2 243140320 4096 W 1400117092 685227745  
3548 sdb 243549960 4096 W 1400117092 685227745  
3548 sdb2 243140328 4096 W 1400117092 2030754267  
3548 sdb 243549968 4096 W 1400117092 2030754267  
3548 sdb2 243140336 4096 W 1400117092 -1499345791  
3548 sdb 243549976 4096 W 1400117092 -1499345791  
3548 sdb2 243140344 4096 W 1400117092 -740997645  
3548 sdb 243549984 4096 W 1400117092 -740997645  
3548 sdb2 243140352 4096 W 1400117092 1453906255  
3548 sdb 243549992 4096 W 1400117092 1453906255  
3548 sdb2 243140360 4096 W 1400117092 -1212530671  
3548 sdb 243550000 4096 W 1400117092 -1212530671  
3548 sdb2 243140368 4096 W 1400117092 -2084578472  
3548 sdb 243550008 4096 W 1400117092 -2084578472  
3548 sdb2 243140376 4096 W 1400117092 458243135  
3548 sdb 243550016 4096 W 1400117092 458243135  
3548 sdb2 243140384 4096 W 1400117092 -830748818  
3548 sdb 243550024 4096 W 1400117092 -830748818  
3548 sdb2 243140392 4096 W 1400117092 183240353  
3548 sdb 243550032 4096 W 1400117092 183240353  
3548 sdb2 243140400 4096 W 1400117092 1462991606  
3548 sdb 243550040 4096 W 1400117092 1462991606  
3548 sdb2 243140408 4096 W 1400117092 1028464502  
3548 sdb 243550048 4096 W 1400117092 1028464502  
3548 sdb2 243140416 4096 W 1400117092 -1493721235  
3548 sdb 243550056 4096 W 1400117092 -1493721235  
3548 sdb2 243140424 4096 W 1400117092 364848780  
3548 sdb 243550064 4096 W 1400117092 364848780  
3548 sdb2 243140432 4096 W 1400117092 473911384  
3548 sdb 243550072 4096 W 1400117092 473911384  
3548 sdb2 243140440 4096 W 1400117092 -1378588156  
3548 sdb 243550080 4096 W 1400117092 -1378588156  
3548 sdb2 243140448 4096 W 1400117092 -520334191  
3548 sdb 243550088 4096 W 1400117092 -520334191  
3548 sdb2 243140456 4096 W 1400117092 630469532  
3548 sdb 243550096 4096 W 1400117092 630469532  
3548 sdb2 243140464 4096 W 1400117092 1990602961  
3548 sdb 243550104 4096 W 1400117092 1990602961  
3548 sdb2 243140472 4096 W 1400117092 -598901241  
3548 sdb 243550112 4096 W 1400117092 -598901241  
3548 sdb2 243140480 4096 W 1400117092 642344044  
3548 sdb 243550120 4096 W 1400117092 642344044  
3548 sdb2 243140488 4096 W 1400117092 1062157497  
3548 sdb 243550128 4096 W 1400117092 1062157497  
3548 sdb2 243140496 4096 W 1400117092 1884543606  
3548 sdb 243550136 4096 W 1400117092 1884543606  
3548 sdb2 243140504 4096 W 1400117092 1418578161  
3548 sdb 243550144 4096 W 1400117092 1418578161  
3548 sdb2 243140512 4096 W 1400117092 -1557399124  
3548 sdb 243550152 4096 W 1400117092 -1557399124  
3548 sdb2 243140520 4096 W 1400117092 480962498  
3548 sdb 243550160 4096 W 1400117092 480962498  
3548 sdb2 243140528 4096 W 1400117092 -1501123331  
3548 sdb 243550168 4096 W 1400117092 -1501123331  
3548 sdb2 243140536 4096 W 1400117092 1685953705  
3548 sdb 243550176 4096 W 1400117092 1685953705  
3548 sdb2 243140544 4096 W 1400117092 748822159  
3548 sdb 243550184 4096 W 1400117092 748822159  
3548 sdb2 243140552 4096 W 1400117092 -1051437994  
3548 sdb 243550192 4096 W 1400117092 -1051437994  
3548 sdb2 243140560 4096 W 1400117092 -652131604  
3548 sdb 243550200 4096 W 1400117092 -652131604  
3548 sdb2 243140568 4096 W 1400117092 -1728561899  
3548 sdb 243550208 4096 W 1400117092 -1728561899  
3548 sdb2 0 0 W 1400117092  
bcache: 3548 1400117093 1226837588  4096 
bcache: 3548 1400117093 -627486424  4096 
bcache: 3548 1400117093 -2104038904  4096 
bcache: 3548 1400117093 1016714960  4096 
bcache: 3548 1400117093 1412678051  4096 
bcache: 3548 1400117093 -532387983  4096 
bcache: 3548 1400117093 1147197637  4096 
3548 sdb2 562977680 4096 W 1400117093 1226837588  
3548 sdb 563387320 4096 W 1400117093 1226837588  
3548 sdb2 562977688 4096 W 1400117093 -627486424  
3548 sdb 563387328 4096 W 1400117093 -627486424  
3548 sdb2 562977696 4096 W 1400117093 -2104038904  
3548 sdb 563387336 4096 W 1400117093 -2104038904  
3548 sdb2 562977704 4096 W 1400117093 1016714960  
3548 sdb 563387344 4096 W 1400117093 1016714960  
3548 sdb2 562977712 4096 W 1400117093 1412678051  
3548 sdb 563387352 4096 W 1400117093 1412678051  
3548 sdb2 562977720 4096 W 1400117093 -532387983  
3548 sdb 563387360 4096 W 1400117093 -532387983  
3548 sdb2 562977728 4096 W 1400117093 1147197637  
3548 sdb 563387368 4096 W 1400117093 1147197637  
3548 sdb2 0 0 W 1400117093  
bcache: 3548 1400117093 459510665  4096 
3548 sdb2 562977736 4096 W 1400117093 459510665  
3548 sdb 563387376 4096 W 1400117093 459510665  
3548 sdb2 0 0 W 1400117093  
278 sda9 222596352 4096 W 1400117095 2008570878  
278 sda 660919552 4096 W 1400117095 2008570878  
278 sda9 222596360 4096 W 1400117095 -1603858076  
278 sda 660919560 4096 W 1400117095 -1603858076  
278 sda9 222596368 4096 W 1400117095 42403526  
278 sda 660919568 4096 W 1400117095 42403526  
278 sda9 222596376 4096 W 1400117095 -207183502  
278 sda 660919576 4096 W 1400117095 -207183502  
bcache: 3548 1400117097 -1730620873  4096 
bcache: 3548 1400117097 -1365085759  4096 
3548 sda9 31359464 8192 W 1400117097 -1730620873 -1365085759  
3548 sda 469682664 8192 W 1400117097 -1730620873 -1365085759  
3548 sda9 0 0 W 1400117097  
3548 sda9 0 0 W 1400117097  
bcache: 3548 1400117097 -816918204  4096 
3548 sda9 31359480 4096 W 1400117097 -816918204  
3548 sda 469682680 4096 W 1400117097 -816918204  
3548 sda9 0 0 W 1400117097  
3548 sda9 0 0 W 1400117097  
2162 sdb2 487068144 4096 W 1400117097 -1217906308  
2162 sdb 487477784 4096 W 1400117097 -1217906308  
2162 sdb2 487068152 4096 W 1400117097 346349110  
2162 sdb 487477792 4096 W 1400117097 346349110  
2162 sdb2 487068160 4096 W 1400117097 844361918  
2162 sdb 487477800 4096 W 1400117097 844361918  
278 sda9 222596384 4096 W 1400117101 -1035740839  
278 sda 660919584 4096 W 1400117101 -1035740839  
278 sda9 222596392 4096 W 1400117101 -999420617  
278 sda 660919592 4096 W 1400117101 -999420617  
278 sda9 222596400 4096 W 1400117101 293269648  
278 sda 660919600 4096 W 1400117101 293269648  
278 sda9 222596408 4096 W 1400117101 1941690224  
278 sda 660919608 4096 W 1400117101 1941690224  
304 sda9 117506304 4096 W 1400117101 -1804064357  
304 sda 555829504 4096 W 1400117101 -1804064357  
304 sda9 142607872 4096 W 1400117101 293269648  
304 sda 580931072 4096 W 1400117101 293269648  
304 sda9 146800672 4096 W 1400117101 1132177018  
304 sda 585123872 4096 W 1400117101 1132177018  
304 sda9 146800680 4096 W 1400117101 -1482939829  
304 sda 585123880 4096 W 1400117101 -1482939829  
304 sda9 155192480 4096 W 1400117101 -971136797  
304 sda 593515680 4096 W 1400117101 -971136797  
304 sda9 180355072 4096 W 1400117101 -1878748522  
304 sda 618678272 4096 W 1400117101 -1878748522  
304 sda9 180355208 4096 W 1400117101 -207007421  
304 sda 618678408 4096 W 1400117101 -207007421  
304 sda9 180360048 4096 W 1400117101 -432784612  
304 sda 618683248 4096 W 1400117101 -432784612  
304 sda9 180360152 4096 W 1400117101 -898781918  
304 sda 618683352 4096 W 1400117101 -898781918  
304 sda9 180428360 4096 W 1400117101 -526835453  
304 sda 618751560 4096 W 1400117101 -526835453  
304 sda9 0 4096 W 1400117101 2087238287  
304 sda 438323200 4096 W 1400117101 2087238287  
304 sda9 16 4096 W 1400117101 800683481  
304 sda 438323216 4096 W 1400117101 800683481  
304 sda9 24 4096 W 1400117101 561432951  
304 sda 438323224 4096 W 1400117101 561432951  
304 sda9 40 4096 W 1400117101 716827088  
304 sda 438323240 4096 W 1400117101 716827088  
304 sda9 48 4096 W 1400117101 1551589538  
304 sda 438323248 4096 W 1400117101 1551589538  
304 sda9 46137360 4096 W 1400117101 1788171613  
304 sda 484460560 4096 W 1400117101 1788171613  
304 sda9 46142776 4096 W 1400117101 -1649084559  
304 sda 484465976 4096 W 1400117101 -1649084559  
304 sda9 46143096 4096 W 1400117101 591914414  
304 sda 484466296 4096 W 1400117101 591914414  
304 sda9 58720336 4096 W 1400117101 -2090245353  
304 sda 497043536 4096 W 1400117101 -2090245353  
304 sda9 71303304 4096 W 1400117101 -319797731  
304 sda 509626504 4096 W 1400117101 -319797731  
304 sda9 71303768 4096 W 1400117101 -723817945  
304 sda 509626968 4096 W 1400117101 -723817945  
304 sda9 71310480 4096 W 1400117101 -999420617  
304 sda 509633680 4096 W 1400117101 -999420617  
304 sda9 71310624 4096 W 1400117101 629239731  
304 sda 509633824 4096 W 1400117101 629239731  
304 sda9 71310640 4096 W 1400117101 -1206406304  
304 sda 509633840 4096 W 1400117101 -1206406304  
304 sda9 71310648 4096 W 1400117101 -361893015  
304 sda 509633848 4096 W 1400117101 -361893015  
304 sda9 71417952 4096 W 1400117101 833993381  
304 sda 509741152 4096 W 1400117101 833993381  
304 sda9 104858720 4096 W 1400117101 1086201005  
304 sda 543181920 4096 W 1400117101 1086201005  
304 sda9 104860592 4096 W 1400117101 -1864386249  
304 sda 543183792 4096 W 1400117101 -1864386249  
304 sda9 117440768 4096 W 1400117101 1232066192  
304 sda 555763968 4096 W 1400117101 1232066192  
304 sda9 117442288 4096 W 1400117101 -1324941408  
304 sda 555765488 4096 W 1400117101 -1324941408  
304 sda9 117442744 4096 W 1400117101 -425849303  
304 sda 555765944 4096 W 1400117101 -425849303  
bcache: 3548 1400117101 646193992  4096 
bcache: 3548 1400117101 282997126  4096 
3548 sda9 32632192 8192 W 1400117101 646193992 282997126  
3548 sda 470955392 8192 W 1400117101 646193992 282997126  
3548 sda9 0 0 W 1400117101  
3548 sda9 0 0 W 1400117101  
bcache: 3548 1400117103 -180560877  4096 
bcache: 3548 1400117103 -1243822008  4096 
bcache: 3548 1400117103 -1  4096 
bcache: 3548 1400117103 305225026  4096 
bcache: 3548 1400117103 80829308  4096 
3548 sda9 31359488 20480 W 1400117103 -180560877 -1243822008 -1 305225026 80829308  
3548 sda 469682688 20480 W 1400117103 -180560877 -1243822008 -1 305225026 80829308  
3548 sda9 0 0 W 1400117103  
3548 sda9 0 0 W 1400117103  
bcache: 3548 1400117103 607380765  4096 
3548 sda9 31359528 4096 W 1400117103 607380765  
3548 sda 469682728 4096 W 1400117103 607380765  
3548 sda9 0 0 W 1400117103  
3548 sda9 0 0 W 1400117103  
2089 sda9 56791744 4096 W 1400117105 857340802  
2089 sda 495114944 4096 W 1400117105 857340802  
278 sda9 222596416 4096 W 1400117105 -897143378  
278 sda 660919616 4096 W 1400117105 -897143378  
278 sda9 222596424 4096 W 1400117105 -1129379953  
278 sda 660919624 4096 W 1400117105 -1129379953  
278 sda9 222596432 4096 W 1400117105 800388943  
278 sda 660919632 4096 W 1400117105 800388943  
278 sda9 222596440 4096 W 1400117105 -1045106568  
278 sda 660919640 4096 W 1400117105 -1045106568  
278 sda9 222596448 4096 W 1400117105 516946621  
278 sda 660919648 4096 W 1400117105 516946621  
278 sda9 222596456 4096 W 1400117105 2013086353  
278 sda 660919656 4096 W 1400117105 2013086353  
278 sda9 222596464 4096 W 1400117105 -1205177506  
278 sda 660919664 4096 W 1400117105 -1205177506  
278 sda9 222596472 4096 W 1400117105 -1729484024  
278 sda 660919672 4096 W 1400117105 -1729484024  
278 sda9 222596480 4096 W 1400117105 1446256375  
278 sda 660919680 4096 W 1400117105 1446256375  
278 sda9 222596488 4096 W 1400117105 -63984105  
278 sda 660919688 4096 W 1400117105 -63984105  
278 sda9 222596496 4096 W 1400117105 -461205933  
278 sda 660919696 4096 W 1400117105 -461205933  
bcache: 3548 1400117109 573194339  4096 
bcache: 3548 1400117109 -1212532621  4096 
3548 sda9 31359536 8192 W 1400117109 573194339 -1212532621  
3548 sda 469682736 8192 W 1400117109 573194339 -1212532621  
3548 sda9 0 0 W 1400117109  
3548 sda9 0 0 W 1400117109  
bcache: 3548 1400117109 768509284  4096 
3548 sda9 31359552 4096 W 1400117109 768509284  
3548 sda 469682752 4096 W 1400117109 768509284  
3548 sda9 0 0 W 1400117109  
3548 sda9 0 0 W 1400117109  
278 sda9 222596504 4096 W 1400117110 1436389140  
278 sda 660919704 4096 W 1400117110 1436389140  
278 sda9 222596512 4096 W 1400117110 -1805304251  
278 sda 660919712 4096 W 1400117110 -1805304251  
278 sda9 222596520 4096 W 1400117110 -619010634  
278 sda 660919720 4096 W 1400117110 -619010634  
278 sda9 222596528 4096 W 1400117110 766645249  
278 sda 660919728 4096 W 1400117110 766645249  
278 sda9 222596536 4096 W 1400117110 2087238287  
278 sda 660919736 4096 W 1400117110 2087238287  
278 sda9 222596544 4096 W 1400117110 -1431461459  
278 sda 660919744 4096 W 1400117110 -1431461459  
278 sda9 222596552 4096 W 1400117110 -648635053  
278 sda 660919752 4096 W 1400117110 -648635053  
278 sda9 222596560 4096 W 1400117110 -114610137  
278 sda 660919760 4096 W 1400117110 -114610137  
278 sda9 222596568 4096 W 1400117110 -2028632672  
278 sda 660919768 4096 W 1400117110 -2028632672  
278 sda9 222596576 4096 W 1400117110 -2067374061  
278 sda 660919776 4096 W 1400117110 -2067374061  
278 sda9 222596584 4096 W 1400117110 346977814  
278 sda 660919784 4096 W 1400117110 346977814  
278 sda9 222596592 4096 W 1400117110 -1259712473  
278 sda 660919792 4096 W 1400117110 -1259712473  
bcache: 3548 1400117115 1561430629  4096 
bcache: 3548 1400117115 1911748664  4096 
3548 sda9 31359560 8192 W 1400117115 1561430629 1911748664  
3548 sda 469682760 8192 W 1400117115 1561430629 1911748664  
3548 sda9 0 0 W 1400117115  
3548 sda9 0 0 W 1400117115  
bcache: 3548 1400117115 581564597  4096 
3548 sda9 31359576 4096 W 1400117115 581564597  
3548 sda 469682776 4096 W 1400117115 581564597  
3548 sda9 0 0 W 1400117115  
3548 sda9 0 0 W 1400117115  
278 sda9 222596600 4096 W 1400117116 1811395126  
278 sda 660919800 4096 W 1400117116 1811395126  
278 sda9 222596608 4096 W 1400117116 -1604241718  
278 sda 660919808 4096 W 1400117116 -1604241718  
278 sda9 222596616 4096 W 1400117116 1803608988  
278 sda 660919816 4096 W 1400117116 1803608988  
278 sda9 222596624 4096 W 1400117116 2063293387  
278 sda 660919824 4096 W 1400117116 2063293387  
278 sda9 222596632 4096 W 1400117116 -1579470856  
278 sda 660919832 4096 W 1400117116 -1579470856  
278 sda9 222596640 4096 W 1400117116 -1561903556  
278 sda 660919840 4096 W 1400117116 -1561903556  
278 sda9 222596648 4096 W 1400117116 -54788641  
278 sda 660919848 4096 W 1400117116 -54788641  
278 sda9 222596656 4096 W 1400117116 912871709  
278 sda 660919856 4096 W 1400117116 912871709  
278 sda9 222596664 4096 W 1400117116 55186193  
278 sda 660919864 4096 W 1400117116 55186193  
278 sda9 222596672 4096 W 1400117116 1496001294  
278 sda 660919872 4096 W 1400117116 1496001294  
278 sda9 222596680 4096 W 1400117116 -461865303  
278 sda 660919880 4096 W 1400117116 -461865303  
278 sda9 222596688 4096 W 1400117116 857572049  
278 sda 660919888 4096 W 1400117116 857572049  
304 sda9 180760320 106496 W 1400117116 1736876276 415933401 -1537603667 -1239096702 -1341715270 1379429415 -1447113228 954953645 -1025187523 744632866 501324384 -292343712 543868911 -1829966932 -229999897 38089661 1030212210 -69910173 -227409845 -984945869 -1760204733 185847981 926562088 1438185410 -710372518 -576361172  
304 sda 619083520 106496 W 1400117116 1736876276 415933401 -1537603667 -1239096702 -1341715270 1379429415 -1447113228 954953645 -1025187523 744632866 501324384 -292343712 543868911 -1829966932 -229999897 38089661 1030212210 -69910173 -227409845 -984945869 -1760204733 185847981 926562088 1438185410 -710372518 -576361172  
304 sda9 180766504 524288 W 1400117116 1499804524 -66094367 713940784 976909746 -1172248752 -88513670 1601482048 -1615350034 1289958014 -388985741 -1035597447 -1039908207 -843376542 -234200870 -1642962450 -204842847 -922613822 667350371 -363393887 -1711275591 2088142187 80730994 -1706011137 1965176481 800359158 951133333 -1446991497 -357677867 2127285890 1491251927 126079164 -75101341 569613888 -1326952616 -1014414726 1511833299 -1192179139 1720837113 1730100737 904930485 479825750 742642218 -1806727636 921806307 999913618 -1841998461 105257893 
304 sda 619089704 524288 W 1400117116 1499804524 -66094367 713940784 976909746 -1172248752 -88513670 1601482048 -1615350034 1289958014 -388985741 -1035597447 -1039908207 -843376542 -234200870 -1642962450 -204842847 -922613822 667350371 -363393887 -1711275591 2088142187 80730994 -1706011137 1965176481 800359158 951133333 -1446991497 -357677867 2127285890 1491251927 126079164 -75101341 569613888 -1326952616 -1014414726 1511833299 -1192179139 1720837113 1730100737 904930485 479825750 742642218 -1806727636 921806307 999913618 -1841998461 105257893 
304 sda9 180767528 233472 W 1400117116 1568229503 1606829404 1194394326 -573239929 295167891 -29352261 -1203938744 -605084393 -1519625602 1827263757 -2086343972 435233301 865354979 -1757539931 183237037 185242946 -1207314673 -734653801 -891831942 -1655140341 1064367670 1409070682 1356963666 -632193307 1750936812 1251640135 -1287001374 -1956571667 816628703 -1265177559 -1385582102 813003790 -161060302 -1833146261 592245091 1065377186 1878338651 -96607907 871652798 -1748936449 -225174056 -1638479560 1097412426 -1548437016 -1584147531 558088474 -9 
304 sda 619090728 233472 W 1400117116 1568229503 1606829404 1194394326 -573239929 295167891 -29352261 -1203938744 -605084393 -1519625602 1827263757 -2086343972 435233301 865354979 -1757539931 183237037 185242946 -1207314673 -734653801 -891831942 -1655140341 1064367670 1409070682 1356963666 -632193307 1750936812 1251640135 -1287001374 -1956571667 816628703 -1265177559 -1385582102 813003790 -161060302 -1833146261 592245091 1065377186 1878338651 -96607907 871652798 -1748936449 -225174056 -1638479560 1097412426 -1548437016 -1584147531 558088474 -9 
304 sda9 147968928 28672 W 1400117116 -50017281 -2037928492 -1643812892 254690245 1907003820 2125112812 -678714409  
304 sda 586292128 28672 W 1400117116 -50017281 -2037928492 -1643812892 254690245 1907003820 2125112812 -678714409  
bcache: 3548 1400117116 -563470754  4096 
3548 sda9 34826688 4096 W 1400117116 -563470754  
3548 sda 473149888 4096 W 1400117116 -563470754  
3548 sda9 0 0 W 1400117116  
3548 sda9 0 0 W 1400117116  
bcache: 3548 1400117121 1433879157  4096 
bcache: 3548 1400117121 -1082102653  4096 
bcache: 3548 1400117121 1862263085  4096 
bcache: 3548 1400117121 404600055  4096 
bcache: 3548 1400117121 -1164393038  4096 
bcache: 3548 1400117121 -2115808576  4096 
bcache: 3548 1400117121 1228854959  4096 
3548 sda9 31359584 28672 W 1400117121 1433879157 -1082102653 1862263085 404600055 -1164393038 -2115808576 1228854959  
3548 sda 469682784 28672 W 1400117121 1433879157 -1082102653 1862263085 404600055 -1164393038 -2115808576 1228854959  
3548 sda9 0 0 W 1400117121  
3548 sda9 0 0 W 1400117121  
bcache: 3548 1400117121 -197145521  4096 
3548 sda9 31359640 4096 W 1400117121 -197145521  
3548 sda 469682840 4096 W 1400117121 -197145521  
3548 sda9 0 0 W 1400117121  
3548 sda9 0 0 W 1400117121  
278 sda9 147968976 4096 W 1400117121 969030928  
278 sda 586292176 4096 W 1400117121 969030928  
278 sda9 222596696 4096 W 1400117121 439654890  
278 sda 660919896 4096 W 1400117121 439654890  
278 sda9 222596704 4096 W 1400117121 338096652  
278 sda 660919904 4096 W 1400117121 338096652  
278 sda9 222596712 4096 W 1400117121 -919784279  
278 sda 660919912 4096 W 1400117121 -919784279  
278 sda9 222596720 4096 W 1400117121 -763842341  
278 sda 660919920 4096 W 1400117121 -763842341  
278 sda9 222596728 4096 W 1400117121 -249120186  
278 sda 660919928 4096 W 1400117121 -249120186  
278 sda9 222596736 4096 W 1400117121 -350710538  
278 sda 660919936 4096 W 1400117121 -350710538  
278 sda9 222596744 4096 W 1400117121 1661083175  
278 sda 660919944 4096 W 1400117121 1661083175  
278 sda9 222596752 4096 W 1400117121 -1544064131  
278 sda 660919952 4096 W 1400117121 -1544064131  
278 sda9 222596760 4096 W 1400117121 -506211222  
278 sda 660919960 4096 W 1400117121 -506211222  
278 sda9 222596768 4096 W 1400117121 -1077731404  
278 sda 660919968 4096 W 1400117121 -1077731404  
bcache: 3548 1400117121 1736876276  4096 
bcache: 3548 1400117121 415933401  4096 
bcache: 3548 1400117121 -1537603667  4096 
bcache: 3548 1400117121 -1239096702  4096 
bcache: 3548 1400117121 -1341715270  4096 
bcache: 3548 1400117121 1030318891  4096 
bcache: 3548 1400117121 -1458391952  4096 
bcache: 3548 1400117121 1870147959  4096 
bcache: 3548 1400117121 -1975765746  4096 
bcache: 3548 1400117121 315649902  4096 
bcache: 3548 1400117121 1685938438  4096 
bcache: 3548 1400117121 -196794567  4096 
bcache: 3548 1400117121 -486789020  4096 
bcache: 3548 1400117121 883484143  4096 
bcache: 3548 1400117121 1266800070  4096 
bcache: 3548 1400117121 259815692  4096 
bcache: 3548 1400117121 -1208976272  4096 
bcache: 3548 1400117121 -485264802  4096 
bcache: 3548 1400117121 -362411415  4096 
bcache: 3548 1400117121 -1362231500  4096 
bcache: 3548 1400117121 -659380451  4096 
bcache: 3548 1400117121 -1495753390  4096 
bcache: 3548 1400117121 -729979947  4096 
bcache: 3548 1400117121 1187205123  4096 
bcache: 3548 1400117121 1976908983  4096 
bcache: 3548 1400117121 -1408062251  4096 
3548 sda9 27464704 106496 W 1400117121 1736876276 415933401 -1537603667 -1239096702 -1341715270 1030318891 -1458391952 1870147959 -1975765746 315649902 1685938438 -196794567 -486789020 883484143 1266800070 259815692 -1208976272 -485264802 -362411415 -1362231500 -659380451 -1495753390 -729979947 1187205123 1976908983 -1408062251  
3548 sda 465787904 106496 W 1400117121 1736876276 415933401 -1537603667 -1239096702 -1341715270 1030318891 -1458391952 1870147959 -1975765746 315649902 1685938438 -196794567 -486789020 883484143 1266800070 259815692 -1208976272 -485264802 -362411415 -1362231500 -659380451 -1495753390 -729979947 1187205123 1976908983 -1408062251  
3548 sda9 0 0 W 1400117121  
3548 sda9 0 0 W 1400117121  
bcache: 3548 1400117121 -924568458  4096 
bcache: 3548 1400117121 1472733451  4096 
bcache: 3548 1400117121 713940784  4096 
bcache: 3548 1400117121 976909746  4096 
bcache: 3548 1400117121 -1172248752  4096 
bcache: 3548 1400117121 -88513670  4096 
bcache: 3548 1400117121 1601482048  4096 
bcache: 3548 1400117121 1215950833  4096 
bcache: 3548 1400117121 1252223595  4096 
bcache: 3548 1400117121 274849555  4096 
bcache: 3548 1400117121 -695031948  4096 
bcache: 3548 1400117121 -1608340955  4096 
bcache: 3548 1400117121 893898588  4096 
bcache: 3548 1400117121 1817054653  4096 
bcache: 3548 1400117121 -1407707578  4096 
bcache: 3548 1400117121 -1425210743  4096 
bcache: 3548 1400117121 -427370884  4096 
bcache: 3548 1400117121 -596178691  4096 
bcache: 3548 1400117121 -1156563369  4096 
bcache: 3548 1400117121 1796539082  4096 
bcache: 3548 1400117121 -1571810266  4096 
bcache: 3548 1400117121 1879362119  4096 
bcache: 3548 1400117121 10478538  4096 
bcache: 3548 1400117121 666863205  4096 
bcache: 3548 1400117121 1658240736  4096 
bcache: 3548 1400117121 1429977437  4096 
bcache: 3548 1400117121 -571676105  4096 
bcache: 3548 1400117121 -610704549  4096 
bcache: 3548 1400117121 -1597849394  4096 
bcache: 3548 1400117121 153042780  4096 
bcache: 3548 1400117121 1137578094  4096 
bcache: 3548 1400117121 -1542434807  4096 
bcache: 3548 1400117121 1598669113  4096 
bcache: 3548 1400117121 -262938977  4096 
bcache: 3548 1400117121 -1017836121  4096 
bcache: 3548 1400117121 903539450  4096 
bcache: 3548 1400117121 -1680017339  4096 
bcache: 3548 1400117121 1086006527  4096 
bcache: 3548 1400117121 312052939  4096 
bcache: 3548 1400117121 -785161887  4096 
bcache: 3548 1400117121 -1879004794  4096 
bcache: 3548 1400117121 2030688750  4096 
bcache: 3548 1400117121 -947993219  4096 
bcache: 3548 1400117121 -637984711  4096 
bcache: 3548 1400117121 1766846880  4096 
bcache: 3548 1400117121 -770718780  4096 
bcache: 3548 1400117121 1763122930  4096 
bcache: 3548 1400117121 785791693  4096 
bcache: 3548 1400117121 -16017526  4096 
bcache: 3548 1400117121 1687280245  4096 
bcache: 3548 1400117121 -109077691  4096 
bcache: 3548 1400117121 1996226043  4096 
bcache: 3548 1400117121 -1140595425  4096 
bcache: 3548 1400117121 -583439650  4096 
bcache: 3548 1400117121 -517027344  4096 
bcache: 3548 1400117121 933296134  4096 
bcache: 3548 1400117121 679955155  4096 
bcache: 3548 1400117121 -1824594034  4096 
bcache: 3548 1400117121 991336733  4096 
bcache: 3548 1400117121 -655239472  4096 
bcache: 3548 1400117121 -1153913408  4096 
bcache: 3548 1400117121 1809826471  4096 
bcache: 3548 1400117121 1010874005  4096 
bcache: 3548 1400117121 1010874005  4096 
bcache: 3548 1400117121 1010874005  4096 
bcache: 3548 1400117121 -2021018967  4096 
bcache: 3548 1400117121 1986300337  4096 
bcache: 3548 1400117121 1315810114  4096 
bcache: 3548 1400117121 -2038601120  4096 
bcache: 3548 1400117121 906150054  4096 
bcache: 3548 1400117121 -1992102982  4096 
bcache: 3548 1400117121 -1541706867  4096 
bcache: 3548 1400117121 571121202  4096 
bcache: 3548 1400117121 1776745306  4096 
bcache: 3548 1400117121 1182618565  4096 
bcache: 3548 1400117121 -1074421931  4096 
bcache: 3548 1400117121 -1164945244  4096 
bcache: 3548 1400117121 24155912  4096 
bcache: 3548 1400117121 438940289  4096 
bcache: 3548 1400117121 -1666673955  4096 
bcache: 3548 1400117121 1700295808  4096 
bcache: 3548 1400117121 -816535630  4096 
bcache: 3548 1400117121 -1460772871  4096 
bcache: 3548 1400117121 -1927026181  4096 
bcache: 3548 1400117121 1549492396  4096 
bcache: 3548 1400117121 1302196426  4096 
bcache: 3548 1400117121 -1291481478  4096 
bcache: 3548 1400117121 1666122705  4096 
bcache: 3548 1400117121 734145244  4096 
bcache: 3548 1400117121 -930197571  4096 
bcache: 3548 1400117121 -443199391  4096 
bcache: 3548 1400117121 -174492306  4096 
bcache: 3548 1400117121 -1079403752  4096 
bcache: 3548 1400117121 1944728287  4096 
bcache: 3548 1400117121 1962756310  4096 
bcache: 3548 1400117121 895068288  4096 
bcache: 3548 1400117121 -1909856280  4096 
bcache: 3548 1400117121 243532995  4096 
bcache: 3548 1400117121 -760272177  4096 
bcache: 3548 1400117121 -31415323  4096 
bcache: 3548 1400117121 -487077876  4096 
bcache: 3548 1400117121 646134352  4096 
bcache: 3548 1400117121 -835793186  4096 
bcache: 3548 1400117121 -2115137708  4096 
bcache: 3548 1400117121 -1934104827  4096 
bcache: 3548 1400117121 -2091318093  4096 
bcache: 3548 1400117121 -97544710  4096 
bcache: 3548 1400117121 -696768956  4096 
bcache: 3548 1400117121 -2101661959  4096 
bcache: 3548 1400117121 1484976297  4096 
bcache: 3548 1400117121 1801202073  4096 
bcache: 3548 1400117121 1407481062  4096 
bcache: 3548 1400117121 -2072301715  4096 
bcache: 3548 1400117121 -1430132884  4096 
bcache: 3548 1400117121 -213390828  4096 
bcache: 3548 1400117121 2121840238  4096 
bcache: 3548 1400117121 1463282487  4096 
bcache: 3548 1400117121 -898462038  4096 
bcache: 3548 1400117121 -528348247  4096 
bcache: 3548 1400117121 1386616432  4096 
bcache: 3548 1400117121 -1151990438  4096 
bcache: 3548 1400117121 1321075088  4096 
bcache: 3548 1400117121 -2051624680  4096 
bcache: 3548 1400117121 987858918  4096 
bcache: 3548 1400117121 -136817948  4096 
bcache: 3548 1400117121 -173523596  4096 
bcache: 3548 1400117121 -1767569653  4096 
bcache: 3548 1400117121 -1384015939  4096 
3548 sda9 28477440 524288 W 1400117121 -924568458 1472733451 713940784 976909746 -1172248752 -88513670 1601482048 1215950833 1252223595 274849555 -695031948 -1608340955 893898588 1817054653 -1407707578 -1425210743 -427370884 -596178691 -1156563369 1796539082 -1571810266 1879362119 10478538 666863205 1658240736 1429977437 -571676105 -610704549 -1597849394 153042780 1137578094 -1542434807 1598669113 -262938977 -1017836121 903539450 -1680017339 1086006527 312052939 -785161887 -1879004794 2030688750 -947993219 -637984711 1766846880 -770718780 17631 
3548 sda 466800640 524288 W 1400117121 -924568458 1472733451 713940784 976909746 -1172248752 -88513670 1601482048 1215950833 1252223595 274849555 -695031948 -1608340955 893898588 1817054653 -1407707578 -1425210743 -427370884 -596178691 -1156563369 1796539082 -1571810266 1879362119 10478538 666863205 1658240736 1429977437 -571676105 -610704549 -1597849394 153042780 1137578094 -1542434807 1598669113 -262938977 -1017836121 903539450 -1680017339 1086006527 312052939 -785161887 -1879004794 2030688750 -947993219 -637984711 1766846880 -770718780 17631 
3548 sda9 0 0 W 1400117121  
3548 sda9 0 0 W 1400117121  
bcache: 3548 1400117121 855227499  4096 
bcache: 3548 1400117121 -1128217993  4096 
bcache: 3548 1400117121 -1292655562  4096 
bcache: 3548 1400117121 766771920  4096 
bcache: 3548 1400117121 2140496137  4096 
bcache: 3548 1400117121 2055639175  4096 
bcache: 3548 1400117121 1821121389  4096 
bcache: 3548 1400117121 399110365  4096 
bcache: 3548 1400117121 -56268239  4096 
bcache: 3548 1400117121 2019400540  4096 
bcache: 3548 1400117121 696023817  4096 
bcache: 3548 1400117121 1979124524  4096 
bcache: 3548 1400117121 -1483639776  4096 
bcache: 3548 1400117121 -907465658  4096 
bcache: 3548 1400117121 -1719832412  4096 
bcache: 3548 1400117121 304215579  4096 
bcache: 3548 1400117121 -82954065  4096 
bcache: 3548 1400117121 1401880787  4096 
bcache: 3548 1400117121 738021310  4096 
bcache: 3548 1400117121 -479073577  4096 
bcache: 3548 1400117121 1532921182  4096 
bcache: 3548 1400117121 1643816674  4096 
bcache: 3548 1400117121 558509129  4096 
bcache: 3548 1400117121 1742611557  4096 
bcache: 3548 1400117121 214458256  4096 
bcache: 3548 1400117121 -2000282701  4096 
bcache: 3548 1400117121 -1197869282  4096 
bcache: 3548 1400117121 -1008483259  4096 
bcache: 3548 1400117121 1827561281  4096 
bcache: 3548 1400117121 194309337  4096 
bcache: 3548 1400117121 933743810  4096 
bcache: 3548 1400117121 1714759234  4096 
bcache: 3548 1400117121 -1071519447  4096 
bcache: 3548 1400117121 1030055016  4096 
bcache: 3548 1400117121 348512390  4096 
bcache: 3548 1400117121 1915571174  4096 
bcache: 3548 1400117121 944376167  4096 
bcache: 3548 1400117121 450361804  4096 
bcache: 3548 1400117121 -1178414418  4096 
bcache: 3548 1400117121 -418745417  4096 
bcache: 3548 1400117121 147964206  4096 
bcache: 3548 1400117121 179267490  4096 
bcache: 3548 1400117121 -1702431490  4096 
bcache: 3548 1400117121 538412938  4096 
bcache: 3548 1400117121 -1420701159  4096 
bcache: 3548 1400117121 1981718039  4096 
bcache: 3548 1400117121 -1072231327  4096 
bcache: 3548 1400117121 1848059150  4096 
bcache: 3548 1400117121 -1759052539  4096 
bcache: 3548 1400117121 1564513908  4096 
bcache: 3548 1400117121 6638648  4096 
bcache: 3548 1400117121 -1916303926  4096 
bcache: 3548 1400117121 1164525804  4096 
bcache: 3548 1400117121 -925478332  4096 
bcache: 3548 1400117121 2124531665  4096 
bcache: 3548 1400117121 40583931  4096 
bcache: 3548 1400117121 1053062858  4096 
3548 sda9 28478464 233472 W 1400117121 855227499 -1128217993 -1292655562 766771920 2140496137 2055639175 1821121389 399110365 -56268239 2019400540 696023817 1979124524 -1483639776 -907465658 -1719832412 304215579 -82954065 1401880787 738021310 -479073577 1532921182 1643816674 558509129 1742611557 214458256 -2000282701 -1197869282 -1008483259 1827561281 194309337 933743810 1714759234 -1071519447 1030055016 348512390 1915571174 944376167 450361804 -1178414418 -418745417 147964206 179267490 -1702431490 538412938 -1420701159 1981718039 -1072231327  
3548 sda 466801664 233472 W 1400117121 855227499 -1128217993 -1292655562 766771920 2140496137 2055639175 1821121389 399110365 -56268239 2019400540 696023817 1979124524 -1483639776 -907465658 -1719832412 304215579 -82954065 1401880787 738021310 -479073577 1532921182 1643816674 558509129 1742611557 214458256 -2000282701 -1197869282 -1008483259 1827561281 194309337 933743810 1714759234 -1071519447 1030055016 348512390 1915571174 944376167 450361804 -1178414418 -418745417 147964206 179267490 -1702431490 538412938 -1420701159 1981718039 -1072231327  
3548 sda9 0 0 W 1400117121  
3548 sda9 0 0 W 1400117121  
bcache: 3548 1400117121 1804844572  4096 
bcache: 3548 1400117121 -853533148  4096 
bcache: 3548 1400117121 -1842943901  4096 
bcache: 3548 1400117121 4471807  4096 
3548 sda9 34826696 16384 W 1400117121 1804844572 -853533148 -1842943901 4471807  
3548 sda 473149896 16384 W 1400117121 1804844572 -853533148 -1842943901 4471807  
3548 sda9 0 0 W 1400117121  
3548 sda9 0 0 W 1400117121  
bcache: 3548 1400117123 -532387983  4096 
bcache: 3548 1400117123 -627486424  4096 
bcache: 3548 1400117123 1016714960  4096 
3548 sdb2 24592 4096 W 1400117123 -532387983  
3548 sdb 434232 4096 W 1400117123 -532387983  
3548 sdb2 24600 4096 W 1400117123 -627486424  
3548 sdb 434240 4096 W 1400117123 -627486424  
3548 sdb2 24608 4096 W 1400117123 1016714960  
3548 sdb 434248 4096 W 1400117123 1016714960  
3548 sdb2 0 0 W 1400117123  
bcache: 3548 1400117123 1412678051  4096 
3548 sdb2 28720 4096 W 1400117123 1412678051  
3548 sdb 438360 4096 W 1400117123 1412678051  
3548 sdb2 0 0 W 1400117123  
bcache: 3548 1400117123 1147197637  4096 
3548 sdb2 243140264 4096 W 1400117123 1147197637  
3548 sdb 243549904 4096 W 1400117123 1147197637  
3548 sdb2 0 0 W 1400117123  
bcache: 3548 1400117123 -2104038904  4096 
3548 sdb2 16392 4096 W 1400117123 -2104038904  
3548 sdb 426032 4096 W 1400117123 -2104038904  
3548 sdb2 0 0 W 1400117123  
bcache: 3548 1400117126 -1  4096 
3548 sda9 31082536 4096 W 1400117126 -1  
278 sda9 222596776 4096 W 1400117126 -1865442713  
3548 sda 469405736 4096 W 1400117126 -1  
278 sda 660919976 4096 W 1400117126 -1865442713  
278 sda9 222596784 4096 W 1400117126 881538904  
278 sda 660919984 4096 W 1400117126 881538904  
278 sda9 222596792 4096 W 1400117126 -923682633  
278 sda 660919992 4096 W 1400117126 -923682633  
3548 sda9 0 0 W 1400117126  
3548 sda9 0 0 W 1400117126  
278 sda9 222596800 4096 W 1400117126 -1437094068  
278 sda 660920000 4096 W 1400117126 -1437094068  
bcache: 3548 1400117126 796989810  4096 
3548 sda9 31082680 4096 W 1400117126 796989810  
3548 sda 469405880 4096 W 1400117126 796989810  
3548 sda9 0 0 W 1400117126  
3548 sda9 0 0 W 1400117126  
bcache: 3548 1400117126 -1987193249  4096 
3548 sda9 31105728 4096 W 1400117126 -1987193249  
3548 sda 469428928 4096 W 1400117126 -1987193249  
3548 sda9 0 0 W 1400117126  
3548 sda9 0 0 W 1400117126  
bcache: 3548 1400117126 -1673961097  4096 
3548 sda9 31106712 4096 W 1400117126 -1673961097  
3548 sda 469429912 4096 W 1400117126 -1673961097  
3548 sda9 0 0 W 1400117126  
3548 sda9 0 0 W 1400117126  
bcache: 3548 1400117126 -1993633913  4096 
3548 sda9 31109560 4096 W 1400117126 -1993633913  
3548 sda 469432760 4096 W 1400117126 -1993633913  
3548 sda9 0 0 W 1400117126  
3548 sda9 0 0 W 1400117126  
bcache: 3548 1400117126 80829308  4096 
3548 sda9 31114400 4096 W 1400117126 80829308  
3548 sda 469437600 4096 W 1400117126 80829308  
3548 sda9 0 0 W 1400117126  
3548 sda9 0 0 W 1400117126  
bcache: 3548 1400117127 -1699797793  4096 
bcache: 3548 1400117127 -1718362260  4096 
bcache: 3548 1400117127 -17773571  4096 
3548 sda9 31114416 12288 W 1400117127 -1699797793 -1718362260 -17773571  
3548 sda 469437616 12288 W 1400117127 -1699797793 -1718362260 -17773571  
3548 sda9 0 0 W 1400117127  
3548 sda9 0 0 W 1400117127  
bcache: 3548 1400117127 439613096  4096 
3548 sda9 31120952 4096 W 1400117127 439613096  
3548 sda 469444152 4096 W 1400117127 439613096  
3548 sda9 0 0 W 1400117127  
3548 sda9 0 0 W 1400117127  
bcache: 3548 1400117127 -2029209255  4096 
3548 sda9 31222560 4096 W 1400117127 -2029209255  
3548 sda 469545760 4096 W 1400117127 -2029209255  
3548 sda9 0 0 W 1400117127  
3548 sda9 0 0 W 1400117127  
bcache: 3548 1400117127 -1792045635  4096 
3548 sda9 31264856 4096 W 1400117127 -1792045635  
3548 sda 469588056 4096 W 1400117127 -1792045635  
3548 sda9 0 0 W 1400117127  
3548 sda9 0 0 W 1400117127  
bcache: 3548 1400117127 -432912598  4096 
3548 sda9 35555368 4096 W 1400117127 -432912598  
3548 sda 473878568 4096 W 1400117127 -432912598  
3548 sda9 0 0 W 1400117127  
3548 sda9 0 0 W 1400117127  
bcache: 3548 1400117127 1865482927  4096 
3548 sda9 26118144 4096 W 1400117127 1865482927  
3548 sda 464441344 4096 W 1400117127 1865482927  
3548 sda9 0 0 W 1400117127  
3548 sda9 0 0 W 1400117127  
bcache: 3548 1400117127 -1733263222  4096 
bcache: 3548 1400117127 -1164393038  4096 
3548 sda9 26121736 8192 W 1400117127 -1733263222 -1164393038  
3548 sda 464444936 8192 W 1400117127 -1733263222 -1164393038  
3548 sda9 0 0 W 1400117127  
3548 sda9 0 0 W 1400117127  
bcache: 3548 1400117127 -1  4096 
3548 sda9 26121864 4096 W 1400117127 -1  
3548 sda 464445064 4096 W 1400117127 -1  
3548 sda9 0 0 W 1400117127  
3548 sda9 0 0 W 1400117127  
bcache: 3548 1400117127 66737816  4096 
3548 sda9 26121904 4096 W 1400117127 66737816  
3548 sda 464445104 4096 W 1400117127 66737816  
3548 sda9 0 0 W 1400117127  
3548 sda9 0 0 W 1400117127  
bcache: 3548 1400117127 -36680057  4096 
3548 sda9 26121992 4096 W 1400117127 -36680057  
3548 sda 464445192 4096 W 1400117127 -36680057  
3548 sda9 0 0 W 1400117127  
3548 sda9 0 0 W 1400117127  
bcache: 3548 1400117127 -2115808576  4096 
3548 sda9 26140456 4096 W 1400117127 -2115808576  
3548 sda 464463656 4096 W 1400117127 -2115808576  
3548 sda9 0 0 W 1400117127  
3548 sda9 0 0 W 1400117127  
bcache: 3548 1400117127 -256386317  4096 
3548 sda9 26143656 4096 W 1400117127 -256386317  
3548 sda 464466856 4096 W 1400117127 -256386317  
3548 sda9 0 0 W 1400117127  
3548 sda9 0 0 W 1400117127  
bcache: 3548 1400117127 -894846136  4096 
3548 sda9 26187608 4096 W 1400117127 -894846136  
3548 sda 464510808 4096 W 1400117127 -894846136  
3548 sda9 0 0 W 1400117127  
3548 sda9 0 0 W 1400117127  
bcache: 3548 1400117127 737631609  4096 
3548 sda9 26192392 4096 W 1400117127 737631609  
3548 sda 464515592 4096 W 1400117127 737631609  
3548 sda9 0 0 W 1400117127  
3548 sda9 0 0 W 1400117127  
bcache: 3548 1400117127 1228854959  4096 
3548 sda9 26454008 4096 W 1400117127 1228854959  
3548 sda 464777208 4096 W 1400117127 1228854959  
3548 sda9 0 0 W 1400117127  
3548 sda9 0 0 W 1400117127  
bcache: 3548 1400117127 299416665  4096 
bcache: 3548 1400117127 -1607551480  4096 
bcache: 3548 1400117127 1665873782  4096 
bcache: 3548 1400117127 249577539  4096 
bcache: 3548 1400117127 -2055582547  4096 
bcache: 3548 1400117127 1119586577  4096 
bcache: 3548 1400117127 901553457  4096 
bcache: 3548 1400117127 1861702305  4096 
3548 sda9 31359648 32768 W 1400117127 299416665 -1607551480 1665873782 249577539 -2055582547 1119586577 901553457 1861702305  
3548 sda 469682848 32768 W 1400117127 299416665 -1607551480 1665873782 249577539 -2055582547 1119586577 901553457 1861702305  
3548 sda9 0 0 W 1400117127  
3548 sda9 0 0 W 1400117127  
bcache: 3548 1400117127 1097165616  4096 
3548 sda9 34826720 4096 W 1400117127 1097165616  
3548 sda 473149920 4096 W 1400117127 1097165616  
3548 sda9 0 0 W 1400117127  
3548 sda9 0 0 W 1400117127  
bcache: 3548 1400117127 953518551  4096 
3548 sda9 31359712 4096 W 1400117127 953518551  
3548 sda 469682912 4096 W 1400117127 953518551  
3548 sda9 0 0 W 1400117127  
3548 sda9 0 0 W 1400117127  
2162 sdb2 487068168 4096 W 1400117128 -934022278  
2162 sdb 487477808 4096 W 1400117128 -934022278  
2162 sdb2 487068176 4096 W 1400117128 2010559320  
2162 sdb 487477816 4096 W 1400117128 2010559320  
2162 sdb2 487068184 4096 W 1400117128 1298676408  
2162 sdb 487477824 4096 W 1400117128 1298676408  
bcache: 3548 1400117132 -817757647  4096 
278 sda9 222596808 4096 W 1400117132 -1479537985  
bcache: 3548 1400117132 214119381  4096 
278 sda 660920008 4096 W 1400117132 -1479537985  
278 sda9 222596816 4096 W 1400117132 899243338  
3548 sda9 31359720 8192 W 1400117132 -817757647 214119381  
278 sda 660920016 4096 W 1400117132 899243338  
278 sda9 222596824 4096 W 1400117132 1026750696  
3548 sda 469682920 8192 W 1400117132 -817757647 214119381  
278 sda 660920024 4096 W 1400117132 1026750696  
278 sda9 222596832 4096 W 1400117132 -1646803291  
278 sda 660920032 4096 W 1400117132 -1646803291  
3548 sda9 0 0 W 1400117132  
3548 sda9 0 0 W 1400117132  
bcache: 3548 1400117132 -2111813037  4096 
3548 sda9 31359736 4096 W 1400117132 -2111813037  
3548 sda 469682936 4096 W 1400117132 -2111813037  
3548 sda9 0 0 W 1400117132  
3548 sda9 0 0 W 1400117132  
6927 sdb2 8224 4096 W 1400117132 2010559320  
6927 sdb 417864 4096 W 1400117132 2010559320  
304 sda9 117447976 4096 W 1400117136 -461865303  
304 sda 555771176 4096 W 1400117136 -461865303  
304 sda9 146800672 4096 W 1400117136 -350710538  
304 sda 585123872 4096 W 1400117136 -350710538  
304 sda9 146800680 4096 W 1400117136 1496001294  
304 sda 585123880 4096 W 1400117136 1496001294  
304 sda9 180355080 4096 W 1400117136 -919784279  
304 sda 618678280 4096 W 1400117136 -919784279  
304 sda9 180360152 4096 W 1400117136 -249120186  
304 sda 618683352 4096 W 1400117136 -249120186  
304 sda9 0 4096 W 1400117136 2087238287  
304 sda 438323200 4096 W 1400117136 2087238287  
304 sda9 16 4096 W 1400117136 912871709  
304 sda 438323216 4096 W 1400117136 912871709  
304 sda9 32 4096 W 1400117136 -114610137  
304 sda 438323232 4096 W 1400117136 -114610137  
304 sda9 40 4096 W 1400117136 1661083175  
304 sda 438323240 4096 W 1400117136 1661083175  
304 sda9 48 4096 W 1400117136 -763842341  
304 sda 438323248 4096 W 1400117136 -763842341  
304 sda9 46137480 4096 W 1400117136 55186193  
304 sda 484460680 4096 W 1400117136 55186193  
304 sda9 46142816 4096 W 1400117136 338096652  
304 sda 484466016 4096 W 1400117136 338096652  
304 sda9 46143032 4096 W 1400117136 2063293387  
304 sda 484466232 4096 W 1400117136 2063293387  
304 sda9 46143080 4096 W 1400117136 -54788641  
304 sda 484466280 4096 W 1400117136 -54788641  
304 sda9 54526016 4096 W 1400117136 1446256375  
304 sda 492849216 4096 W 1400117136 1446256375  
304 sda9 100663432 4096 W 1400117136 -2028632672  
304 sda 538986632 4096 W 1400117136 -2028632672  
304 sda9 100667296 4096 W 1400117136 -619010634  
304 sda 538990496 4096 W 1400117136 -619010634  
304 sda9 100667720 4096 W 1400117136 -1805304251  
304 sda 538990920 4096 W 1400117136 -1805304251  
304 sda9 100735240 4096 W 1400117136 766645249  
304 sda 539058440 4096 W 1400117136 766645249  
278 sda9 222596840 4096 W 1400117137 -655638343  
278 sda 660920040 4096 W 1400117137 -655638343  
278 sda9 222596848 4096 W 1400117137 -875177368  
278 sda 660920048 4096 W 1400117137 -875177368  
278 sda9 222596856 4096 W 1400117137 -1452883067  
278 sda 660920056 4096 W 1400117137 -1452883067  
278 sda9 222596864 4096 W 1400117137 -1850785577  
278 sda 660920064 4096 W 1400117137 -1850785577  
bcache: 3548 1400117138 -1334196169  4096 
bcache: 3548 1400117138 627282161  4096 
3548 sda9 31359744 8192 W 1400117138 -1334196169 627282161  
3548 sda 469682944 8192 W 1400117138 -1334196169 627282161  
3548 sda9 0 0 W 1400117138  
3548 sda9 0 0 W 1400117138  
bcache: 3548 1400117138 752196980  4096 
3548 sda9 31359760 4096 W 1400117138 752196980  
3548 sda 469682960 4096 W 1400117138 752196980  
3548 sda9 0 0 W 1400117138  
3548 sda9 0 0 W 1400117138  
278 sda9 222596872 4096 W 1400117143 43782707  
278 sda 660920072 4096 W 1400117143 43782707  
278 sda9 222596880 4096 W 1400117143 578120542  
278 sda 660920080 4096 W 1400117143 578120542  
278 sda9 222596888 4096 W 1400117143 -462136079  
278 sda 660920088 4096 W 1400117143 -462136079  
278 sda9 222596896 4096 W 1400117143 -1056540609  
278 sda 660920096 4096 W 1400117143 -1056540609  
bcache: 3548 1400117144 92424848  4096 
bcache: 3548 1400117144 2135336225  4096 
3548 sda9 31359768 8192 W 1400117144 92424848 2135336225  
3548 sda 469682968 8192 W 1400117144 92424848 2135336225  
3548 sda9 0 0 W 1400117144  
3548 sda9 0 0 W 1400117144  
bcache: 3548 1400117144 472698199  4096 
3548 sda9 31359784 4096 W 1400117144 472698199  
3548 sda 469682984 4096 W 1400117144 472698199  
3548 sda9 0 0 W 1400117144  
3548 sda9 0 0 W 1400117144  
278 sda9 222596904 4096 W 1400117149 2108151861  
278 sda 660920104 4096 W 1400117149 2108151861  
278 sda9 222596912 4096 W 1400117149 -541055925  
278 sda 660920112 4096 W 1400117149 -541055925  
278 sda9 222596920 4096 W 1400117149 -974649316  
278 sda 660920120 4096 W 1400117149 -974649316  
278 sda9 222596928 4096 W 1400117149 -44793091  
278 sda 660920128 4096 W 1400117149 -44793091  
bcache: 3548 1400117150 -1319504499  4096 
3548 sda9 36871248 4096 W 1400117150 -1319504499  
3548 sda 475194448 4096 W 1400117150 -1319504499  
3548 sda9 0 0 W 1400117150  
3548 sda9 0 0 W 1400117150  
bcache: 3548 1400117150 237633265  4096 
3548 sda9 34826688 4096 W 1400117150 237633265  
3548 sda 473149888 4096 W 1400117150 237633265  
3548 sda9 0 0 W 1400117150  
3548 sda9 0 0 W 1400117150  
bcache: 3548 1400117150 -744897307  4096 
bcache: 3548 1400117150 -996178864  4096 
bcache: 3548 1400117150 1022056569  4096 
bcache: 3548 1400117150 1251664895  4096 
bcache: 3548 1400117150 1865482927  4096 
bcache: 3548 1400117150 694261602  4096 
bcache: 3548 1400117150 540995767  4096 
bcache: 3548 1400117150 1777356131  4096 
bcache: 3548 1400117150 -1004182048  4096 
bcache: 3548 1400117150 943674526  4096 
bcache: 3548 1400117150 881741186  4096 
bcache: 3548 1400117150 -766775287  4096 
bcache: 3548 1400117150 -569096483  4096 
bcache: 3548 1400117150 1549565698  4096 
bcache: 3548 1400117150 -250082206  4096 
bcache: 3548 1400117150 809537642  4096 
bcache: 3548 1400117150 -501558715  4096 
3548 sda9 31359792 69632 W 1400117150 -744897307 -996178864 1022056569 1251664895 1865482927 694261602 540995767 1777356131 -1004182048 943674526 881741186 -766775287 -569096483 1549565698 -250082206 809537642 -501558715  
3548 sda 469682992 69632 W 1400117150 -744897307 -996178864 1022056569 1251664895 1865482927 694261602 540995767 1777356131 -1004182048 943674526 881741186 -766775287 -569096483 1549565698 -250082206 809537642 -501558715  
3548 sda9 0 0 W 1400117150  
3548 sda9 0 0 W 1400117150  
bcache: 3548 1400117150 -560798821  4096 
3548 sda9 31359928 4096 W 1400117150 -560798821  
3548 sda 469683128 4096 W 1400117150 -560798821  
3548 sda9 0 0 W 1400117150  
3548 sda9 0 0 W 1400117150  
304 sda9 147968984 32768 W 1400117151 -210185878 517257552 -1233613857 -274154720 -1508440533 -1726347837 -802556224 -2134507081  
304 sda 586292184 32768 W 1400117151 -210185878 517257552 -1233613857 -274154720 -1508440533 -1726347837 -802556224 -2134507081  
278 sda9 147969040 4096 W 1400117155 732669754  
278 sda 586292240 4096 W 1400117155 732669754  
278 sda9 222596936 4096 W 1400117155 780073135  
278 sda 660920136 4096 W 1400117155 780073135  
278 sda9 222596944 4096 W 1400117155 1163080129  
278 sda 660920144 4096 W 1400117155 1163080129  
278 sda9 222596952 4096 W 1400117155 -1135806527  
278 sda 660920152 4096 W 1400117155 -1135806527  
278 sda9 222596960 4096 W 1400117155 1055299568  
278 sda 660920160 4096 W 1400117155 1055299568  
278 sda9 222596968 4096 W 1400117155 1767461778  
278 sda 660920168 4096 W 1400117155 1767461778  
278 sda9 222596976 4096 W 1400117155 -127398652  
278 sda 660920176 4096 W 1400117155 -127398652  
bcache: 3548 1400117156 63643176  4096 
bcache: 3548 1400117156 -601270624  4096 
3548 sda9 34768896 8192 W 1400117156 63643176 -601270624  
3548 sda 473092096 8192 W 1400117156 63643176 -601270624  
3548 sda9 0 0 W 1400117156  
3548 sda9 0 0 W 1400117156  
bcache: 3548 1400117158 2034332443  4096 
bcache: 3548 1400117158 -598483501  4096 
bcache: 3548 1400117158 -1322942030  4096 
bcache: 3548 1400117158 -1308927711  4096 
3548 sda9 36871504 16384 W 1400117158 2034332443 -598483501 -1322942030 -1308927711  
3548 sda 475194704 16384 W 1400117158 2034332443 -598483501 -1322942030 -1308927711  
3548 sda9 0 0 W 1400117158  
3548 sda9 0 0 W 1400117158  
bcache: 3548 1400117159 -997481239  4096 
3548 sda9 33167672 4096 W 1400117159 -997481239  
3548 sda 471490872 4096 W 1400117159 -997481239  
3548 sda9 0 0 W 1400117159  
3548 sda9 0 0 W 1400117159  
bcache: 3548 1400117159 -1254981340  4096 
bcache: 3548 1400117159 1513479302  4096 
3548 sda9 33168864 8192 W 1400117159 -1254981340 1513479302  
3548 sda 471492064 8192 W 1400117159 -1254981340 1513479302  
3548 sda9 0 0 W 1400117159  
3548 sda9 0 0 W 1400117159  
bcache: 3548 1400117159 228185668  4096 
3548 sda9 33167712 4096 W 1400117159 228185668  
3548 sda 471490912 4096 W 1400117159 228185668  
3548 sda9 0 0 W 1400117159  
3548 sda9 0 0 W 1400117159  
bcache: 3548 1400117159 1859970358  4096 
bcache: 3548 1400117159 -652353289  4096 
bcache: 3548 1400117159 -860875589  4096 
3548 sda9 33171432 12288 W 1400117159 1859970358 -652353289 -860875589  
3548 sda 471494632 12288 W 1400117159 1859970358 -652353289 -860875589  
3548 sda9 0 0 W 1400117159  
3548 sda9 0 0 W 1400117159  
bcache: 3548 1400117159 1254220203  4096 
3548 sda9 36871536 4096 W 1400117159 1254220203  
3548 sda 475194736 4096 W 1400117159 1254220203  
3548 sda9 0 0 W 1400117159  
3548 sda9 0 0 W 1400117159  
bcache: 3548 1400117159 629475802  4096 
3548 sda9 33171800 4096 W 1400117159 629475802  
3548 sda 471495000 4096 W 1400117159 629475802  
3548 sda9 0 0 W 1400117159  
3548 sda9 0 0 W 1400117159  
3548 sda9 32636224 4096 R 1400117159  
3548 sda 470959424 4096 R 1400117159  
278 sda9 147969040 4096 W 1400117161 -2074611996  
278 sda 586292240 4096 W 1400117161 -2074611996  
278 sda9 222596984 4096 W 1400117161 210020391  
278 sda 660920184 4096 W 1400117161 210020391  
278 sda9 222596992 4096 W 1400117161 -1663012086  
278 sda 660920192 4096 W 1400117161 -1663012086  
278 sda9 222597000 4096 W 1400117161 2138692793  
278 sda 660920200 4096 W 1400117161 2138692793  
278 sda9 222597008 4096 W 1400117161 1576211291  
278 sda 660920208 4096 W 1400117161 1576211291  
bcache: 3548 1400117161 -250082206  4096 
3548 sda9 26121736 4096 W 1400117161 -250082206  
3548 sda 464444936 4096 W 1400117161 -250082206  
3548 sda9 0 0 W 1400117161  
3548 sda9 0 0 W 1400117161  
bcache: 3548 1400117161 881741186  4096 
3548 sda9 26121760 4096 W 1400117161 881741186  
3548 sda 464444960 4096 W 1400117161 881741186  
3548 sda9 0 0 W 1400117161  
3548 sda9 0 0 W 1400117161  
bcache: 3548 1400117161 540995767  4096 
3548 sda9 26121792 4096 W 1400117161 540995767  
3548 sda 464444992 4096 W 1400117161 540995767  
3548 sda9 0 0 W 1400117161  
3548 sda9 0 0 W 1400117161  
bcache: 3548 1400117161 -766775287  4096 
3548 sda9 26121864 4096 W 1400117161 -766775287  
3548 sda 464445064 4096 W 1400117161 -766775287  
3548 sda9 0 0 W 1400117161  
3548 sda9 0 0 W 1400117161  
bcache: 3548 1400117161 -1004182048  4096 
3548 sda9 26121904 4096 W 1400117161 -1004182048  
3548 sda 464445104 4096 W 1400117161 -1004182048  
3548 sda9 0 0 W 1400117161  
3548 sda9 0 0 W 1400117161  
bcache: 3548 1400117161 1549565698  4096 
3548 sda9 26121992 4096 W 1400117161 1549565698  
3548 sda 464445192 4096 W 1400117161 1549565698  
3548 sda9 0 0 W 1400117161  
3548 sda9 0 0 W 1400117161  
bcache: 3548 1400117161 943674526  4096 
3548 sda9 26122696 4096 W 1400117161 943674526  
3548 sda 464445896 4096 W 1400117161 943674526  
3548 sda9 0 0 W 1400117161  
3548 sda9 0 0 W 1400117161  
bcache: 3548 1400117161 694261602  4096 
3548 sda9 26143664 4096 W 1400117161 694261602  
3548 sda 464466864 4096 W 1400117161 694261602  
3548 sda9 0 0 W 1400117161  
3548 sda9 0 0 W 1400117161  
bcache: 3548 1400117161 -569096483  4096 
3548 sda9 26187608 4096 W 1400117161 -569096483  
3548 sda 464510808 4096 W 1400117161 -569096483  
3548 sda9 0 0 W 1400117161  
3548 sda9 0 0 W 1400117161  
bcache: 3548 1400117162 964117614  4096 
3548 sda9 33439504 4096 W 1400117162 964117614  
3548 sda 471762704 4096 W 1400117162 964117614  
3548 sda9 0 0 W 1400117162  
3548 sda9 0 0 W 1400117162  
bcache: 3548 1400117162 964117614  4096 
3548 sda9 33204712 4096 W 1400117162 964117614  
3548 sda 471527912 4096 W 1400117162 964117614  
3548 sda9 0 0 W 1400117162  
3548 sda9 0 0 W 1400117162  
bcache: 3548 1400117162 264984523  4096 
3548 sda9 36871248 4096 W 1400117162 264984523  
3548 sda 475194448 4096 W 1400117162 264984523  
3548 sda9 0 0 W 1400117162  
3548 sda9 0 0 W 1400117162  
bcache: 3548 1400117162 -1232311556  4096 
3548 sda9 34826688 4096 W 1400117162 -1232311556  
3548 sda 473149888 4096 W 1400117162 -1232311556  
3548 sda9 0 0 W 1400117162  
3548 sda9 0 0 W 1400117162  
bcache: 3548 1400117162 320906791  4096 
bcache: 3548 1400117162 -364735421  4096 
bcache: 3548 1400117162 -1899848619  4096 
bcache: 3548 1400117162 -94927497  4096 
bcache: 3548 1400117162 1865482927  4096 
bcache: 3548 1400117162 -1084758164  4096 
bcache: 3548 1400117162 1489407670  4096 
bcache: 3548 1400117162 865434448  4096 
bcache: 3548 1400117162 386294153  4096 
bcache: 3548 1400117162 1973358922  4096 
bcache: 3548 1400117162 2087476573  4096 
bcache: 3548 1400117162 -939614727  4096 
bcache: 3548 1400117162 -1892254930  4096 
bcache: 3548 1400117162 -2129246670  4096 
bcache: 3548 1400117162 -1162846008  4096 
bcache: 3548 1400117162 -1900094840  4096 
bcache: 3548 1400117162 1865813008  4096 
bcache: 3548 1400117162 -292286402  4096 
bcache: 3548 1400117162 1587422811  4096 
bcache: 3548 1400117162 161587781  4096 
bcache: 3548 1400117162 11094592  4096 
bcache: 3548 1400117162 1026394550  4096 
bcache: 3548 1400117162 -417286561  4096 
bcache: 3548 1400117162 -970640436  4096 
bcache: 3548 1400117162 293950753  4096 
bcache: 3548 1400117162 970823380  4096 
bcache: 3548 1400117162 -1792045635  4096 
bcache: 3548 1400117162 -1406409049  4096 
bcache: 3548 1400117162 -683377892  4096 
bcache: 3548 1400117162 -593129262  4096 
bcache: 3548 1400117162 1960311573  4096 
bcache: 3548 1400117162 1337505338  4096 
bcache: 3548 1400117162 -987358054  4096 
bcache: 3548 1400117162 462937266  4096 
bcache: 3548 1400117162 436067709  4096 
bcache: 3548 1400117162 -2094881905  4096 
bcache: 3548 1400117162 -1837410110  4096 
bcache: 3548 1400117162 799917221  4096 
3548 sda9 31359936 155648 W 1400117162 320906791 -364735421 -1899848619 -94927497 1865482927 -1084758164 1489407670 865434448 386294153 1973358922 2087476573 -939614727 -1892254930 -2129246670 -1162846008 -1900094840 1865813008 -292286402 1587422811 161587781 11094592 1026394550 -417286561 -970640436 293950753 970823380 -1792045635 -1406409049 -683377892 -593129262 1960311573 1337505338 -987358054 462937266 436067709 -2094881905 -1837410110 799917221  
3548 sda 469683136 155648 W 1400117162 320906791 -364735421 -1899848619 -94927497 1865482927 -1084758164 1489407670 865434448 386294153 1973358922 2087476573 -939614727 -1892254930 -2129246670 -1162846008 -1900094840 1865813008 -292286402 1587422811 161587781 11094592 1026394550 -417286561 -970640436 293950753 970823380 -1792045635 -1406409049 -683377892 -593129262 1960311573 1337505338 -987358054 462937266 436067709 -2094881905 -1837410110 799917221  
3548 sda9 0 0 W 1400117162  
3548 sda9 0 0 W 1400117162  
bcache: 3548 1400117162 1945305926  4096 
3548 sda9 31360240 4096 W 1400117162 1945305926  
3548 sda 469683440 4096 W 1400117162 1945305926  
3548 sda9 0 0 W 1400117162  
3548 sda9 0 0 W 1400117162  
bcache: 3548 1400117162 -1038761655  4096 
3548 sda9 33174216 4096 W 1400117162 -1038761655  
3548 sda 471497416 4096 W 1400117162 -1038761655  
3548 sda9 0 0 W 1400117162  
3548 sda9 0 0 W 1400117162  
bcache: 3548 1400117162 -1038761655  4096 
3548 sda9 33174224 4096 W 1400117162 -1038761655  
3548 sda 471497424 4096 W 1400117162 -1038761655  
3548 sda9 0 0 W 1400117162  
3548 sda9 0 0 W 1400117162  
bcache: 3548 1400117162 629475802  4096 
3548 sda9 32649536 4096 W 1400117162 629475802  
3548 sda 470972736 4096 W 1400117162 629475802  
3548 sda9 0 0 W 1400117162  
3548 sda9 0 0 W 1400117162  
bcache: 3548 1400117167 -1303976718  4096 
3548 sda9 33204512 4096 W 1400117167 -1303976718  
278 sda9 222597016 4096 W 1400117167 -688686419  
3548 sda 471527712 4096 W 1400117167 -1303976718  
278 sda 660920216 4096 W 1400117167 -688686419  
278 sda9 222597024 4096 W 1400117167 -1855285155  
278 sda 660920224 4096 W 1400117167 -1855285155  
278 sda9 222597032 4096 W 1400117167 -886388439  
278 sda 660920232 4096 W 1400117167 -886388439  
3548 sda9 0 0 W 1400117167  
3548 sda9 0 0 W 1400117167  
278 sda9 222597040 4096 W 1400117167 1665093179  
278 sda 660920240 4096 W 1400117167 1665093179  
bcache: 3548 1400117167 1744415942  4096 
3548 sda9 36871248 4096 W 1400117167 1744415942  
3548 sda 475194448 4096 W 1400117167 1744415942  
3548 sda9 0 0 W 1400117167  
3548 sda9 0 0 W 1400117167  
bcache: 3548 1400117167 -1914710174  4096 
3548 sda9 34826688 4096 W 1400117167 -1914710174  
3548 sda 473149888 4096 W 1400117167 -1914710174  
3548 sda9 0 0 W 1400117167  
3548 sda9 0 0 W 1400117167  
bcache: 3548 1400117167 -1400554773  4096 
bcache: 3548 1400117167 -1  4096 
bcache: 3548 1400117167 -1481631098  4096 
bcache: 3548 1400117167 -48864277  4096 
bcache: 3548 1400117167 -1283490823  4096 
bcache: 3548 1400117167 1074837873  4096 
bcache: 3548 1400117167 347121089  4096 
bcache: 3548 1400117167 -1798063441  4096 
bcache: 3548 1400117167 -860499549  4096 
bcache: 3548 1400117167 1865482927  4096 
bcache: 3548 1400117167 -1014776331  4096 
bcache: 3548 1400117167 -797217277  4096 
bcache: 3548 1400117167 -882442759  4096 
bcache: 3548 1400117167 -1720364808  4096 
bcache: 3548 1400117167 -336852891  4096 
bcache: 3548 1400117167 163643628  4096 
3548 sda9 31360248 65536 W 1400117167 -1400554773 -1 -1481631098 -48864277 -1283490823 1074837873 347121089 -1798063441 -860499549 1865482927 -1014776331 -797217277 -882442759 -1720364808 -336852891 163643628  
3548 sda 469683448 65536 W 1400117167 -1400554773 -1 -1481631098 -48864277 -1283490823 1074837873 347121089 -1798063441 -860499549 1865482927 -1014776331 -797217277 -882442759 -1720364808 -336852891 163643628  
3548 sda9 0 0 W 1400117167  
3548 sda9 0 0 W 1400117167  
bcache: 3548 1400117167 1579484468  4096 
3548 sda9 31360376 4096 W 1400117167 1579484468  
3548 sda 469683576 4096 W 1400117167 1579484468  
3548 sda9 0 0 W 1400117167  
3548 sda9 0 0 W 1400117167  
304 sda9 146800672 4096 W 1400117171 1055299568  
304 sda 585123872 4096 W 1400117171 1055299568  
304 sda9 40 4096 W 1400117171 1767461778  
304 sda 438323240 4096 W 1400117171 1767461778  
278 sda9 222597048 4096 W 1400117172 -1446465365  
278 sda 660920248 4096 W 1400117172 -1446465365  
278 sda9 222597056 4096 W 1400117172 991064508  
278 sda 660920256 4096 W 1400117172 991064508  
278 sda9 222597064 4096 W 1400117172 -27271583  
278 sda 660920264 4096 W 1400117172 -27271583  
278 sda9 222597072 4096 W 1400117172 -742192804  
278 sda 660920272 4096 W 1400117172 -742192804  
278 sda9 222597080 4096 W 1400117178 335616518  
278 sda 660920280 4096 W 1400117178 335616518  
278 sda9 222597088 4096 W 1400117178 -1780294849  
278 sda 660920288 4096 W 1400117178 -1780294849  
278 sda9 222597096 4096 W 1400117178 -682736544  
278 sda 660920296 4096 W 1400117178 -682736544  
3548 sda9 33168864 8192 W 1400117181 -1160426109 -732638816  
3548 sda 471492064 8192 W 1400117181 -1160426109 -732638816  
3548 sda9 0 0 W 1400117181  
3548 sda9 0 0 W 1400117181  
3548 sda9 32639520 4096 W 1400117181 776635999  
3548 sda 470962720 4096 W 1400117181 776635999  
3548 sda9 0 0 W 1400117181  
3548 sda9 0 0 W 1400117181  
278 sda9 148013048 4096 W 1400117184 -936605871  
278 sda 586336248 4096 W 1400117184 -936605871  
278 sda9 222597104 4096 W 1400117184 182849032  
278 sda 660920304 4096 W 1400117184 182849032  
278 sda9 222597112 4096 W 1400117184 892319086  
278 sda 660920312 4096 W 1400117184 892319086  
278 sda9 222597120 4096 W 1400117184 -959601514  
278 sda 660920320 4096 W 1400117184 -959601514  
278 sda9 222597128 4096 W 1400117184 -1890271946  
278 sda 660920328 4096 W 1400117184 -1890271946  
278 sda9 222597136 4096 W 1400117184 1349781172  
278 sda 660920336 4096 W 1400117184 1349781172  
304 sda9 61623136 16384 W 1400117186 1271161044 1829612116 -1555875678 476684788  
304 sda 499946336 16384 W 1400117186 1271161044 1829612116 -1555875678 476684788  
3548 sda9 31360384 24576 W 1400117187 199667669 -1867537527 -1439162782 -1039660135 -1103754486 849031117  
3548 sda 469683584 24576 W 1400117187 199667669 -1867537527 -1439162782 -1039660135 -1103754486 849031117  
3548 sda9 0 0 W 1400117187  
3548 sda9 0 0 W 1400117187  
3548 sda9 31360432 4096 W 1400117187 -750986182  
3548 sda 469683632 4096 W 1400117187 -750986182  
3548 sda9 0 0 W 1400117187  
3548 sda9 0 0 W 1400117187  
278 sda9 61623160 4096 W 1400117190 579497869  
278 sda 499946360 4096 W 1400117190 579497869  
278 sda9 222597144 4096 W 1400117190 -2037606772  
278 sda 660920344 4096 W 1400117190 -2037606772  
278 sda9 222597152 4096 W 1400117190 -683680430  
278 sda 660920352 4096 W 1400117190 -683680430  
278 sda9 222597160 4096 W 1400117190 -1715764517  
278 sda 660920360 4096 W 1400117190 -1715764517  
278 sda9 222597168 4096 W 1400117190 -1672920569  
278 sda 660920368 4096 W 1400117190 -1672920569  
278 sda9 222597176 4096 W 1400117190 1660498599  
278 sda 660920376 4096 W 1400117190 1660498599  
278 sda9 222597184 4096 W 1400117190 1665937973  
278 sda 660920384 4096 W 1400117190 1665937973  
3548 sda9 32648832 4096 W 1400117191 599890274  
3548 sda 470972032 4096 W 1400117191 599890274  
3548 sda9 0 0 W 1400117191  
3548 sda9 0 0 W 1400117191  
3548 sda9 32649544 4096 W 1400117191 1822838424  
3548 sda 470972744 4096 W 1400117191 1822838424  
3548 sda9 0 0 W 1400117191  
3548 sda9 0 0 W 1400117191  
3548 sda9 33167712 4096 W 1400117191 -537184691  
3548 sda 471490912 4096 W 1400117191 -537184691  
3548 sda9 0 0 W 1400117191  
3548 sda9 0 0 W 1400117191  
3548 sda9 33168848 4096 W 1400117191 1128037237  
3548 sda 471492048 4096 W 1400117191 1128037237  
3548 sda9 0 0 W 1400117191  
3548 sda9 0 0 W 1400117191  
3548 sda9 33174216 4096 W 1400117191 -322951982  
3548 sda 471497416 4096 W 1400117191 -322951982  
3548 sda9 0 0 W 1400117191  
3548 sda9 0 0 W 1400117191  
3548 sda9 33175736 4096 W 1400117191 2127547922  
3548 sda 471498936 4096 W 1400117191 2127547922  
3548 sda9 0 0 W 1400117191  
3548 sda9 0 0 W 1400117191  
3548 sda9 33175816 4096 W 1400117191 2005197944  
3548 sda 471499016 4096 W 1400117191 2005197944  
3548 sda9 0 0 W 1400117191  
3548 sda9 0 0 W 1400117191  
3548 sda9 33176536 12288 W 1400117191 -1238383821 -1360265343 -274873105  
3548 sda 471499736 12288 W 1400117191 -1238383821 -1360265343 -274873105  
3548 sda9 0 0 W 1400117191  
3548 sda9 0 0 W 1400117191  
3548 sda9 33177088 65536 W 1400117191 -1429190950 1189316423 687446827 -560639388 -1388277439 -995267217 -102409926 -229789468 -467061364 2142873272 -128977529 -2109730951 -583154897 608182681 1036102439 82675201  
3548 sda 471500288 65536 W 1400117191 -1429190950 1189316423 687446827 -560639388 -1388277439 -995267217 -102409926 -229789468 -467061364 2142873272 -128977529 -2109730951 -583154897 608182681 1036102439 82675201  
3548 sda9 0 0 W 1400117191  
3548 sda9 0 0 W 1400117191  
3548 sda9 33037024 16384 W 1400117192 -29964628 -1405670016 1117401784 38577240  
3548 sda 471360224 16384 W 1400117192 -29964628 -1405670016 1117401784 38577240  
3548 sda9 0 0 W 1400117192  
3548 sda9 0 0 W 1400117192  
278 sda9 61623160 4096 W 1400117196 -1635468192  
278 sda 499946360 4096 W 1400117196 -1635468192  
278 sda9 222597192 4096 W 1400117196 724345556  
278 sda 660920392 4096 W 1400117196 724345556  
278 sda9 222597200 4096 W 1400117196 -1064149199  
278 sda 660920400 4096 W 1400117196 -1064149199  
278 sda9 222597208 4096 W 1400117196 1211567357  
278 sda 660920408 4096 W 1400117196 1211567357  
278 sda9 222597216 4096 W 1400117196 -540668596  
278 sda 660920416 4096 W 1400117196 -540668596  
3548 sda9 31082600 4096 W 1400117196 -364735421  
3548 sda 469405800 4096 W 1400117196 -364735421  
3548 sda9 0 0 W 1400117196  
3548 sda9 0 0 W 1400117196  
3548 sda9 31082672 8192 W 1400117196 -1 -882442759  
3548 sda 469405872 8192 W 1400117196 -1 -882442759  
3548 sda9 0 0 W 1400117196  
3548 sda9 0 0 W 1400117196  
3548 sda9 31107640 4096 W 1400117196 -860499549  
3548 sda 469430840 4096 W 1400117196 -860499549  
3548 sda9 0 0 W 1400117196  
3548 sda9 0 0 W 1400117196  
3548 sda9 31109600 4096 W 1400117196 -1084758164  
3548 sda 469432800 4096 W 1400117196 -1084758164  
3548 sda9 0 0 W 1400117196  
3548 sda9 0 0 W 1400117196  
3548 sda9 31110160 4096 W 1400117196 -593129262  
3548 sda 469433360 4096 W 1400117196 -593129262  
3548 sda9 0 0 W 1400117196  
3548 sda9 0 0 W 1400117196  
3548 sda9 31114416 4096 W 1400117196 -1039660135  
3548 sda 469437616 4096 W 1400117196 -1039660135  
3548 sda9 0 0 W 1400117196  
3548 sda9 0 0 W 1400117196  
3548 sda9 31114432 4096 W 1400117196 163643628  
3548 sda 469437632 4096 W 1400117196 163643628  
3548 sda9 0 0 W 1400117196  
3548 sda9 0 0 W 1400117196  
3548 sda9 31120952 20480 W 1400117196 -1406409049 -1798063441 1026394550 -1837410110 1960311573  
3548 sda 469444152 20480 W 1400117196 -1406409049 -1798063441 1026394550 -1837410110 1960311573  
3548 sda9 0 0 W 1400117196  
3548 sda9 0 0 W 1400117196  
3548 sda9 31121000 8192 W 1400117197 462937266 161587781  
3548 sda 469444200 8192 W 1400117197 462937266 161587781  
3548 sda9 0 0 W 1400117197  
3548 sda9 0 0 W 1400117197  
3548 sda9 31121024 4096 W 1400117197 -292286402  
3548 sda 469444224 4096 W 1400117197 -292286402  
3548 sda9 0 0 W 1400117197  
3548 sda9 0 0 W 1400117197  
3548 sda9 31264856 8192 W 1400117197 -1792045635 -48864277  
3548 sda 469588056 8192 W 1400117197 -1792045635 -48864277  
3548 sda9 0 0 W 1400117197  
3548 sda9 0 0 W 1400117197  
3548 sda9 31264880 4096 W 1400117197 -683377892  
3548 sda 469588080 4096 W 1400117197 -683377892  
3548 sda9 0 0 W 1400117197  
3548 sda9 0 0 W 1400117197  
3548 sda9 31264952 4096 W 1400117197 -1720364808  
3548 sda 469588152 4096 W 1400117197 -1720364808  
3548 sda9 0 0 W 1400117197  
3548 sda9 0 0 W 1400117197  
3548 sda9 31265104 4096 W 1400117197 -417286561  
3548 sda 469588304 4096 W 1400117197 -417286561  
3548 sda9 0 0 W 1400117197  
3548 sda9 0 0 W 1400117197  
3548 sda9 31265208 4096 W 1400117197 799917221  
3548 sda 469588408 4096 W 1400117197 799917221  
3548 sda9 0 0 W 1400117197  
3548 sda9 0 0 W 1400117197  
3548 sda9 31265320 4096 W 1400117197 1337505338  
3548 sda 469588520 4096 W 1400117197 1337505338  
3548 sda9 0 0 W 1400117197  
3548 sda9 0 0 W 1400117197  
3548 sda9 31265360 4096 W 1400117197 -987358054  
3548 sda 469588560 4096 W 1400117197 -987358054  
3548 sda9 0 0 W 1400117197  
3548 sda9 0 0 W 1400117197  
3548 sda9 31265608 4096 W 1400117197 436067709  
3548 sda 469588808 4096 W 1400117197 436067709  
3548 sda9 0 0 W 1400117197  
3548 sda9 0 0 W 1400117197  
3548 sda9 31265664 4096 W 1400117197 11094592  
3548 sda 469588864 4096 W 1400117197 11094592  
3548 sda9 0 0 W 1400117197  
3548 sda9 0 0 W 1400117197  
3548 sda9 31265888 4096 W 1400117197 -2094881905  
3548 sda 469589088 4096 W 1400117197 -2094881905  
3548 sda9 0 0 W 1400117197  
3548 sda9 0 0 W 1400117197  
3548 sda9 31265928 4096 W 1400117197 1587422811  
3548 sda 469589128 4096 W 1400117197 1587422811  
3548 sda9 0 0 W 1400117197  
3548 sda9 0 0 W 1400117197  
3548 sda9 31275288 4096 W 1400117197 -970640436  
3548 sda 469598488 4096 W 1400117197 -970640436  
3548 sda9 0 0 W 1400117197  
3548 sda9 0 0 W 1400117197  
3548 sda9 35555368 4096 W 1400117197 865434448  
3548 sda 473878568 4096 W 1400117197 865434448  
3548 sda9 0 0 W 1400117197  
3548 sda9 0 0 W 1400117197  
3548 sda9 26118144 4096 W 1400117197 1865482927  
3548 sda 464441344 4096 W 1400117197 1865482927  
3548 sda9 0 0 W 1400117197  
3548 sda9 0 0 W 1400117197  
3548 sda9 26140456 4096 W 1400117197 1074837873  
3548 sda 464463656 4096 W 1400117197 1074837873  
3548 sda9 0 0 W 1400117197  
3548 sda9 0 0 W 1400117197  
3548 sda9 26143656 4096 W 1400117197 -1283490823  
3548 sda 464466856 4096 W 1400117197 -1283490823  
3548 sda9 0 0 W 1400117197  
3548 sda9 0 0 W 1400117197  
3548 sda9 31360440 28672 W 1400117197 -239166242 -1 -1445115562 -188741257 -587696585 -1031516048 -243936170  
3548 sda 469683640 28672 W 1400117197 -239166242 -1 -1445115562 -188741257 -587696585 -1031516048 -243936170  
3548 sda9 0 0 W 1400117197  
3548 sda9 0 0 W 1400117197  
3548 sda9 31360496 4096 W 1400117197 -1660203592  
3548 sda 469683696 4096 W 1400117197 -1660203592  
3548 sda9 0 0 W 1400117197  
3548 sda9 0 0 W 1400117197  
278 sda9 61623160 4096 W 1400117202 1673069567  
278 sda 499946360 4096 W 1400117202 1673069567  
278 sda9 222597224 4096 W 1400117202 -588449434  
278 sda 660920424 4096 W 1400117202 -588449434  
278 sda9 222597232 4096 W 1400117202 -789661615  
278 sda 660920432 4096 W 1400117202 -789661615  
278 sda9 222597240 4096 W 1400117202 -1842663449  
278 sda 660920440 4096 W 1400117202 -1842663449  
278 sda9 222597248 4096 W 1400117202 -822464043  
278 sda 660920448 4096 W 1400117202 -822464043  
304 sda9 113254424 4096 W 1400117206 -1890271946  
304 sda 551577624 4096 W 1400117206 -1890271946  
304 sda9 142607872 4096 W 1400117206 -789661615  
304 sda 580931072 4096 W 1400117206 -789661615  
304 sda9 16 4096 W 1400117206 -1672920569  
304 sda 438323216 4096 W 1400117206 -1672920569  
304 sda9 58720344 4096 W 1400117206 -1715764517  
304 sda 497043544 4096 W 1400117206 -1715764517  
278 sda9 222597256 4096 W 1400117208 1183668536  
278 sda 660920456 4096 W 1400117208 1183668536  
278 sda9 222597264 4096 W 1400117208 660084565  
278 sda 660920464 4096 W 1400117208 660084565  
278 sda9 222597272 4096 W 1400117208 1289582432  
278 sda 660920472 4096 W 1400117208 1289582432  
278 sda9 222597280 4096 W 1400117214 -210314337  
278 sda 660920480 4096 W 1400117214 -210314337  
278 sda9 222597288 4096 W 1400117214 -1403738707  
278 sda 660920488 4096 W 1400117214 -1403738707  
1343 sda9 306473168 4096 W 1400117214 -930594873  
1343 sda 744796368 4096 W 1400117214 -930594873  
278 sda9 222597296 4096 W 1400117214 -1127349457  
278 sda 660920496 4096 W 1400117214 -1127349457  
278 sda9 222597304 4096 W 1400117214 279208050  
278 sda 660920504 4096 W 1400117214 279208050  
278 sda9 222597312 4096 W 1400117214 574145460  
278 sda 660920512 4096 W 1400117214 574145460  
278 sda9 222597320 4096 W 1400117214 48975330  
278 sda 660920520 4096 W 1400117214 48975330  
278 sda9 222597328 4096 W 1400117214 -317763207  
278 sda 660920528 4096 W 1400117214 -317763207  
278 sda9 222597336 4096 W 1400117214 1104645317  
278 sda 660920536 4096 W 1400117214 1104645317  
278 sda9 222597344 4096 W 1400117214 811499920  
278 sda 660920544 4096 W 1400117214 811499920  
278 sda9 222597352 4096 W 1400117214 -1732735667  
278 sda 660920552 4096 W 1400117214 -1732735667  
278 sda9 222597360 4096 W 1400117214 -491970605  
278 sda 660920560 4096 W 1400117214 -491970605  
278 sda9 222597368 4096 W 1400117214 1561335647  
278 sda 660920568 4096 W 1400117214 1561335647  
278 sda9 222597376 4096 W 1400117214 545572230  
278 sda 660920576 4096 W 1400117214 545572230  
1343 sda9 306473168 4096 W 1400117214 1010874005  
1343 sda 744796368 4096 W 1400117214 1010874005  
278 sda9 222597384 4096 W 1400117214 -515638609  
278 sda 660920584 4096 W 1400117214 -515638609  
278 sda9 222597392 4096 W 1400117214 795811392  
278 sda 660920592 4096 W 1400117214 795811392  
278 sda9 222597400 4096 W 1400117214 -594681090  
278 sda 660920600 4096 W 1400117214 -594681090  
1343 sda9 306473168 4096 W 1400117214 -2086858075  
1343 sda 744796368 4096 W 1400117214 -2086858075  
278 sda9 222597408 4096 W 1400117214 -1636290391  
278 sda 660920608 4096 W 1400117214 -1636290391  
278 sda9 222597416 4096 W 1400117214 140584872  
278 sda 660920616 4096 W 1400117214 140584872  
278 sda9 222597424 4096 W 1400117214 882495439  
278 sda 660920624 4096 W 1400117214 882495439  
1343 sda9 306473168 4096 W 1400117214 -206113270  
1343 sda 744796368 4096 W 1400117214 -206113270  
278 sda9 222597432 4096 W 1400117214 730051086  
278 sda 660920632 4096 W 1400117214 730051086  
278 sda9 222597440 4096 W 1400117214 1853322354  
278 sda 660920640 4096 W 1400117214 1853322354  
278 sda9 222597448 4096 W 1400117214 69324189  
278 sda 660920648 4096 W 1400117214 69324189  
1343 sda9 306473168 4096 W 1400117214 1010874005  
1343 sda 744796368 4096 W 1400117214 1010874005  
278 sda9 222597456 4096 W 1400117214 1421375496  
278 sda 660920656 4096 W 1400117214 1421375496  
278 sda9 222597464 4096 W 1400117214 -1064917531  
278 sda 660920664 4096 W 1400117214 -1064917531  
278 sda9 222597472 4096 W 1400117214 -1283560101  
278 sda 660920672 4096 W 1400117214 -1283560101  
1343 sda9 306473168 4096 W 1400117215 -2086858075  
1343 sda 744796368 4096 W 1400117215 -2086858075  
278 sda9 222597480 4096 W 1400117215 1167592341  
278 sda 660920680 4096 W 1400117215 1167592341  
278 sda9 222597488 4096 W 1400117215 -1585991753  
278 sda 660920688 4096 W 1400117215 -1585991753  
278 sda9 222597496 4096 W 1400117215 -1420396707  
278 sda 660920696 4096 W 1400117215 -1420396707  
278 sda9 222597504 4096 W 1400117215 -978725086  
278 sda 660920704 4096 W 1400117215 -978725086  
1343 sda9 306473168 4096 W 1400117215 1522987624  
1343 sda 744796368 4096 W 1400117215 1522987624  
278 sda9 222597512 4096 W 1400117215 -297080228  
278 sda 660920712 4096 W 1400117215 -297080228  
278 sda9 222597520 4096 W 1400117215 93885759  
278 sda 660920720 4096 W 1400117215 93885759  
278 sda9 222597528 4096 W 1400117215 -982626695  
278 sda 660920728 4096 W 1400117215 -982626695  
278 sda9 222597536 4096 W 1400117220 893833616  
278 sda 660920736 4096 W 1400117220 893833616  
278 sda9 222597544 4096 W 1400117220 -503760548  
278 sda 660920744 4096 W 1400117220 -503760548  
278 sda9 222597552 4096 W 1400117220 -221036177  
278 sda 660920752 4096 W 1400117220 -221036177  
278 sda9 222597560 4096 W 1400117220 -1851096620  
278 sda 660920760 4096 W 1400117220 -1851096620  
278 sda9 222597568 4096 W 1400117220 2087238287  
278 sda 660920768 4096 W 1400117220 2087238287  
278 sda9 222597576 4096 W 1400117220 1819186067  
278 sda 660920776 4096 W 1400117220 1819186067  
278 sda9 222597584 4096 W 1400117220 2024572918  
278 sda 660920784 4096 W 1400117220 2024572918  
278 sda9 222597592 4096 W 1400117220 -1445492116  
278 sda 660920792 4096 W 1400117220 -1445492116  
278 sda9 222597600 4096 W 1400117220 -911523674  
278 sda 660920800 4096 W 1400117220 -911523674  
278 sda9 222597608 4096 W 1400117220 -1067066086  
278 sda 660920808 4096 W 1400117220 -1067066086  
278 sda9 222597616 4096 W 1400117220 -965608857  
278 sda 660920816 4096 W 1400117220 -965608857  
278 sda9 222597624 4096 W 1400117220 -1792888010  
278 sda 660920824 4096 W 1400117220 -1792888010  
304 sda9 61623168 12288 W 1400117221 196127286 -343854160 364774324  
304 sda 499946368 12288 W 1400117221 196127286 -343854160 364774324  
278 sda9 61623184 4096 W 1400117226 -1996587065  
278 sda 499946384 4096 W 1400117226 -1996587065  
278 sda9 222597632 4096 W 1400117226 -845101891  
278 sda 660920832 4096 W 1400117226 -845101891  
278 sda9 222597640 4096 W 1400117226 1784685823  
278 sda 660920840 4096 W 1400117226 1784685823  
278 sda9 222597648 4096 W 1400117226 2122133736  
278 sda 660920848 4096 W 1400117226 2122133736  
278 sda9 222597656 4096 W 1400117226 1096790854  
278 sda 660920856 4096 W 1400117226 1096790854  
278 sda9 222597664 4096 W 1400117226 1323520520  
278 sda 660920864 4096 W 1400117226 1323520520  
3548 sda9 31082536 4096 W 1400117227 -1  
3548 sda 469405736 4096 W 1400117227 -1  
3548 sda9 0 0 W 1400117227  
3548 sda9 0 0 W 1400117227  
3548 sda9 31082552 4096 W 1400117227 -1031516048  
3548 sda 469405752 4096 W 1400117227 -1031516048  
3548 sda9 0 0 W 1400117227  
3548 sda9 0 0 W 1400117227  
3548 sda9 31110184 4096 W 1400117227 -188741257  
3548 sda 469433384 4096 W 1400117227 -188741257  
3548 sda9 0 0 W 1400117227  
3548 sda9 0 0 W 1400117227  
3548 sda9 31114440 8192 W 1400117227 -243936170 -587696585  
3548 sda 469437640 8192 W 1400117227 -243936170 -587696585  
3548 sda9 0 0 W 1400117227  
3548 sda9 0 0 W 1400117227  
3548 sda9 26118152 4096 W 1400117227 -1445115562  
3548 sda 464441352 4096 W 1400117227 -1445115562  
3548 sda9 0 0 W 1400117227  
3548 sda9 0 0 W 1400117227  
278 sda9 61623184 4096 W 1400117232 -920559421  
278 sda 499946384 4096 W 1400117232 -920559421  
278 sda9 222597672 4096 W 1400117232 -1018006594  
278 sda 660920872 4096 W 1400117232 -1018006594  
278 sda9 222597680 4096 W 1400117232 -294983427  
278 sda 660920880 4096 W 1400117232 -294983427  
278 sda9 222597688 4096 W 1400117232 1137605841  
278 sda 660920888 4096 W 1400117232 1137605841  
278 sda9 222597696 4096 W 1400117232 -1723524532  
278 sda 660920896 4096 W 1400117232 -1723524532  
278 sda9 222597704 4096 W 1400117238 918520781  
278 sda 660920904 4096 W 1400117238 918520781  
278 sda9 222597712 4096 W 1400117238 -1356553797  
278 sda 660920912 4096 W 1400117238 -1356553797  
278 sda9 222597720 4096 W 1400117238 447921991  
278 sda 660920920 4096 W 1400117238 447921991  
278 sda9 222597728 4096 W 1400117244 -2092695190  
278 sda 660920928 4096 W 1400117244 -2092695190  
278 sda9 222597736 4096 W 1400117244 -1924586067  
278 sda 660920936 4096 W 1400117244 -1924586067  
278 sda9 222597744 4096 W 1400117244 -329465279  
278 sda 660920944 4096 W 1400117244 -329465279  
304 sda9 306473168 4096 W 1400117246 1194410850  
304 sda 744796368 4096 W 1400117246 1194410850  
304 sda9 58720344 4096 W 1400117246 2122133736  
304 sda 497043544 4096 W 1400117246 2122133736  
304 sda9 142607872 4096 W 1400117246 1137605841  
304 sda 580931072 4096 W 1400117246 1137605841  
304 sda9 306184320 4096 W 1400117246 1819186067  
304 sda 744507520 4096 W 1400117246 1819186067  
304 sda9 306184456 4096 W 1400117246 2024572918  
304 sda 744507656 4096 W 1400117246 2024572918  
304 sda9 306184640 4096 W 1400117246 -503760548  
304 sda 744507840 4096 W 1400117246 -503760548  
304 sda9 306186088 4096 W 1400117246 -911523674  
304 sda 744509288 4096 W 1400117246 -911523674  
304 sda9 306250208 4096 W 1400117246 -1445492116  
304 sda 744573408 4096 W 1400117246 -1445492116  
304 sda9 0 4096 W 1400117246 2087238287  
304 sda 438323200 4096 W 1400117246 2087238287  
304 sda9 16 4096 W 1400117246 1096790854  
304 sda 438323216 4096 W 1400117246 1096790854  
278 sda9 222597752 4096 W 1400117250 -1733854587  
278 sda 660920952 4096 W 1400117250 -1733854587  
278 sda9 222597760 4096 W 1400117250 -1840519615  
278 sda 660920960 4096 W 1400117250 -1840519615  
278 sda9 222597768 4096 W 1400117250 -564493928  
278 sda 660920968 4096 W 1400117250 -564493928  
278 sda9 222597776 4096 W 1400117250 1264564551  
278 sda 660920976 4096 W 1400117250 1264564551  
278 sda9 222597784 4096 W 1400117250 -1265715818  
278 sda 660920984 4096 W 1400117250 -1265715818  
278 sda9 222597792 4096 W 1400117250 -992348123  
278 sda 660920992 4096 W 1400117250 -992348123  
278 sda9 222597800 4096 W 1400117256 1681113331  
278 sda 660921000 4096 W 1400117256 1681113331  
278 sda9 222597808 4096 W 1400117256 187077737  
278 sda 660921008 4096 W 1400117256 187077737  
278 sda9 222597816 4096 W 1400117256 1497452206  
278 sda 660921016 4096 W 1400117256 1497452206  
304 sda9 61623192 4096 W 1400117256 -227470326  
304 sda 499946392 4096 W 1400117256 -227470326  
278 sda9 61623192 4096 W 1400117262 1308029331  
278 sda 499946392 4096 W 1400117262 1308029331  
278 sda9 222597824 4096 W 1400117262 -316743620  
278 sda 660921024 4096 W 1400117262 -316743620  
278 sda9 222597832 4096 W 1400117262 -1485724968  
278 sda 660921032 4096 W 1400117262 -1485724968  
278 sda9 222597840 4096 W 1400117262 1288466959  
278 sda 660921040 4096 W 1400117262 1288466959  
278 sda9 222597848 4096 W 1400117262 -1802055325  
278 sda 660921048 4096 W 1400117262 -1802055325  
278 sda9 222597856 4096 W 1400117262 587111084  
278 sda 660921056 4096 W 1400117262 587111084  
278 sda9 61623192 4096 W 1400117268 819927837  
278 sda 499946392 4096 W 1400117268 819927837  
278 sda9 222597864 4096 W 1400117268 -1359771566  
278 sda 660921064 4096 W 1400117268 -1359771566  
278 sda9 222597872 4096 W 1400117268 660108794  
278 sda 660921072 4096 W 1400117268 660108794  
278 sda9 222597880 4096 W 1400117268 -1073969  
278 sda 660921080 4096 W 1400117268 -1073969  
278 sda9 61623192 4096 W 1400117274 -316381580  
278 sda 499946392 4096 W 1400117274 -316381580  
278 sda9 222597888 4096 W 1400117274 -775404972  
278 sda 660921088 4096 W 1400117274 -775404972  
278 sda9 222597896 4096 W 1400117274 -81829959  
278 sda 660921096 4096 W 1400117274 -81829959  
278 sda9 222597904 4096 W 1400117274 961021289  
278 sda 660921104 4096 W 1400117274 961021289  
278 sda9 222597912 4096 W 1400117280 -1990491487  
278 sda 660921112 4096 W 1400117280 -1990491487  
278 sda9 222597920 4096 W 1400117280 -1355757600  
278 sda 660921120 4096 W 1400117280 -1355757600  
278 sda9 222597928 4096 W 1400117280 -844983103  
278 sda 660921128 4096 W 1400117280 -844983103  
304 sda9 80 4096 W 1400117281 1264564551  
304 sda 438323280 4096 W 1400117281 1264564551  
304 sda9 58720344 4096 W 1400117281 -1485724968  
304 sda 497043544 4096 W 1400117281 -1485724968  
304 sda9 306184200 4096 W 1400117281 -564493928  
304 sda 744507400 4096 W 1400117281 -564493928  
304 sda9 306185896 4096 W 1400117281 -1265715818  
304 sda 744509096 4096 W 1400117281 -1265715818  
304 sda9 16 4096 W 1400117281 1288466959  
304 sda 438323216 4096 W 1400117281 1288466959  
278 sda9 222597936 4096 W 1400117286 -161462105  
278 sda 660921136 4096 W 1400117286 -161462105  
278 sda9 222597944 4096 W 1400117286 -1644645219  
278 sda 660921144 4096 W 1400117286 -1644645219  
278 sda9 222597952 4096 W 1400117286 1333285390  
278 sda 660921152 4096 W 1400117286 1333285390  
3548 sda9 31360504 12288 W 1400117288 -773554763 -217018069 54456859  
3548 sda 469683704 12288 W 1400117288 -773554763 -217018069 54456859  
3548 sda9 0 0 W 1400117288  
3548 sda9 0 0 W 1400117288  
3548 sda9 31360528 4096 W 1400117288 395942617  
3548 sda 469683728 4096 W 1400117288 395942617  
3548 sda9 0 0 W 1400117288  
3548 sda9 0 0 W 1400117288  
