pwrite: 4689 1399685879 10 1889247232 4096 -748250032  
4689 sda9 30576080 4096 W 1399685879 -748250032  
4689 sda 468899280 4096 W 1399685879 -748250032  
4689 sda9 0 0 W 1399685879  
4689 sda9 0 0 W 1399685879  
pwrite: 4689 1399685879 10 1023016960 4096 2069065863  
4689 sda9 28622080 4096 W 1399685879 2069065863  
4689 sda 466945280 4096 W 1399685879 2069065863  
4689 sda9 0 0 W 1399685879  
4689 sda9 0 0 W 1399685879  
pwrite: 4689 1399685879 10 1028976640 4096 -537581357  
4689 sda9 28633720 4096 W 1399685879 -537581357  
4689 sda 466956920 4096 W 1399685879 -537581357  
4689 sda9 0 0 W 1399685879  
4689 sda9 0 0 W 1399685879  
pwrite: 4689 1399685879 10 1035063296 4096 297607143  
4689 sda9 28645608 4096 W 1399685879 297607143  
4689 sda 466968808 4096 W 1399685879 297607143  
4689 sda9 0 0 W 1399685879  
4689 sda9 0 0 W 1399685879  
4689 sda9 31356176 102400 W 1399685879 -1996556615 1296861140 -88907321 962119762 -813349844 -120214516 846928384 -1824141106 1738472210 877910635 668858642 1199671456 -1236135826 -1123833835 1482610059 -1873743510 1654019840 1151530676 -1530289863 724073963 1565974081 74925910 1787501716 -1086170867 1168874818  
4689 sda 469679376 102400 W 1399685879 -1996556615 1296861140 -88907321 962119762 -813349844 -120214516 846928384 -1824141106 1738472210 877910635 668858642 1199671456 -1236135826 -1123833835 1482610059 -1873743510 1654019840 1151530676 -1530289863 724073963 1565974081 74925910 1787501716 -1086170867 1168874818  
4689 sda9 0 0 W 1399685879  
4689 sda9 0 0 W 1399685879  
pwrite: 4689 1399685879 10 2288758784 4096 -1002891365  
4689 sda9 31356376 4096 W 1399685879 -1002891365  
4689 sda 469679576 4096 W 1399685879 -1002891365  
4689 sda9 0 0 W 1399685879  
4689 sda9 0 0 W 1399685879  
300 sda9 129211928 4096 W 1399685879 2027881066  
300 sda 567535128 4096 W 1399685879 2027881066  
300 sda9 79648 4096 W 1399685879 809993019  
300 sda 438402848 4096 W 1399685879 809993019  
300 sda9 148313040 4096 W 1399685879 1027799990  
300 sda 586636240 4096 W 1399685879 1027799990  
300 sda9 148329560 4096 W 1399685879 -1435506835  
300 sda 586652760 4096 W 1399685879 -1435506835  
300 sda9 222617880 4096 W 1399685879 835762201  
300 sda 660941080 4096 W 1399685879 835762201  
300 sda9 222617888 4096 W 1399685879 -1022101806  
300 sda 660941088 4096 W 1399685879 -1022101806  
300 sda9 222617896 4096 W 1399685879 -1181491852  
300 sda 660941096 4096 W 1399685879 -1181491852  
300 sda9 222617904 4096 W 1399685879 -781915116  
300 sda 660941104 4096 W 1399685879 -781915116  
300 sda9 222617912 4096 W 1399685879 734708493  
300 sda 660941112 4096 W 1399685879 734708493  
300 sda9 222617920 4096 W 1399685879 1433665857  
300 sda 660941120 4096 W 1399685879 1433665857  
300 sda9 222617928 4096 W 1399685879 -1053202276  
300 sda 660941128 4096 W 1399685879 -1053202276  
300 sda9 222617936 4096 W 1399685879 -1355144955  
300 sda 660941136 4096 W 1399685879 -1355144955  
300 sda9 222617944 4096 W 1399685879 -1711908452  
300 sda 660941144 4096 W 1399685879 -1711908452  
300 sda9 222617952 4096 W 1399685879 414874690  
300 sda 660941152 4096 W 1399685879 414874690  
300 sda9 222617960 4096 W 1399685879 815838827  
300 sda 660941160 4096 W 1399685879 815838827  
300 sda9 222617968 4096 W 1399685879 -812238111  
300 sda 660941168 4096 W 1399685879 -812238111  
300 sda9 222617976 4096 W 1399685879 -1902384891  
300 sda 660941176 4096 W 1399685879 -1902384891  
300 sda9 222617984 4096 W 1399685879 -474385218  
300 sda 660941184 4096 W 1399685879 -474385218  
300 sda9 222617992 4096 W 1399685879 1637128628  
300 sda 660941192 4096 W 1399685879 1637128628  
300 sda9 222618000 4096 W 1399685879 -998065879  
300 sda 660941200 4096 W 1399685879 -998065879  
300 sda9 222618008 4096 W 1399685879 -1004597192  
300 sda 660941208 4096 W 1399685879 -1004597192  
300 sda9 222618016 4096 W 1399685879 1200505881  
300 sda 660941216 4096 W 1399685879 1200505881  
300 sda9 222618024 4096 W 1399685879 -1935046493  
300 sda 660941224 4096 W 1399685879 -1935046493  
300 sda9 222618032 4096 W 1399685879 2073910412  
300 sda 660941232 4096 W 1399685879 2073910412  
300 sda9 222618040 4096 W 1399685879 1762098221  
300 sda 660941240 4096 W 1399685879 1762098221  
300 sda9 222618048 4096 W 1399685879 267140481  
300 sda 660941248 4096 W 1399685879 267140481  
300 sda9 222618056 4096 W 1399685879 1087756125  
300 sda 660941256 4096 W 1399685879 1087756125  
300 sda9 222618064 4096 W 1399685879 1867045532  
300 sda 660941264 4096 W 1399685879 1867045532  
300 sda9 222618072 4096 W 1399685879 159450317  
300 sda 660941272 4096 W 1399685879 159450317  
300 sda9 222618080 4096 W 1399685879 -542747478  
300 sda 660941280 4096 W 1399685879 -542747478  
300 sda9 222618088 4096 W 1399685879 -840665300  
300 sda 660941288 4096 W 1399685879 -840665300  
300 sda9 222618096 4096 W 1399685879 1181919894  
300 sda 660941296 4096 W 1399685879 1181919894  
300 sda9 222618104 4096 W 1399685879 2099464064  
300 sda 660941304 4096 W 1399685879 2099464064  
300 sda9 222618112 4096 W 1399685879 -1626822161  
300 sda 660941312 4096 W 1399685879 -1626822161  
300 sda9 222618120 4096 W 1399685879 208872303  
300 sda 660941320 4096 W 1399685879 208872303  
300 sda9 222618128 4096 W 1399685879 -940273953  
300 sda 660941328 4096 W 1399685879 -940273953  
300 sda9 222618136 4096 W 1399685879 1506690317  
300 sda 660941336 4096 W 1399685879 1506690317  
300 sda9 222618144 4096 W 1399685879 1887064865  
300 sda 660941344 4096 W 1399685879 1887064865  
300 sda9 222618152 4096 W 1399685879 -809804027  
300 sda 660941352 4096 W 1399685879 -809804027  
300 sda9 222618160 4096 W 1399685885 1008043747  
300 sda 660941360 4096 W 1399685885 1008043747  
300 sda9 222618168 4096 W 1399685885 671736980  
300 sda 660941368 4096 W 1399685885 671736980  
300 sda9 222618176 4096 W 1399685885 -1541869719  
300 sda 660941376 4096 W 1399685885 -1541869719  
300 sda9 222618184 4096 W 1399685885 1969183293  
300 sda 660941384 4096 W 1399685885 1969183293  
4689 sda9 31356384 36864 W 1399685885 601611013 -750205742 141036856 -277718880 -1084122128 -1432486979 1073898820 -813349844 -2130290689  
4689 sda 469679584 36864 W 1399685885 601611013 -750205742 141036856 -277718880 -1084122128 -1432486979 1073898820 -813349844 -2130290689  
300 sda9 222618192 4096 W 1399685885 -594456708  
300 sda 660941392 4096 W 1399685885 -594456708  
4689 sda9 0 0 W 1399685885  
4689 sda9 0 0 W 1399685885  
pwrite: 4689 1399685885 10 2288799744 4096 2042954425  
4689 sda9 31356456 4096 W 1399685885 2042954425  
4689 sda 469679656 4096 W 1399685885 2042954425  
4689 sda9 0 0 W 1399685885  
4689 sda9 0 0 W 1399685885  
pwrite: 4689 1399685889 10 1029283840 4096 737183761  
4689 sda9 28634320 4096 W 1399685889 737183761  
4689 sda 466957520 4096 W 1399685889 737183761  
4689 sda9 0 0 W 1399685889  
4689 sda9 0 0 W 1399685889  
300 sda9 79648 4096 W 1399685890 1482644613  
300 sda 438402848 4096 W 1399685890 1482644613  
300 sda9 222618200 4096 W 1399685890 1117843169  
300 sda 660941400 4096 W 1399685890 1117843169  
300 sda9 222618208 4096 W 1399685890 -1804915329  
300 sda 660941408 4096 W 1399685890 -1804915329  
300 sda9 222618216 4096 W 1399685890 1169510339  
300 sda 660941416 4096 W 1399685890 1169510339  
300 sda9 222618224 4096 W 1399685890 1451095832  
300 sda 660941424 4096 W 1399685890 1451095832  
300 sda9 222618232 4096 W 1399685890 81756678  
300 sda 660941432 4096 W 1399685890 81756678  
pwrite: 4689 1399685891 10 2288803840 4096 161708213  
4689 sda9 31356464 4096 W 1399685891 161708213  
4689 sda 469679664 4096 W 1399685891 161708213  
4689 sda9 0 0 W 1399685891  
4689 sda9 0 0 W 1399685891  
4689 sda9 31356472 57344 W 1399685891 -1937343299 655044168 -813349844 -113633387 1258704702 -1099738765 369731251 -229609959 1693839106 -851980921 349320001 1998497823 664314361 -69846275  
4689 sda 469679672 57344 W 1399685891 -1937343299 655044168 -813349844 -113633387 1258704702 -1099738765 369731251 -229609959 1693839106 -851980921 349320001 1998497823 664314361 -69846275  
4689 sda9 0 0 W 1399685891  
4689 sda9 0 0 W 1399685891  
pwrite: 4689 1399685891 10 2288865280 4096 -738213936  
4689 sda9 31356584 4096 W 1399685891 -738213936  
4689 sda 469679784 4096 W 1399685891 -738213936  
4689 sda9 0 0 W 1399685891  
4689 sda9 0 0 W 1399685891  
326 sda9 56533624 4096 W 1399685892 -1515347102  
326 sda 494856824 4096 W 1399685892 -1515347102  
326 sda9 56533680 4096 W 1399685892 473276529  
326 sda 494856880 4096 W 1399685892 473276529  
326 sda9 148313072 4096 W 1399685892 -1069974917  
326 sda 586636272 4096 W 1399685892 -1069974917  
326 sda9 148313104 8192 W 1399685892 -1500523240 -1577506638  
326 sda 586636304 8192 W 1399685892 -1500523240 -1577506638  
326 sda9 58985088 167936 W 1399685892 590376142 1010874005 -827883806 590827567 -900484484 2086703560 1393572728 1662513469 513907361 1259620834 -1173326114 1882930207 1822663270 -1694804200 -1018335136 302055294 -1009957173 1010874005 -1425469571 156632286 -971530257 -1182659178 -803493439 -1567462191 1178840284 1010874005 1148052247 185575421 -1992930927 1490276842 618603956 -515108679 -321216364 -1409058637 1856514410 -1407118691 -1703447216 -1139692234 255183356 1206955393 1814480106  
326 sda 497308288 167936 W 1399685892 590376142 1010874005 -827883806 590827567 -900484484 2086703560 1393572728 1662513469 513907361 1259620834 -1173326114 1882930207 1822663270 -1694804200 -1018335136 302055294 -1009957173 1010874005 -1425469571 156632286 -971530257 -1182659178 -803493439 -1567462191 1178840284 1010874005 1148052247 185575421 -1992930927 1490276842 618603956 -515108679 -321216364 -1409058637 1856514410 -1407118691 -1703447216 -1139692234 255183356 1206955393 1814480106  
