324 sda9 54387072 32768 W 1400290312738753919 -640731715 1010874005 1010874005 1010874005 268724991 1010874005 1010874005 1010874005  
324 sda 492710272 32768 W 1400290312738994913 -640731715 1010874005 1010874005 1010874005 268724991 1010874005 1010874005 1010874005  
324 sda9 60311040 36864 W 1400290312739313872 1186070566 -1320050414 1005922908 1590500482 120945931 -132836744 1529807817 822121634 -585806072  
324 sda 498634240 36864 W 1400290312739583603 1186070566 -1320050414 1005922908 1590500482 120945931 -132836744 1529807817 822121634 -585806072  
324 sda9 60313792 163840 W 1400290312740800369 -1186812930 1010874005 1010874005 1891602020 -540435611 535583415 574200013 -1811675754 -303484708 454030016 1926980569 -1935180595 -1926991431 -886772357 -335864266 518989041 378135201 -335489115 -195928198 -1944373654 -1234189214 -1930753893 -1114466862 -1406963851 -511418230 1010874005 -338210020 -732111471 1233695399 -1628390882 -535382061 1414489434 -1532715688 1010874005 950170593 -484543774 124748856 -1676175571 1198011465 1745646375  
324 sda 498636992 163840 W 1400290312741949544 -1186812930 1010874005 1010874005 1891602020 -540435611 535583415 574200013 -1811675754 -303484708 454030016 1926980569 -1935180595 -1926991431 -886772357 -335864266 518989041 378135201 -335489115 -195928198 -1944373654 -1234189214 -1930753893 -1114466862 -1406963851 -511418230 1010874005 -338210020 -732111471 1233695399 -1628390882 -535382061 1414489434 -1532715688 1010874005 950170593 -484543774 124748856 -1676175571 1198011465 1745646375  
324 sda9 60304384 69632 W 1400290312742478235 -1498097852 1010874005 1438467958 502060673 1806314706 -1493722982 -1352490894 1300865800 -1490462771 1368895485 444871698 -1609978001 1962286584 1009690273 -2003940270 -740999061 468033080  
324 sda 498627584 69632 W 1400290312743014294 -1498097852 1010874005 1438467958 502060673 1806314706 -1493722982 -1352490894 1300865800 -1490462771 1368895485 444871698 -1609978001 1962286584 1009690273 -2003940270 -740999061 468033080  
324 sda9 77544 4096 W 1400290312743116426 965960072  
324 sda 438400744 4096 W 1400290312743157779 965960072  
2966 sda9 129757936 4096 R 1400290315174899634  
2966 sda 568081136 4096 R 1400290315174908892  
2966 sdb2 671745056 4096 R 1400290315184646519  
2966 sdb 672154696 4096 R 1400290315184657064  
298 sda9 61355880 4096 W 1400290316234574798 1355192665  
298 sda 499679080 4096 W 1400290316234640139 1355192665  
298 sda9 56140104 4096 W 1400290316234716104 -957852452  
298 sda 494463304 4096 W 1400290316234750529 -957852452  
298 sda9 222748024 4096 W 1400290316234852387 1335061186  
298 sda 661071224 4096 W 1400290316234886788 1335061186  
298 sda9 222748032 4096 W 1400290316234922105 -563179499  
298 sda 661071232 4096 W 1400290316234959500 -563179499  
298 sda9 222748040 4096 W 1400290316235004522 -768905992  
298 sda 661071240 4096 W 1400290316235038492 -768905992  
298 sda9 222748048 4096 W 1400290316235074220 -1330057833  
298 sda 661071248 4096 W 1400290316235107004 -1330057833  
298 sda9 222748056 4096 W 1400290316235145788 693234001  
298 sda 661071256 4096 W 1400290316235214287 693234001  
298 sda9 222748064 4096 W 1400290316235261885 -2077460022  
298 sda 661071264 4096 W 1400290316235304796 -2077460022  
298 sda9 222748072 4096 W 1400290316235353890 -546655457  
298 sda 661071272 4096 W 1400290316235393504 -546655457  
298 sda9 222748080 4096 W 1400290316235442608 1147474096  
298 sda 661071280 4096 W 1400290316235475766 1147474096  
298 sda9 222748088 4096 W 1400290316235510024 1724757949  
298 sda 661071288 4096 W 1400290316235542522 1724757949  
298 sda9 222748096 4096 W 1400290316235576635 -733576871  
298 sda 661071296 4096 W 1400290316235609406 -733576871  
298 sda9 222748104 4096 W 1400290316235643520 -516056724  
298 sda 661071304 4096 W 1400290316235675760 -516056724  
298 sda9 222748112 4096 W 1400290316235709593 556342124  
298 sda 661071312 4096 W 1400290316235742395 556342124  
298 sda9 222748120 4096 W 1400290316235776929 95584931  
298 sda 661071320 4096 W 1400290316235809239 95584931  
298 sda9 222748128 4096 W 1400290316235842973 2011811975  
298 sda 661071328 4096 W 1400290316235876048 2011811975  
298 sda9 222748136 4096 W 1400290316235910632 -800916023  
298 sda 661071336 4096 W 1400290316235951388 -800916023  
298 sda9 222748144 4096 W 1400290316236001749 -1700063828  
298 sda 661071344 4096 W 1400290316236049323 -1700063828  
298 sda9 222748152 4096 W 1400290316236099995 985678202  
298 sda 661071352 4096 W 1400290316236147927 985678202  
298 sda9 222748160 4096 W 1400290316236199601 -1253360749  
298 sda 661071360 4096 W 1400290316236246624 -1253360749  
298 sda9 222748168 4096 W 1400290316236297145 428931142  
298 sda 661071368 4096 W 1400290316236331737 428931142  
298 sda9 222748176 4096 W 1400290316236366523 -1155947156  
298 sda 661071376 4096 W 1400290316236399187 -1155947156  
298 sda9 222748184 4096 W 1400290316236433938 1040497330  
298 sda 661071384 4096 W 1400290316236466673 1040497330  
298 sda9 222748192 4096 W 1400290316236501235 50466921  
298 sda 661071392 4096 W 1400290316236533745 50466921  
298 sda9 222748200 4096 W 1400290316236580454 1940025247  
298 sda 661071400 4096 W 1400290316236613332 1940025247  
298 sda9 222748208 4096 W 1400290316236648088 745285740  
298 sda 661071408 4096 W 1400290316236681610 745285740  
298 sda9 222748216 4096 W 1400290316236716085 1811136271  
298 sda 661071416 4096 W 1400290316236748408 1811136271  
298 sda9 222748224 4096 W 1400290316236783230 -43809799  
298 sda 661071424 4096 W 1400290316236816149 -43809799  
298 sda9 222748232 4096 W 1400290316236850931 1671432345  
298 sda 661071432 4096 W 1400290316236883047 1671432345  
298 sda9 222748240 4096 W 1400290316237723388 1506733484  
298 sda 661071440 4096 W 1400290316237759210 1506733484  
324 sda9 796928 32768 W 1400290317742744222 -642363723 1010874005 425230499 -1822595335 1634164484 -367307605 12784864 405112906  
324 sda 439120128 32768 W 1400290317742985669 -642363723 1010874005 425230499 -1822595335 1634164484 -367307605 12784864 405112906  
324 sda9 3744832 32768 W 1400290317743265493 1700466839 1967753666 -684440675 2064358158 285046337 978742655 -2003971753 -586103833  
324 sda 442068032 32768 W 1400290317743526625 1700466839 1967753666 -684440675 2064358158 285046337 978742655 -2003971753 -586103833  
324 sda9 3745152 32768 W 1400290317743808975 1821088605 1010874005 1010874005 -580072328 1724553692 -91614264 1505546175 589471976  
324 sda 442068352 32768 W 1400290317744043591 1821088605 1010874005 1010874005 -580072328 1724553692 -91614264 1505546175 589471976  
324 sda9 3745664 32768 W 1400290317744309600 -557167183 -1677018972 -126211535 539619484 -1105237600 47956758 -1457986059 1446653815  
324 sda 442068864 32768 W 1400290317744544126 -557167183 -1677018972 -126211535 539619484 -1105237600 47956758 -1457986059 1446653815  
324 sda9 8921728 32768 W 1400290317744798095 1943472517 -822964776 -1611773117 -1886156638 -1114079985 -397407752 -68143257 -864952313  
324 sda 447244928 32768 W 1400290317745059410 1943472517 -822964776 -1611773117 -1886156638 -1114079985 -397407752 -68143257 -864952313  
2171 sdb2 487068904 4096 W 1400290320218592620 -805428736  
2171 sdb 487478544 4096 W 1400290320218639369 -805428736  
2171 sdb2 487068912 4096 W 1400290320218682594 -1361978060  
2171 sdb 487478552 4096 W 1400290320218716167 -1361978060  
2171 sdb2 487068920 4096 W 1400290320219782634 1254484930  
2171 sdb 487478560 4096 W 1400290320219828385 1254484930  
2966 sda9 153295688 4096 R 1400290320284488391  
2966 sda 591618888 4096 R 1400290320284508367  
2966 sdb2 669911872 16384 W 1400290320303714379  
2966 sdb 670321512 16384 W 1400290320303731070  
2966 sdb2 694848264 49152 W 1400290320303757438  
2966 sdb 695257904 49152 W 1400290320303759876  
2966 sdb2 694848368 122880 W 1400290320303768005  
2966 sdb 695258008 122880 W 1400290320303770410  
2966 sdb2 694848608 32768 W 1400290320303774021  
2966 sdb 695258248 32768 W 1400290320303776042  
2966 sdb2 669924208 4096 W 1400290320303781616  
2966 sdb 670333848 4096 W 1400290320303783811  
2966 sdb2 669924216 4096 W 1400290320303786799  
2966 sdb 670333856 4096 W 1400290320303788732  
2966 sdb2 669924224 4096 W 1400290320303791550  
2966 sdb 670333864 4096 W 1400290320303793471  
2966 sdb2 669924232 4096 W 1400290320303795709  
2966 sdb 670333872 4096 W 1400290320303797568  
2966 sdb2 669924240 8192 W 1400290320303800751  
2966 sdb 670333880 8192 W 1400290320303802673  
2966 sdb2 669924264 4096 W 1400290320303804991  
2966 sdb 670333904 4096 W 1400290320303806821  
2966 sdb2 2101264 512 R 1400290320303813056  
2966 sdb 2510904 512 R 1400290320303815312  
2966 sda9 153295680 4096 R 1400290320303837076  
2966 sda 591618880 4096 R 1400290320303840605  
2966 sdb2 2101264 512 W 1400290320322162399  
2966 sdb 2510904 512 W 1400290320322178956  
2966 sda9 129591304 4096 W 1400290320322232252  
2966 sda 567914504 4096 W 1400290320322236497  
2966 sda9 129609800 8192 W 1400290320322256167  
2966 sda 567933000 8192 W 1400290320322262280  
2966 sda9 129610080 4096 W 1400290320322276329  
2966 sda 567933280 4096 W 1400290320322279424  
2966 sda9 149219720 4096 W 1400290320322287302  
2966 sda 587542920 4096 W 1400290320322289940  
2966 sda9 153295752 4096 W 1400290320322296584  
2966 sda 591618952 4096 W 1400290320322299092  
2966 sda9 153295760 4096 W 1400290320322304272  
2966 sda 591618960 4096 W 1400290320322306676  
2966 sda9 153295768 4096 W 1400290320322312212  
2966 sda 591618968 4096 W 1400290320322314763  
2966 sda9 153295776 4096 W 1400290320322319527  
2966 sda 591618976 4096 W 1400290320322321944  
2966 sda9 153295784 4096 W 1400290320322327367  
2966 sda 591618984 4096 W 1400290320322329788  
2966 sda9 153295792 4096 W 1400290320322335126  
2966 sda 591618992 4096 W 1400290320322337432  
2966 sda9 153295800 4096 W 1400290320322342904  
2966 sda 591619000 4096 W 1400290320322345314  
2966 sda9 153295808 4096 W 1400290320322351149  
2966 sda 591619008 4096 W 1400290320322353615  
2966 sda9 153295816 4096 W 1400290320322359058  
2966 sda 591619016 4096 W 1400290320322361388  
2966 sda9 153295824 4096 W 1400290320322367570  
2966 sda 591619024 4096 W 1400290320322369863  
2966 sda9 153295832 4096 W 1400290320322374682  
2966 sda 591619032 4096 W 1400290320322377004  
2966 sda9 153295840 4096 W 1400290320322381753  
2966 sda 591619040 4096 W 1400290320322383993  
2966 sda9 153295848 4096 W 1400290320322389084  
2966 sda 591619048 4096 W 1400290320322392238  
2966 sda9 153295856 4096 W 1400290320322397806  
2966 sda 591619056 4096 W 1400290320322400115  
2966 sda9 153295864 4096 W 1400290320322405145  
2966 sda 591619064 4096 W 1400290320322407489  
2966 sda9 153295872 4096 W 1400290320322412838  
2966 sda 591619072 4096 W 1400290320322415236  
2966 sda9 153295880 4096 W 1400290320322485369  
2966 sda 591619080 4096 W 1400290320322489680  
2966 sda9 153295888 20480 W 1400290320322498934  
2966 sda 591619088 20480 W 1400290320322501310  
2966 sda9 146415264 4096 W 1400290320322507965  
2966 sda 584738464 4096 W 1400290320322510321  
2966 sda9 153251312 4096 W 1400290320322516431  
2966 sda 591574512 4096 W 1400290320322518625  
2966 sda9 144891288 90112 W 1400290320322526509  
2966 sda 583214488 90112 W 1400290320322528969  
2966 sda9 153295688 4096 W 1400290320322534857  
2966 sda 591618888 4096 W 1400290320322537077  
2966 sda9 153295680 4096 W 1400290320322541949  
2966 sda 591618880 4096 W 1400290320322544182  
2966 sda9 129265664 512 R 1400290320322551354  
2966 sda 567588864 512 R 1400290320322553979  
2966 sda9 129265664 512 W 1400290320324817735  
2966 sda 567588864 512 W 1400290320324829890  
2966 sda9 144891464 4096 W 1400290320328215382  
2966 sda 583214664 4096 W 1400290320328222600  
2966 sda9 129265664 512 R 1400290320328234482  
2966 sda 567588864 512 R 1400290320328237990  
2966 sda9 129265664 512 W 1400290320328427223  
2966 sda 567588864 512 W 1400290320328436137  
2966 sdb2 669924272 4096 W 1400290320337458757  
2966 sdb 670333912 4096 W 1400290320337481058  
2966 sdb2 2101264 512 R 1400290320338036817  
2966 sdb 2510904 512 R 1400290320338044378  
2966 sdb2 2101264 512 W 1400290320399665728  
2966 sdb 2510904 512 W 1400290320399673902  
298 sda9 222748248 4096 W 1400290322234557199 -171574550  
298 sda 661071448 4096 W 1400290322234602181 -171574550  
298 sda9 222748256 4096 W 1400290322234645382 2090487563  
298 sda 661071456 4096 W 1400290322234678777 2090487563  
298 sda9 222748264 4096 W 1400290322234714629 59671508  
298 sda 661071464 4096 W 1400290322234747112 59671508  
298 sda9 222748272 4096 W 1400290322235185831 -1234761077  
298 sda 661071472 4096 W 1400290322235224725 -1234761077  
2171 sdb2 487068928 4096 W 1400290326218576325 1471293855  
2171 sdb 487478568 4096 W 1400290326218622626 1471293855  
2171 sdb2 487068936 4096 W 1400290326218666135 695216842  
2171 sdb 487478576 4096 W 1400290326218700069 695216842  
2171 sdb2 487068944 4096 W 1400290326219863446 -762716067  
2171 sdb 487478584 4096 W 1400290326219908231 -762716067  
2966 sda9 144891472 8192 W 1400290326284175902  
2966 sda 583214672 8192 W 1400290326284191167  
2966 sda9 129265664 512 R 1400290326284563607  
2966 sda 567588864 512 R 1400290326284574589  
2966 sda9 129265664 512 W 1400290326284783720  
2966 sda 567588864 512 W 1400290326284795155  
2966 sda9 144891488 4096 W 1400290326285570293  
2966 sda 583214688 4096 W 1400290326285578586  
2966 sda9 129265664 512 R 1400290326285836827  
2966 sda 567588864 512 R 1400290326285847889  
2966 sda9 129265664 512 W 1400290326285991818  
2966 sda 567588864 512 W 1400290326285998757  
324 sda9 148128328 4096 W 1400290327742560006 -1282032831  
324 sda 586451528 4096 W 1400290327742605917 -1282032831  
324 sda9 148128360 4096 W 1400290327742673987 1708304915  
324 sda 586451560 4096 W 1400290327742712812 1708304915  
324 sda9 148128384 4096 W 1400290327742836409 -1637990150  
298 sda9 222748280 4096 W 1400290327742839232 -652456532  
324 sda 586451584 4096 W 1400290327742874538 -1637990150  
298 sda 661071480 4096 W 1400290327742880756 -652456532  
298 sda9 222748288 4096 W 1400290327742922871 -464007605  
298 sda 661071488 4096 W 1400290327742957296 -464007605  
298 sda9 222748296 4096 W 1400290327742994036 1556394914  
298 sda 661071496 4096 W 1400290327743027138 1556394914  
298 sda9 222748304 4096 W 1400290327743735403 -586432930  
298 sda 661071504 4096 W 1400290327743779841 -586432930  
324 sda9 60313344 131072 W 1400290327743960991 1734908722 -1725998345 240134751 -2134681261 1145042163 -1142518754 809406052 1894579937 372241667 1010874005 1010874005 1010874005 -1894795156 1859791556 -265787617 -1669196623 -58841453 956612221 1270408038 994201591 1385880667 684471614 -1100612512 71491641 -1041774823 1010874005 1010874005 1010874005 99022353 1885030818 1099342471 -1242964703  
324 sda 498636544 131072 W 1400290327744958653 1734908722 -1725998345 240134751 -2134681261 1145042163 -1142518754 809406052 1894579937 372241667 1010874005 1010874005 1010874005 -1894795156 1859791556 -265787617 -1669196623 -58841453 956612221 1270408038 994201591 1385880667 684471614 -1100612512 71491641 -1041774823 1010874005 1010874005 1010874005 99022353 1885030818 1099342471 -1242964703  
324 sda9 60317184 4096 W 1400290327745015679 -914883778  
324 sda 498640384 4096 W 1400290327745051193 -914883778  
2966 sda9 144891496 8192 W 1400290332284043081  
2966 sda 583214696 8192 W 1400290332284059535  
2966 sda9 129265664 512 R 1400290332284423339  
2966 sda 567588864 512 R 1400290332284434688  
2966 sda9 129265664 512 W 1400290332284593388  
2966 sda 567588864 512 W 1400290332284600217  
2966 sda9 144891512 4096 W 1400290332285265214  
2966 sda 583214712 4096 W 1400290332285274996  
2966 sda9 129265664 512 R 1400290332285471886  
2966 sda 567588864 512 R 1400290332285478528  
2966 sda9 129265664 512 W 1400290332285611011  
2966 sda 567588864 512 W 1400290332285617075  
324 sda9 56140520 4096 W 1400290332742571659 -1566121633  
324 sda 494463720 4096 W 1400290332742615157 -1566121633  
298 sda9 222748312 4096 W 1400290332742737601 1847251840  
298 sda 661071512 4096 W 1400290332742775664 1847251840  
298 sda9 222748320 4096 W 1400290332742814385 2098626746  
298 sda 661071520 4096 W 1400290332742847206 2098626746  
298 sda9 222748328 4096 W 1400290332742883772 137497923  
298 sda 661071528 4096 W 1400290332742923820 137497923  
298 sda9 222748336 4096 W 1400290332742965080 -1552054667  
298 sda 661071536 4096 W 1400290332742998566 -1552054667  
298 sda9 222748344 4096 W 1400290332743032576 321843765  
298 sda 661071544 4096 W 1400290332743073993 321843765  
298 sda9 222748352 4096 W 1400290332743110633 -702565954  
298 sda 661071552 4096 W 1400290332743145352 -702565954  
298 sda9 222748360 4096 W 1400290332743184784 1677966361  
298 sda 661071560 4096 W 1400290332743222356 1677966361  
298 sda9 222748368 4096 W 1400290332743267913 -1395708735  
298 sda 661071568 4096 W 1400290332743311796 -1395708735  
298 sda9 222748376 4096 W 1400290332743788460 -1623946078  
298 sda 661071576 4096 W 1400290332743855662 -1623946078  
298 sda9 222748384 4096 W 1400290338234540811 -813893040  
298 sda 661071584 4096 W 1400290338234585503 -813893040  
298 sda9 222748392 4096 W 1400290338234628607 -265203761  
298 sda 661071592 4096 W 1400290338234661652 -265203761  
298 sda9 222748400 4096 W 1400290338235051532 1639153423  
298 sda 661071600 4096 W 1400290338235091800 1639153423  
2966 sda9 144891520 8192 W 1400290338283896085  
2966 sda 583214720 8192 W 1400290338283904132  
2966 sda9 129265664 512 R 1400290338283914960  
2966 sda 567588864 512 R 1400290338283917445  
2966 sda9 129265664 512 W 1400290338284187153  
2966 sda 567588864 512 W 1400290338284198409  
2966 sda9 144891536 4096 W 1400290338285019626  
2966 sda 583214736 4096 W 1400290338285031019  
2966 sda9 129265664 512 R 1400290338285049708  
2966 sda 567588864 512 R 1400290338285055572  
2966 sda9 129265664 512 W 1400290338285255057  
2966 sda 567588864 512 W 1400290338285264947  
324 sda9 0 4096 W 1400290342742575203 -563179499  
324 sda 438323200 4096 W 1400290342742620549 -563179499  
324 sda9 16 4096 W 1400290342742666951 1677966361  
324 sda 438323216 4096 W 1400290342742700250 1677966361  
324 sda9 24 4096 W 1400290342742737645 -2077460022  
324 sda 438323224 4096 W 1400290342742771000 -2077460022  
324 sda9 40 4096 W 1400290342742811295 428931142  
324 sda 438323240 4096 W 1400290342742850393 428931142  
324 sda9 48 4096 W 1400290342742892974 1147474096  
324 sda 438323248 4096 W 1400290342742934829 1147474096  
324 sda9 46143080 4096 W 1400290342742981668 137497923  
324 sda 484466280 4096 W 1400290342743022851 137497923  
324 sda9 46143096 4096 W 1400290342743071983 -1552054667  
324 sda 484466296 4096 W 1400290342743108535 -1552054667  
324 sda9 46143112 4096 W 1400290342743147554 -1248377562  
324 sda 484466312 4096 W 1400290342743180095 -1248377562  
324 sda9 54526000 4096 W 1400290342743217279 -702565954  
324 sda 492849200 4096 W 1400290342743250106 -702565954  
324 sda9 71303176 4096 W 1400290342743287588 693234001  
324 sda 509626376 4096 W 1400290342743332857 693234001  
324 sda9 71310728 4096 W 1400290342743377836 -768905992  
324 sda 509633928 4096 W 1400290342743413199 -768905992  
324 sda9 104858720 4096 W 1400290342743456898 1940025247  
324 sda 543181920 4096 W 1400290342743489857 1940025247  
324 sda9 104860592 4096 W 1400290342743527468 745285740  
324 sda 543183792 4096 W 1400290342743561028 745285740  
324 sda9 117440768 4096 W 1400290342743622403 556342124  
324 sda 555763968 4096 W 1400290342743655743 556342124  
324 sda9 117442288 4096 W 1400290342743693411 -1395708735  
324 sda 555765488 4096 W 1400290342743726473 -1395708735  
324 sda9 117506304 4096 W 1400290342743762701 95584931  
324 sda 555829504 4096 W 1400290342743795362 95584931  
324 sda9 146800672 4096 W 1400290342743832012 -1253360749  
324 sda 585123872 4096 W 1400290342743864780 -1253360749  
324 sda9 146800680 4096 W 1400290342743901095 50466921  
324 sda 585123880 4096 W 1400290342743934455 50466921  
324 sda9 155189256 4096 W 1400290342743971425 -1155947156  
324 sda 593512456 4096 W 1400290342744004373 -1155947156  
324 sda9 155192480 4096 W 1400290342744041708 -800916023  
324 sda 593515680 4096 W 1400290342744074572 -800916023  
324 sda9 163581512 4096 W 1400290342744176216 1040497330  
324 sda 601904712 4096 W 1400290342744210510 1040497330  
324 sda9 176160768 4096 W 1400290342744249582 -733576871  
324 sda 614483968 4096 W 1400290342744288557 -733576871  
324 sda9 176160904 4096 W 1400290342744332633 -546655457  
324 sda 614484104 4096 W 1400290342744370389 -546655457  
324 sda9 176165440 4096 W 1400290342744409407 1724757949  
324 sda 614488640 4096 W 1400290342744442169 1724757949  
324 sda9 176235712 4096 W 1400290342744477967 -516056724  
324 sda 614558912 4096 W 1400290342744510847 -516056724  
324 sda9 176739064 102400 W 1400290342748650226 1736876276 415933401 -1537603667 -1239096702 1012673240 -1961299382 1857613371 1913329495 -1454091449 -2106454528 -737735355 -1769932977 1201262476 531382115 1413815153 1186387027 1955595132 -490493758 -1938246009 1137156638 610011483 927609907 177030811 -395567920 1417280198  
324 sda 615062264 102400 W 1400290342749363024 1736876276 415933401 -1537603667 -1239096702 1012673240 -1961299382 1857613371 1913329495 -1454091449 -2106454528 -737735355 -1769932977 1201262476 531382115 1413815153 1186387027 1955595132 -490493758 -1938246009 1137156638 610011483 927609907 177030811 -395567920 1417280198  
324 sda9 176743152 524288 W 1400290342753291259 1424356659 -66094367 713940784 976909746 -1954948954 1265850131 -1451082184 -2127917193 2061842357 313314383 -1475558046 2053612875 2137507454 701791105 -1648235100 222830051 -27156885 -1829672846 484060925 1646703028 -265239080 410235366 1436311589 -1977054631 -181022143 -557508898 -1048786547 1665074255 -2076597037 -1789577166 1990943013 896855417 520547797 -1670764997 2004686433 -1350864332 1148642389 810691928 -1908694744 1085789236 -76547735 299491043 -1241170170 -1972098893 1421617037 -298178271 -161 
324 sda 615066352 524288 W 1400290342756982458 1424356659 -66094367 713940784 976909746 -1954948954 1265850131 -1451082184 -2127917193 2061842357 313314383 -1475558046 2053612875 2137507454 701791105 -1648235100 222830051 -27156885 -1829672846 484060925 1646703028 -265239080 410235366 1436311589 -1977054631 -181022143 -557508898 -1048786547 1665074255 -2076597037 -1789577166 1990943013 896855417 520547797 -1670764997 2004686433 -1350864332 1148642389 810691928 -1908694744 1085789236 -76547735 299491043 -1241170170 -1972098893 1421617037 -298178271 -161 
324 sda9 176744176 233472 W 1400290342757714076 -1658143782 347960970 1456625859 -704572697 606662027 -2024239979 806119323 -2067962545 791837900 -2100080911 1334763078 -2080207455 -1859172803 787849757 -828081247 -2010465495 603620646 -2131886414 458118295 708950229 1723255460 1780824185 -1927764929 -1169128348 842616636 -1463998467 -1906067553 -1654359422 114425304 -28316156 1317670233 1873723321 38832212 1407011183 458116769 -435380659 -828930087 2007204052 728144667 1605319991 2135963562 -635336841 -925645758 -1536297765 307685979 1058167463 1889474 
324 sda 615067376 233472 W 1400290342758342519 -1658143782 347960970 1456625859 -704572697 606662027 -2024239979 806119323 -2067962545 791837900 -2100080911 1334763078 -2080207455 -1859172803 787849757 -828081247 -2010465495 603620646 -2131886414 458118295 708950229 1723255460 1780824185 -1927764929 -1169128348 842616636 -1463998467 -1906067553 -1654359422 114425304 -28316156 1317670233 1873723321 38832212 1407011183 458116769 -435380659 -828930087 2007204052 728144667 1605319991 2135963562 -635336841 -925645758 -1536297765 307685979 1058167463 1889474 
324 sda9 56140528 24576 W 1400290342758442380 -1782592467 -642606179 -207730018 -439058372 -1722092116 2099873715  
324 sda 494463728 24576 W 1400290342758514429 -1782592467 -642606179 -207730018 -439058372 -1722092116 2099873715  
298 sda9 56140568 4096 W 1400290344218553465 1797327371  
298 sda 494463768 4096 W 1400290344218598743 1797327371  
298 sda9 222748408 4096 W 1400290344218704738 -457318997  
298 sda 661071608 4096 W 1400290344218739613 -457318997  
298 sda9 222748416 4096 W 1400290344218775314 1090846062  
298 sda 661071616 4096 W 1400290344218808202 1090846062  
298 sda9 222748424 4096 W 1400290344218843889 98037625  
298 sda 661071624 4096 W 1400290344218880997 98037625  
298 sda9 222748432 4096 W 1400290344218917576 -1559103316  
298 sda 661071632 4096 W 1400290344218950976 -1559103316  
298 sda9 222748440 4096 W 1400290344218985678 210433359  
298 sda 661071640 4096 W 1400290344219018271 210433359  
298 sda9 222748448 4096 W 1400290344219052903 312106077  
298 sda 661071648 4096 W 1400290344219085000 312106077  
298 sda9 222748456 4096 W 1400290344219118632 -1467438442  
298 sda 661071656 4096 W 1400290344219151456 -1467438442  
298 sda9 222748464 4096 W 1400290344219185581 -1451319793  
298 sda 661071664 4096 W 1400290344219221269 -1451319793  
298 sda9 222748472 4096 W 1400290344219261319 1004761463  
298 sda 661071672 4096 W 1400290344219299666 1004761463  
298 sda9 222748480 4096 W 1400290344219820959 -2033652858  
298 sda 661071680 4096 W 1400290344219863913 -2033652858  
2966 sda9 144891544 8192 W 1400290344283555440  
2966 sda 583214744 8192 W 1400290344283571059  
2966 sda9 129265664 512 R 1400290344283966399  
2966 sda 567588864 512 R 1400290344283977594  
2966 sda9 129265664 512 W 1400290344284141616  
2966 sda 567588864 512 W 1400290344284148742  
2966 sda9 144891560 4096 W 1400290344285075339  
2966 sda 583214760 4096 W 1400290344285088485  
2966 sda9 129265664 512 R 1400290344285308932  
2966 sda 567588864 512 R 1400290344285316376  
2966 sda9 129265664 512 W 1400290344285449544  
2966 sda 567588864 512 W 1400290344285455775  
324 sda9 54387072 4096 W 1400290347758564167 1111900025  
324 sda 492710272 4096 W 1400290347758608384 1111900025  
324 sda9 54387104 4096 W 1400290347758665584 -775795260  
324 sda 492710304 4096 W 1400290347758705087 -775795260  
324 sda9 54387128 4096 W 1400290347758761134 -52444613  
324 sda 492710328 4096 W 1400290347758802510 -52444613  
324 sda9 60311104 200704 W 1400290347760373766 -1418064364 898589055 660391366 -1864616110 -1934938041 -460881267 897453416 178852045 877895913 1010874005 -784532844 -914540882 1894627910 -2119981994 -736845794 -253449410 -895506878 578345139 1238986720 1317485422 -2136480307 1558876873 2010119395 -1941565394 -115863003 -1783761092 1533659774 991222502 -1701587085 -2059893688 -1458298994 1091333832 -1801403756 1010874005 1010874005 -768161416 -1293843256 -1443577494 -694986595 -379387489 1974027405 1258544585 -1295254678 -739157393 945276168 -200143751 
324 sda 498634304 200704 W 1400290347761796878 -1418064364 898589055 660391366 -1864616110 -1934938041 -460881267 897453416 178852045 877895913 1010874005 -784532844 -914540882 1894627910 -2119981994 -736845794 -253449410 -895506878 578345139 1238986720 1317485422 -2136480307 1558876873 2010119395 -1941565394 -115863003 -1783761092 1533659774 991222502 -1701587085 -2059893688 -1458298994 1091333832 -1801403756 1010874005 1010874005 -768161416 -1293843256 -1443577494 -694986595 -379387489 1974027405 1258544585 -1295254678 -739157393 945276168 -200143751 
2966 sda9 153295928 4096 W 1400290349389462729  
2966 sda 591619128 4096 W 1400290349389480637  
2966 sda9 144891568 36864 W 1400290349389515706  
2966 sda 583214768 36864 W 1400290349389524068  
298 sda9 56140568 4096 W 1400290349389522905 -1322512901  
2966 sda9 145899008 102400 W 1400290349389551277  
2966 sda 584222208 102400 W 1400290349389559118  
298 sda 494463768 4096 W 1400290349389565291 -1322512901  
298 sda9 222748488 4096 W 1400290349389667111 -1842727594  
298 sda 661071688 4096 W 1400290349389705104 -1842727594  
298 sda9 222748496 4096 W 1400290349389743749 -1027031687  
298 sda 661071696 4096 W 1400290349389779664 -1027031687  
298 sda9 222748504 4096 W 1400290349389818301 -1160107463  
298 sda 661071704 4096 W 1400290349389852910 -1160107463  
298 sda9 222748512 4096 W 1400290349389889977 1390472545  
298 sda 661071712 4096 W 1400290349389925958 1390472545  
298 sda9 222748520 4096 W 1400290349389963377 2141216050  
298 sda 661071720 4096 W 1400290349389998877 2141216050  
2966 sda9 129265664 512 R 1400290349390251053  
2966 sda 567588864 512 R 1400290349390259699  
298 sda9 222748528 4096 W 1400290349391278264 -2141559741  
298 sda 661071728 4096 W 1400290349391295022 -2141559741  
2966 sda9 129265664 512 W 1400290349391330668  
2966 sda 567588864 512 W 1400290349391335392  
2966 sda9 129594888 4096 R 1400290349445631218  
2966 sda 567918088 4096 R 1400290349445640178  
2966 sda9 144891640 4096 W 1400290349501704219  
2966 sda 583214840 4096 W 1400290349501712330  
2966 sda9 145897472 524288 W 1400290349501733010  
2966 sda 584220672 524288 W 1400290349501735925  
2966 sda9 145898496 229376 W 1400290349501747033  
2966 sda 584221696 229376 W 1400290349501749237  
2966 sda9 129265664 512 R 1400290349501755658  
2966 sda 567588864 512 R 1400290349501757903  
2966 sda9 129265664 512 W 1400290349502158436  
2966 sda 567588864 512 W 1400290349502161291  
2966 sda9 146415272 4096 W 1400290354660827968  
2966 sda 584738472 4096 W 1400290354660844803  
298 sda9 222748536 4096 W 1400290354660866068 1799716544  
2966 sda9 153295936 20480 W 1400290354660869633  
2966 sda 591619136 20480 W 1400290354660876208  
2966 sda9 129615888 4096 W 1400290354660889836  
2966 sda 567939088 4096 W 1400290354660895434  
298 sda 661071736 4096 W 1400290354660906272 1799716544  
2966 sda9 129616128 4096 W 1400290354660907131  
2966 sda 567939328 4096 W 1400290354660912403  
2966 sda9 146752960 4096 W 1400290354660923946  
2966 sda 585076160 4096 W 1400290354660929108  
2966 sda9 146752968 4096 W 1400290354660939799  
2966 sda 585076168 4096 W 1400290354660945244  
298 sda9 222748544 4096 W 1400290354660945291 271455941  
298 sda 661071744 4096 W 1400290354660978636 271455941  
298 sda9 222748552 4096 W 1400290354661013245 -865367646  
298 sda 661071752 4096 W 1400290354661045628 -865367646  
298 sda9 222748560 4096 W 1400290354661078700 591769330  
298 sda 661071760 4096 W 1400290354661110843 591769330  
2966 sda9 138070320 4096 W 1400290354661824661  
2966 sda 576393520 4096 W 1400290354661835616  
2966 sda9 142248424 4096 W 1400290354661852317  
2966 sda 580571624 4096 W 1400290354661857803  
2966 sda9 129617920 4096 W 1400290354661870101  
2966 sda 567941120 4096 W 1400290354661875273  
2966 sda9 129618064 4096 W 1400290354661886167  
2966 sda 567941264 4096 W 1400290354661892956  
2966 sda9 153134440 4096 W 1400290354661909613  
2966 sda 591457640 4096 W 1400290354661917124  
2966 sda9 129591296 4096 W 1400290354661936444  
2966 sda 567914496 4096 W 1400290354661941961  
2966 sda9 129609896 8192 W 1400290354661954495  
2966 sda 567933096 8192 W 1400290354661959841  
2966 sda9 129611416 4096 W 1400290354661970979  
2966 sda 567934616 4096 W 1400290354661976278  
2966 sda9 149925728 4096 W 1400290354661987965  
2966 sda 588248928 4096 W 1400290354661993277  
2966 sda9 153120968 4096 W 1400290354662004428  
2966 sda 591444168 4096 W 1400290354662009660  
2966 sda9 153121136 4096 W 1400290354662020021  
2966 sda 591444336 4096 W 1400290354662025169  
2966 sda9 153121184 12288 W 1400290354662036839  
2966 sda 591444384 12288 W 1400290354662042509  
2966 sda9 145359144 4096 W 1400290354662056200  
2966 sda 583682344 4096 W 1400290354662063897  
2966 sda9 153154440 4096 W 1400290354662078543  
2966 sda 591477640 4096 W 1400290354662083946  
2966 sda9 144891648 36864 W 1400290354662097737  
2966 sda 583214848 36864 W 1400290354662103079  
2966 sda9 129265664 512 R 1400290354662117000  
2966 sda 567588864 512 R 1400290354662122353  
298 sda9 222748568 4096 W 1400290354663851685 810308949  
298 sda 661071768 4096 W 1400290354663898679 810308949  
2966 sda9 129265664 512 W 1400290354663921163  
2966 sda 567588864 512 W 1400290354663935259  
2966 sda9 144891720 4096 W 1400290354849587329  
2966 sda 583214920 4096 W 1400290354849598398  
2966 sda9 129265664 512 R 1400290354901688406  
2966 sda 567588864 512 R 1400290354901702197  
2966 sda9 129265664 512 W 1400290354901904342  
2966 sda 567588864 512 W 1400290354901910748  
5327 sdb2 8224 4096 W 1400290355186577613 695216842  
5327 sdb 417864 4096 W 1400290355186629855 695216842  
298 sda9 222748576 4096 W 1400290360234553825 -1620600430  
298 sda 661071776 4096 W 1400290360234603943 -1620600430  
298 sda9 222748584 4096 W 1400290360234649652 254849980  
298 sda 661071784 4096 W 1400290360234683208 254849980  
298 sda9 222748592 4096 W 1400290360234719180 -206148316  
298 sda 661071792 4096 W 1400290360234752051 -206148316  
298 sda9 222748600 4096 W 1400290360234786900 344921004  
298 sda 661071800 4096 W 1400290360234819965 344921004  
298 sda9 222748608 4096 W 1400290360234854691 932679062  
298 sda 661071808 4096 W 1400290360234887552 932679062  
298 sda9 222748616 4096 W 1400290360235411270 -101317845  
298 sda 661071816 4096 W 1400290360235455047 -101317845  
2966 sda9 153295936 20480 W 1400290360283318286  
2966 sda 591619136 20480 W 1400290360283346694  
2966 sda9 144891728 8192 W 1400290360283370124  
2966 sda 583214928 8192 W 1400290360283376020  
2966 sda9 129265664 512 R 1400290360283754869  
2966 sda 567588864 512 R 1400290360283761584  
2966 sda9 129265664 512 W 1400290360283985726  
2966 sda 567588864 512 W 1400290360283992097  
2966 sda9 144891744 4096 W 1400290360284690881  
2966 sda 583214944 4096 W 1400290360284712938  
2966 sda9 129265664 512 R 1400290360284931440  
2966 sda 567588864 512 R 1400290360284938446  
2966 sda9 129265664 512 W 1400290360285068591  
2966 sda 567588864 512 W 1400290360285074691  
298 sda9 222748624 4096 W 1400290366218532519 572607043  
298 sda 661071824 4096 W 1400290366218576944 572607043  
298 sda9 222748632 4096 W 1400290366218619704 -429468154  
298 sda 661071832 4096 W 1400290366218654225 -429468154  
298 sda9 222748640 4096 W 1400290366218690151 -95581763  
298 sda 661071840 4096 W 1400290366218723071 -95581763  
298 sda9 222748648 4096 W 1400290366219046632 -461193965  
298 sda 661071848 4096 W 1400290366219081805 -461193965  
2756 sda9 46408144 4096 W 1400290366258091399 907438992  
2756 sda 484731344 4096 W 1400290366258138523 907438992  
298 sda9 222748656 4096 W 1400290366258542469 -2057541145  
298 sda 661071856 4096 W 1400290366258585770 -2057541145  
298 sda9 222748664 4096 W 1400290366258628968 -2110055384  
298 sda 661071864 4096 W 1400290366258666523 -2110055384  
298 sda9 222748672 4096 W 1400290366258910576 -2134956829  
298 sda 661071872 4096 W 1400290366258945756 -2134956829  
2966 sda9 144251312 4096 W 1400290366282883576  
2966 sda 582574512 4096 W 1400290366282898066  
2966 sda9 144891752 12288 W 1400290366282921883  
2966 sda 583214952 12288 W 1400290366282927933  
2966 sda9 129265664 512 R 1400290366301235951  
2966 sda 567588864 512 R 1400290366301244825  
2966 sda9 129265664 512 W 1400290366301492027  
2966 sda 567588864 512 W 1400290366301494783  
2966 sda9 144891776 4096 W 1400290366302229580  
2966 sda 583214976 4096 W 1400290366302236475  
2966 sda9 129265664 512 R 1400290366302462871  
2966 sda 567588864 512 R 1400290366302469419  
2966 sda9 129265664 512 W 1400290366302664478  
2966 sda 567588864 512 W 1400290366302675697  
2756 sda9 46408144 4096 W 1400290369302077802 1182109239  
2756 sda 484731344 4096 W 1400290369302137267 1182109239  
298 sda9 222748680 4096 W 1400290369302587334 -1460811972  
298 sda 661071880 4096 W 1400290369302630289 -1460811972  
298 sda9 222748688 4096 W 1400290369302672214 513476105  
298 sda 661071888 4096 W 1400290369302706358 513476105  
298 sda9 222748696 4096 W 1400290369302747441 -1287685019  
298 sda 661071896 4096 W 1400290369302781083 -1287685019  
298 sda9 222748704 4096 W 1400290369302820817 1763710151  
298 sda 661071904 4096 W 1400290369302855642 1763710151  
298 sda9 222748712 4096 W 1400290369302890515 -1532296798  
298 sda 661071912 4096 W 1400290369302924017 -1532296798  
298 sda9 222748720 4096 W 1400290369303359341 1566877004  
298 sda 661071920 4096 W 1400290369303404015 1566877004  
2966 sda9 144891784 8192 W 1400290372283070817  
2966 sda 583214984 8192 W 1400290372283086289  
2966 sda9 129265664 512 R 1400290372283389142  
2966 sda 567588864 512 R 1400290372283396749  
2966 sda9 129265664 512 W 1400290372283577151  
2966 sda 567588864 512 W 1400290372283589462  
2966 sda9 144891800 4096 W 1400290372284383102  
2966 sda 583215000 4096 W 1400290372284393291  
2966 sda9 129265664 512 R 1400290372284616093  
2966 sda 567588864 512 R 1400290372284623934  
2966 sda9 129265664 512 W 1400290372284770907  
2966 sda 567588864 512 W 1400290372284778568  
298 sda9 222748728 4096 W 1400290375210541889 528948622  
298 sda 661071928 4096 W 1400290375210569535 528948622  
298 sda9 222748736 4096 W 1400290375210595260 -114918650  
298 sda 661071936 4096 W 1400290375210614120 -114918650  
298 sda9 222748744 4096 W 1400290375210630642 113763109  
298 sda 661071944 4096 W 1400290375210643475 113763109  
298 sda9 222748752 4096 W 1400290375210657069 -110895244  
298 sda 661071952 4096 W 1400290375210669337 -110895244  
298 sda9 222748760 4096 W 1400290375211081789 -1999358622  
298 sda 661071960 4096 W 1400290375211122702 -1999358622  
324 sda9 148131568 16384 W 1400290377758701724 345002437 -926496870 -1860788996 -925965217  
324 sda 586454768 16384 W 1400290377758829955 345002437 -926496870 -1860788996 -925965217  
324 sda9 148128328 4096 W 1400290377758912728 1584754371  
324 sda 586451528 4096 W 1400290377758947461 1584754371  
324 sda9 148128360 4096 W 1400290377758989610 404807446  
324 sda 586451560 4096 W 1400290377759023213 404807446  
324 sda9 148128384 4096 W 1400290377759065034 122481774  
324 sda 586451584 4096 W 1400290377759098740 122481774  
324 sda9 60317184 135168 W 1400290377760123300 954615500 596468005 294204973 -1303242949 -1010203232 -653341913 -1284047692 1907231098 -152085151 1010874005 1010874005 1010874005 -1317200648 1863785611 -2121965110 24377857 -676478607 1285362239 -1968801648 -1383041550 423583180 -100884152 255273604 -249790782 1008646270 1010874005 1010874005 1010874005 35274407 -236204128 -1793263846 1940538295 -1375600175  
324 sda 498640384 135168 W 1400290377761078415 954615500 596468005 294204973 -1303242949 -1010203232 -653341913 -1284047692 1907231098 -152085151 1010874005 1010874005 1010874005 -1317200648 1863785611 -2121965110 24377857 -676478607 1285362239 -1968801648 -1383041550 423583180 -100884152 255273604 -249790782 1008646270 1010874005 1010874005 1010874005 35274407 -236204128 -1793263846 1940538295 -1375600175  
324 sda9 16 4096 W 1400290377761174846 -1451319793  
324 sda 438323216 4096 W 1400290377761208897 -1451319793  
324 sda9 48 4096 W 1400290377761245534 210433359  
324 sda 438323248 4096 W 1400290377761277880 210433359  
324 sda9 46137688 4096 W 1400290377761313605 -1532296798  
324 sda 484460888 4096 W 1400290377761346422 -1532296798  
324 sda9 46143080 4096 W 1400290377761382782 -110895244  
324 sda 484466280 4096 W 1400290377761415910 -110895244  
324 sda9 46143096 4096 W 1400290377761451571 344921004  
324 sda 484466296 4096 W 1400290377761484128 344921004  
324 sda9 46143112 4096 W 1400290377761520420 591769330  
324 sda 484466312 4096 W 1400290377761552783 591769330  
324 sda9 54526000 4096 W 1400290377761588203 -1467438442  
324 sda 492849200 4096 W 1400290377761621603 -1467438442  
324 sda9 58726736 4096 W 1400290377761657798 -1287685019  
324 sda 497049936 4096 W 1400290377761690375 -1287685019  
324 sda9 146804576 4096 W 1400290377761729454 113763109  
324 sda 585127776 4096 W 1400290377761762065 113763109  
324 sda9 176160784 4096 W 1400290377761798066 -1559103316  
324 sda 614483984 4096 W 1400290377761835571 -1559103316  
324 sda9 176165440 4096 W 1400290377761881014 312106077  
324 sda 614488640 4096 W 1400290377761920253 312106077  
2966 sda9 153295688 4096 W 1400290378282852429  
2966 sda 591618888 4096 W 1400290378282868472  
2966 sda9 153295928 4096 W 1400290378282889860  
2966 sda 591619128 4096 W 1400290378282895413  
2966 sda9 144891808 4096 W 1400290378282908750  
2966 sda 583215008 4096 W 1400290378282913898  
2966 sda9 144891816 45056 W 1400290378282928535  
2966 sda 583215016 45056 W 1400290378282934358  
2966 sda9 144891904 8192 W 1400290378282946732  
2966 sda 583215104 8192 W 1400290378282952081  
2966 sda9 129265664 512 R 1400290378283408660  
2966 sda 567588864 512 R 1400290378283415552  
2966 sda9 129265664 512 W 1400290378284043816  
2966 sda 567588864 512 W 1400290378284050639  
2966 sda9 144891920 4096 W 1400290378284849015  
2966 sda 583215120 4096 W 1400290378284860244  
2966 sda9 129265664 512 R 1400290378284879033  
2966 sda 567588864 512 R 1400290378284885391  
2966 sda9 129265664 512 W 1400290378285065455  
2966 sda 567588864 512 W 1400290378285071559  
298 sda9 148131592 4096 W 1400290381210557189 -115662209  
298 sda 586454792 4096 W 1400290381210602141 -115662209  
298 sda9 222748768 4096 W 1400290381210704188 1873819744  
298 sda 661071968 4096 W 1400290381210738330 1873819744  
298 sda9 222748776 4096 W 1400290381210774435 -1252587627  
298 sda 661071976 4096 W 1400290381210807239 -1252587627  
298 sda9 222748784 4096 W 1400290381210842432 -82810568  
298 sda 661071984 4096 W 1400290381210875230 -82810568  
298 sda9 222748792 4096 W 1400290381210911061 -183574792  
298 sda 661071992 4096 W 1400290381210946732 -183574792  
298 sda9 222748800 4096 W 1400290381210982456 -1804523695  
298 sda 661072000 4096 W 1400290381211015033 -1804523695  
298 sda9 222748808 4096 W 1400290381211472618 1419379185  
298 sda 661072008 4096 W 1400290381211516023 1419379185  
298 sda9 222748816 4096 W 1400290387226511943 671824841  
298 sda 661072016 4096 W 1400290387226555846 671824841  
298 sda9 222748824 4096 W 1400290387226597705 1935191453  
298 sda 661072024 4096 W 1400290387226631170 1935191453  
298 sda9 222748832 4096 W 1400290387226995436 -1293859401  
298 sda 661072032 4096 W 1400290387227034300 -1293859401  
2966 sda9 153140792 4096 R 1400290387533960419  
2966 sda 591463992 4096 R 1400290387533976259  
2966 sda9 151836072 4096 W 1400290389601409211  
2966 sda 590159272 4096 W 1400290389601424442  
2966 sda9 149260256 4096 W 1400290389601445476  
2966 sda 587583456 4096 W 1400290389601451096  
2966 sda9 149709480 24576 W 1400290389601467132  
2966 sda 588032680 24576 W 1400290389601472901  
2966 sda9 149265480 4096 W 1400290389601485029  
2966 sda 587588680 4096 W 1400290389601490221  
2966 sda9 149709528 24576 W 1400290389601503220  
2966 sda 588032728 24576 W 1400290389601508619  
2966 sda9 153295976 4096 W 1400290389601520914  
2966 sda 591619176 4096 W 1400290389601526079  
2966 sda9 149260272 4096 W 1400290389601537532  
2966 sda 587583472 4096 W 1400290389601542740  
2966 sda9 129757936 4096 W 1400290389601553862  
2966 sda 568081136 4096 W 1400290389601559061  
2966 sda9 129616128 4096 W 1400290389601570533  
2966 sda 567939328 4096 W 1400290389601575779  
2966 sda9 138070320 4096 W 1400290389601587926  
2966 sda 576393520 4096 W 1400290389601593194  
2966 sda9 129617928 4096 W 1400290389601604800  
2966 sda 567941128 4096 W 1400290389601609882  
2966 sda9 129594888 4096 W 1400290389601621873  
2966 sda 567918088 4096 W 1400290389601627071  
2966 sda9 153120976 4096 W 1400290389601638631  
2966 sda 591444176 4096 W 1400290389601643879  
2966 sda9 153121032 4096 W 1400290389601654924  
2966 sda 591444232 4096 W 1400290389601660020  
2966 sda9 149219648 4096 W 1400290389601671351  
2966 sda 587542848 4096 W 1400290389601676470  
2966 sda9 142248240 4096 W 1400290389601688641  
2966 sda 580571440 4096 W 1400290389601693809  
2966 sda9 153295688 4096 W 1400290389601705368  
2966 sda 591618888 4096 W 1400290389601710544  
2966 sda9 153295928 4096 W 1400290389601721823  
2966 sda 591619128 4096 W 1400290389601726941  
2966 sda9 144891928 208896 W 1400290389601806742  
2966 sda 583215128 208896 W 1400290389601813137  
2966 sda9 129265664 512 R 1400290389604389972  
2966 sda 567588864 512 R 1400290389604408330  
2966 sda9 129265664 512 W 1400290389606648539  
2966 sda 567588864 512 W 1400290389606665009  
2966 sda9 144892336 4096 W 1400290389608046509  
2966 sda 583215536 4096 W 1400290389608063998  
2966 sda9 149260280 4096 W 1400290389608096181  
2966 sda 587583480 4096 W 1400290389608103788  
2966 sda9 149663736 4096 W 1400290389608124606  
2966 sda 587986936 4096 W 1400290389608131928  
2966 sda9 129265664 512 R 1400290389608651737  
2966 sda 567588864 512 R 1400290389608668745  
2966 sda9 129265664 512 W 1400290389608963664  
2966 sda 567588864 512 W 1400290389608974211  
2966 sda9 129688408 4096 R 1400290389613669265  
2966 sda 568011608 4096 R 1400290389613684229  
324 sda9 54387072 4096 W 1400290392758542703 -202743013  
324 sda 492710272 4096 W 1400290392758586545 -202743013  
324 sda9 54387104 8192 W 1400290392758686502 -952473729 -502123024  
324 sda 492710304 8192 W 1400290392758750387 -952473729 -502123024  
298 sda9 222748840 4096 W 1400290392758860480 1018527419  
324 sda9 54387128 4096 W 1400290392758867815 -1067083274  
298 sda 661072040 4096 W 1400290392758898549 1018527419  
324 sda 492710328 4096 W 1400290392758909182 -1067083274  
298 sda9 222748848 4096 W 1400290392758938186 607183822  
298 sda 661072048 4096 W 1400290392758974385 607183822  
298 sda9 222748856 4096 W 1400290392759012347 42408027  
298 sda 661072056 4096 W 1400290392759046178 42408027  
298 sda9 222748864 4096 W 1400290392759082119 -157066525  
298 sda 661072064 4096 W 1400290392759114856 -157066525  
298 sda9 222748872 4096 W 1400290392759154393 1482385821  
298 sda 661072072 4096 W 1400290392759197481 1482385821  
324 sda9 60311488 32768 W 1400290392759202082 1705626849 -1301822294 -449592738 516121114 1393077458 970924342 -564063272 -1907869902  
324 sda 498634688 32768 W 1400290392759444235 1705626849 -1301822294 -449592738 516121114 1393077458 970924342 -564063272 -1907869902  
298 sda9 222748880 4096 W 1400290392759740177 -894892388  
298 sda 661072080 4096 W 1400290392759778591 -894892388  
324 sda9 60313600 233472 W 1400290392761184136 -699441180 -327714201 -789822500 371811264 -264551579 -791686200 -1233576308 1271943686 1289800998 1010874005 -705858777 -326113058 -114429884 -1437063849 1216877488 -2070440244 -1816170436 1440002055 -2087678103 -866788104 1119860722 634852485 2097211299 892475993 -1154193830 -1515578926 1905450608 -1909288417 -1120749940 1188917003 -743879693 -987598229 750390045 656222833 1986344960 1803734935 1624587380 -1176905531 -1491943041 -468547100 215393449 1010874005 -1727729289 -696159493 80623949 -2023388454  
324 sda 498636800 233472 W 1400290392762830157 -699441180 -327714201 -789822500 371811264 -264551579 -791686200 -1233576308 1271943686 1289800998 1010874005 -705858777 -326113058 -114429884 -1437063849 1216877488 -2070440244 -1816170436 1440002055 -2087678103 -866788104 1119860722 634852485 2097211299 892475993 -1154193830 -1515578926 1905450608 -1909288417 -1120749940 1188917003 -743879693 -987598229 750390045 656222833 1986344960 1803734935 1624587380 -1176905531 -1491943041 -468547100 215393449 1010874005 -1727729289 -696159493 80623949 -2023388454  
2966 sda9 129688472 4096 R 1400290395287996892  
2966 sda 568011672 4096 R 1400290395288005293  
2966 sda9 129688408 4096 W 1400290395288998134  
2966 sda 568011608 4096 W 1400290395289002833  
2966 sda9 129757952 4096 W 1400290395289024436  
2966 sda 568081152 4096 W 1400290395289030810  
2966 sda9 153295688 4096 W 1400290395289048577  
2966 sda 591618888 4096 W 1400290395289054327  
2966 sda9 153295928 4096 W 1400290395289066612  
2966 sda 591619128 4096 W 1400290395289071800  
2966 sda9 144892344 86016 W 1400290395289089002  
2966 sda 583215544 86016 W 1400290395289094738  
2966 sda9 129688472 4096 W 1400290395289107795  
2966 sda 568011672 4096 W 1400290395289113073  
2966 sda9 129265664 512 R 1400290395289806932  
2966 sda 567588864 512 R 1400290395289819087  
2966 sda9 129265664 512 W 1400290395290777406  
2966 sda 567588864 512 W 1400290395290790312  
2966 sda9 144892512 4096 W 1400290395291699420  
2966 sda 583215712 4096 W 1400290395291711023  
2966 sda9 129265664 512 R 1400290395291728866  
2966 sda 567588864 512 R 1400290395291734807  
2966 sda9 129265664 512 W 1400290395291923612  
2966 sda 567588864 512 W 1400290395291930099  
2966 sda9 129688472 4096 W 1400290395293412901  
2966 sda 568011672 4096 W 1400290395293423769  
2966 sda9 144892520 8192 W 1400290395293447152  
2966 sda 583215720 8192 W 1400290395293454635  
2966 sda9 129265664 512 R 1400290395293471587  
2966 sda 567588864 512 R 1400290395293478392  
2966 sda9 129265664 512 W 1400290395293747694  
2966 sda 567588864 512 W 1400290395293751662  
2966 sda9 144892536 4096 W 1400290395294720090  
2966 sda 583215736 4096 W 1400290395294733022  
2966 sda9 129265664 512 R 1400290395294965316  
2966 sda 567588864 512 R 1400290395294972382  
2966 sda9 129265664 512 W 1400290395295109249  
2966 sda 567588864 512 W 1400290395295115690  
2966 sda9 129688472 4096 W 1400290395295937683  
2966 sda 568011672 4096 W 1400290395295945608  
2966 sda9 129265664 512 R 1400290395295959911  
2966 sda 567588864 512 R 1400290395295965273  
2966 sda9 129265664 512 W 1400290395296133648  
2966 sda 567588864 512 W 1400290395296139718  
2966 sda9 129688472 4096 W 1400290395297163546  
2966 sda 568011672 4096 W 1400290395297173509  
2966 sda9 129265664 512 R 1400290395297369205  
2966 sda 567588864 512 R 1400290395297376525  
2966 sda9 129265664 512 W 1400290395297517338  
2966 sda 567588864 512 W 1400290395297523485  
2966 sda9 129688472 4096 W 1400290395298693308  
2966 sda 568011672 4096 W 1400290395298707507  
2966 sda9 144892544 8192 W 1400290395298726717  
2966 sda 583215744 8192 W 1400290395298732467  
2966 sda9 129265664 512 R 1400290395299037514  
2966 sda 567588864 512 R 1400290395299048553  
2966 sda9 129265664 512 W 1400290395299307439  
2966 sda 567588864 512 W 1400290395299315397  
2966 sda9 144892560 4096 W 1400290395300053769  
2966 sda 583215760 4096 W 1400290395300064744  
2966 sda9 129265664 512 R 1400290395300300104  
2966 sda 567588864 512 R 1400290395300308102  
2966 sda9 129265664 512 W 1400290395300452118  
2966 sda 567588864 512 W 1400290395300458656  
2966 sda9 129688472 4096 W 1400290395301827423  
2966 sda 568011672 4096 W 1400290395301838294  
2966 sda9 129265664 512 R 1400290395302044572  
2966 sda 567588864 512 R 1400290395302050869  
2966 sda9 129265664 512 W 1400290395302200268  
2966 sda 567588864 512 W 1400290395302206188  
2966 sda9 129688472 4096 W 1400290395303396539  
2966 sda 568011672 4096 W 1400290395303407193  
2966 sda9 144892568 8192 W 1400290395303426366  
2966 sda 583215768 8192 W 1400290395303432059  
2966 sda9 129265664 512 R 1400290395303679174  
2966 sda 567588864 512 R 1400290395303687392  
2966 sda9 129265664 512 W 1400290395303971810  
2966 sda 567588864 512 W 1400290395303978489  
2966 sda9 144892584 4096 W 1400290395304584442  
2966 sda 583215784 4096 W 1400290395304594538  
2966 sda9 129265664 512 R 1400290395304823678  
2966 sda 567588864 512 R 1400290395304832839  
2966 sda9 129265664 512 W 1400290395304980911  
2966 sda 567588864 512 W 1400290395304988048  
324 sda9 61393472 4096 W 1400290397762568619 1789580346  
324 sda 499716672 4096 W 1400290397762612635 1789580346  
298 sda9 222748888 4096 W 1400290397762735430 -1110446057  
324 sda9 25090568 8192 W 1400290397762756515 1058659162 1198660985  
298 sda 661072088 4096 W 1400290397762786699 -1110446057  
324 sda 463413768 8192 W 1400290397762826850 1058659162 1198660985  
298 sda9 222748896 4096 W 1400290397762847845 2078085843  
298 sda 661072096 4096 W 1400290397762903086 2078085843  
298 sda9 222748904 4096 W 1400290397762957219 -808780103  
298 sda 661072104 4096 W 1400290397763003892 -808780103  
298 sda9 222748912 4096 W 1400290397763050137 193808570  
298 sda 661072112 4096 W 1400290397763085520 193808570  
298 sda9 222748920 4096 W 1400290397763530963 978981020  
298 sda 661072120 4096 W 1400290397763573690 978981020  
2966 sda9 144892592 36864 W 1400290401290476527  
2966 sda 583215792 36864 W 1400290401290496031  
2966 sda9 129265664 512 R 1400290401290968188  
2966 sda 567588864 512 R 1400290401290976269  
2966 sda9 129265664 512 W 1400290401291131945  
2966 sda 567588864 512 W 1400290401291138741  
2966 sda9 144892664 4096 W 1400290401291890078  
2966 sda 583215864 4096 W 1400290401291899610  
2966 sda9 129265664 512 R 1400290401292129060  
2966 sda 567588864 512 R 1400290401292136172  
2966 sda9 129265664 512 W 1400290401292270466  
2966 sda 567588864 512 W 1400290401292276534  
298 sda9 222748928 4096 W 1400290403210552273 1195015580  
298 sda 661072128 4096 W 1400290403210597071 1195015580  
298 sda9 222748936 4096 W 1400290403210639914 -831149830  
298 sda 661072136 4096 W 1400290403210672859 -831149830  
298 sda9 222748944 4096 W 1400290403210708717 1521124795  
298 sda 661072144 4096 W 1400290403210741144 1521124795  
298 sda9 222748952 4096 W 1400290403210775115 551035633  
298 sda 661072152 4096 W 1400290403210807789 551035633  
298 sda9 222748960 4096 W 1400290403211303630 -1908131240  
298 sda 661072160 4096 W 1400290403211346978 -1908131240  
2756 sda9 60317440 131072 W 1400290403548349579 -1002617279 1442635616 2102794178 -1024145701 -1010741088 779053146 725245503 195529206 -1939608414 1010874005 1010874005 1010874005 -975226364 -240870747 731928928 2053131615 1434643979 766162473 -73998762 2099084895 1771015031 1474417830 17313740 1968831448 1851109138 1010874005 1010874005 1010874005 82155775 -1029351722 -121526691 575326252  
2756 sda 498640640 131072 W 1400290403549297929 -1002617279 1442635616 2102794178 -1024145701 -1010741088 779053146 725245503 195529206 -1939608414 1010874005 1010874005 1010874005 -975226364 -240870747 731928928 2053131615 1434643979 766162473 -73998762 2099084895 1771015031 1474417830 17313740 1968831448 1851109138 1010874005 1010874005 1010874005 82155775 -1029351722 -121526691 575326252  
2756 sda9 60821504 4096 W 1400290403549352914 271579409  
2756 sda 499144704 4096 W 1400290403549388047 271579409  
298 sda9 222748968 4096 W 1400290403550520024 494112439  
298 sda 661072168 4096 W 1400290403550561298 494112439  
298 sda9 222748976 4096 W 1400290403550602942 -1565925976  
298 sda 661072176 4096 W 1400290403550636431 -1565925976  
298 sda9 222748984 4096 W 1400290403550673215 1700708005  
298 sda 661072184 4096 W 1400290403550706202 1700708005  
298 sda9 222748992 4096 W 1400290403550740380 -44988824  
298 sda 661072192 4096 W 1400290403550773529 -44988824  
298 sda9 222749000 4096 W 1400290403550807616 -517258249  
298 sda 661072200 4096 W 1400290403550839805 -517258249  
298 sda9 222749008 4096 W 1400290403550873849 515255909  
298 sda 661072208 4096 W 1400290403550906456 515255909  
298 sda9 222749016 4096 W 1400290403551288102 -96506398  
298 sda 661072216 4096 W 1400290403551329371 -96506398  
2756 sda9 3231872 32768 W 1400290403606893041 -1131420976 1742297805 -699665140 -1583865502 1807265479 -1146684639 946383876 617211755  
2756 sda 441555072 32768 W 1400290403607146008 -1131420976 1742297805 -699665140 -1583865502 1807265479 -1146684639 946383876 617211755  
2756 sda9 3235776 32768 W 1400290403607438441 1590496965 1010874005 1010874005 1010874005 781462867 -683516035 1458403574 725361137  
2756 sda 441558976 32768 W 1400290403607673748 1590496965 1010874005 1010874005 1010874005 781462867 -683516035 1458403574 725361137  
298 sda9 222749024 4096 W 1400290403608511042 1707210396  
298 sda 661072224 4096 W 1400290403608547452 1707210396  
298 sda9 222749032 4096 W 1400290403608584766 -1135580731  
298 sda 661072232 4096 W 1400290403608617594 -1135580731  
298 sda9 222749040 4096 W 1400290403608652380 1366146095  
298 sda 661072240 4096 W 1400290403608684596 1366146095  
298 sda9 222749048 4096 W 1400290403608982659 -1656300984  
298 sda 661072248 4096 W 1400290403609012397 -1656300984  
298 sda9 222749056 4096 W 1400290409210562915 -47610623  
298 sda 661072256 4096 W 1400290409210607563 -47610623  
298 sda9 222749064 4096 W 1400290409210649856 -459121627  
298 sda 661072264 4096 W 1400290409210682810 -459121627  
298 sda9 222749072 4096 W 1400290409210718672 -855987660  
298 sda 661072272 4096 W 1400290409210751399 -855987660  
298 sda9 222749080 4096 W 1400290409210786358 85172047  
298 sda 661072280 4096 W 1400290409210819075 85172047  
298 sda9 222749088 4096 W 1400290409211245583 -580681842  
298 sda 661072288 4096 W 1400290409211287063 -580681842  
324 sda9 148131600 16384 W 1400290412762688701 -232599046 712000888 822311223 -752617537  
324 sda 586454800 16384 W 1400290412762817153 -232599046 712000888 822311223 -752617537  
324 sda9 46137688 4096 W 1400290412762916210 -44988824  
324 sda 484460888 4096 W 1400290412762950819 -44988824  
324 sda9 46137696 4096 W 1400290412762987930 1366146095  
324 sda 484460896 4096 W 1400290412763020988 1366146095  
324 sda9 46143080 4096 W 1400290412763057691 -855987660  
324 sda 484466280 4096 W 1400290412763090335 -855987660  
324 sda9 46143096 4096 W 1400290412763125752 85172047  
324 sda 484466296 4096 W 1400290412763159385 85172047  
324 sda9 46143112 4096 W 1400290412763200956 -1135580731  
324 sda 484466312 4096 W 1400290412763235210 -1135580731  
324 sda9 58984368 4096 W 1400290412763274633 -831149830  
324 sda 497307568 4096 W 1400290412763314182 -831149830  
324 sda9 146804576 4096 W 1400290412763363150 551035633  
324 sda 585127776 4096 W 1400290412763396406 551035633  
298 sda9 148131624 4096 W 1400290414234535371 1934801144  
298 sda 586454824 4096 W 1400290414234579420 1934801144  
298 sda9 222749096 4096 W 1400290414234680166 -253691204  
298 sda 661072296 4096 W 1400290414234714090 -253691204  
298 sda9 222749104 4096 W 1400290414234749811 470637047  
298 sda 661072304 4096 W 1400290414234782461 470637047  
298 sda9 222749112 4096 W 1400290414234817597 261061536  
298 sda 661072312 4096 W 1400290414234859094 261061536  
298 sda9 222749120 4096 W 1400290414234900338 415633124  
298 sda 661072320 4096 W 1400290414234933457 415633124  
298 sda9 222749128 4096 W 1400290414235259800 1241750393  
298 sda 661072328 4096 W 1400290414235294826 1241750393  
2966 sda9 149702632 12288 W 1400290415289659940  
2966 sda 588025832 12288 W 1400290415289676344  
2966 sda9 144892672 16384 W 1400290415289700061  
2966 sda 583215872 16384 W 1400290415289705918  
2966 sda9 129265664 512 R 1400290415290128289  
2966 sda 567588864 512 R 1400290415290135358  
2966 sda9 129265664 512 W 1400290415290453427  
2966 sda 567588864 512 W 1400290415290460333  
2966 sda9 144892704 4096 W 1400290415291402875  
2966 sda 583215904 4096 W 1400290415291416483  
2966 sda9 129265664 512 R 1400290415291697463  
2966 sda 567588864 512 R 1400290415291708338  
2966 sda9 129265664 512 W 1400290415291899942  
2966 sda 567588864 512 W 1400290415291911525  
2756 sda9 46408144 4096 W 1400290419381388738 907438992  
2756 sda 484731344 4096 W 1400290419381431388 907438992  
298 sda9 222749136 4096 W 1400290419381846898 -40635497  
298 sda 661072336 4096 W 1400290419381882752 -40635497  
298 sda9 222749144 4096 W 1400290419381918540 755257483  
298 sda 661072344 4096 W 1400290419381950913 755257483  
298 sda9 222749152 4096 W 1400290419381985317 1628865544  
298 sda 661072352 4096 W 1400290419382017838 1628865544  
298 sda9 222749160 4096 W 1400290419382050973 1707112855  
298 sda 661072360 4096 W 1400290419382083106 1707112855  
298 sda9 222749168 4096 W 1400290419382115820 -95793861  
298 sda 661072368 4096 W 1400290419382147930 -95793861  
298 sda9 222749176 4096 W 1400290419382511648 -1000665021  
298 sda 661072376 4096 W 1400290419382550960 -1000665021  
2756 sda9 46408144 4096 W 1400290425113172362 1182109239  
2756 sda 484731344 4096 W 1400290425113216031 1182109239  
298 sda9 222749184 4096 W 1400290425113349965 -943268642  
298 sda 661072384 4096 W 1400290425113408334 -943268642  
298 sda9 222749192 4096 W 1400290425113466171 -485281343  
298 sda 661072392 4096 W 1400290425113551361 -485281343  
298 sda9 222749200 4096 W 1400290425113591800 1894502410  
298 sda 661072400 4096 W 1400290425113625065 1894502410  
298 sda9 222749208 4096 W 1400290425113659860 126527636  
298 sda 661072408 4096 W 1400290425113692484 126527636  
298 sda9 222749216 4096 W 1400290425114039698 679370853  
298 sda 661072416 4096 W 1400290425114093400 679370853  
2966 sda9 149709248 16384 W 1400290425289310557  
2966 sda 588032448 16384 W 1400290425289326493  
2966 sda9 129688472 4096 W 1400290425289349779  
2966 sda 568011672 4096 W 1400290425289355713  
2966 sda9 145401784 4096 W 1400290425289368956  
2966 sda 583724984 4096 W 1400290425289374198  
2966 sda9 146148320 8192 W 1400290425289386088  
2966 sda 584471520 8192 W 1400290425289391334  
2966 sda9 145885896 4096 W 1400290425289402806  
2966 sda 584209096 4096 W 1400290425289407974  
2966 sda9 149721280 16384 W 1400290425289420830  
2966 sda 588044480 16384 W 1400290425289426145  
2966 sda9 145886024 4096 W 1400290425289437889  
2966 sda 584209224 4096 W 1400290425289443247  
2966 sda9 146000672 4096 W 1400290425289454019  
2966 sda 584323872 4096 W 1400290425289459268  
2966 sda9 145885920 4096 W 1400290425289470286  
2966 sda 584209120 4096 W 1400290425289475494  
2966 sda9 145885928 4096 W 1400290425289486011  
2966 sda 584209128 4096 W 1400290425289491266  
2966 sda9 149709480 24576 W 1400290425289506788  
2966 sda 588032680 24576 W 1400290425289512258  
2966 sda9 149709864 53248 W 1400290425289526105  
2966 sda 588033064 53248 W 1400290425289531685  
2966 sda9 149261032 4096 W 1400290425289543428  
2966 sda 587584232 4096 W 1400290425289548656  
2966 sda9 149261040 4096 W 1400290425289564326  
2966 sda 587584240 4096 W 1400290425289566454  
2966 sda9 149261056 4096 W 1400290425289570606  
2966 sda 587584256 4096 W 1400290425289572693  
2966 sda9 149260264 4096 W 1400290425289577124  
2966 sda 587583464 4096 W 1400290425289579143  
2966 sda9 149260280 4096 W 1400290425289583655  
2966 sda 587583480 4096 W 1400290425289585703  
2966 sda9 145885936 4096 W 1400290425289590446  
2966 sda 584209136 4096 W 1400290425289592476  
2966 sda9 146148656 8192 W 1400290425289597027  
2966 sda 584471856 8192 W 1400290425289599138  
2966 sda9 145885944 4096 W 1400290425289603839  
2966 sda 584209144 4096 W 1400290425289605972  
2966 sda9 138062360 4096 W 1400290425289688112  
2966 sda 576385560 4096 W 1400290425289690404  
2966 sda9 145359144 4096 W 1400290425289695340  
2966 sda 583682344 4096 W 1400290425289697432  
2966 sda9 153139488 4096 W 1400290425289701996  
2966 sda 591462688 4096 W 1400290425289704094  
2966 sda9 153139504 4096 W 1400290425289708492  
2966 sda 591462704 4096 W 1400290425289710520  
2966 sda9 153139592 4096 W 1400290425289714843  
2966 sda 591462792 4096 W 1400290425289716892  
2966 sda9 153140792 4096 W 1400290425289723841  
2966 sda 591463992 4096 W 1400290425289725946  
2966 sda9 153140856 4096 W 1400290425291915086  
2966 sda 591464056 4096 W 1400290425291922794  
2966 sda9 153154272 4096 W 1400290425291934589  
2966 sda 591477472 4096 W 1400290425291938211  
2966 sda9 153154440 4096 W 1400290425291946762  
2966 sda 591477640 4096 W 1400290425291949288  
2966 sda9 153154472 4096 W 1400290425291954632  
2966 sda 591477672 4096 W 1400290425291957039  
2966 sda9 61057784 4096 W 1400290425291963443  
2966 sda 499380984 4096 W 1400290425291965958  
2966 sda9 146752960 4096 W 1400290425291971662  
2966 sda 585076160 4096 W 1400290425291984260  
2966 sda9 146752968 4096 W 1400290425291995425  
2966 sda 585076168 4096 W 1400290425292000630  
2966 sda9 152276984 4096 W 1400290425292012149  
2966 sda 590600184 4096 W 1400290425292017278  
2966 sda9 129617920 4096 W 1400290425292031036  
2966 sda 567941120 4096 W 1400290425292038415  
2966 sda9 129618064 4096 W 1400290425292056880  
2966 sda 567941264 4096 W 1400290425292062357  
2966 sda9 153141432 4096 W 1400290425292074470  
2966 sda 591464632 4096 W 1400290425292079726  
2966 sda9 153141448 4096 W 1400290425292090817  
2966 sda 591464648 4096 W 1400290425292095926  
2966 sda9 153134248 4096 W 1400290425292106593  
2966 sda 591457448 4096 W 1400290425292111709  
2966 sda9 153134368 4096 W 1400290425292122593  
2966 sda 591457568 4096 W 1400290425292127728  
2966 sda9 153134392 4096 W 1400290425292138600  
2966 sda 591457592 4096 W 1400290425292143757  
2966 sda9 153134440 4096 W 1400290425292154672  
2966 sda 591457640 4096 W 1400290425292159724  
2966 sda9 153134448 20480 W 1400290425292172687  
2966 sda 591457648 20480 W 1400290425292178229  
2966 sda9 129591296 4096 W 1400290425292190540  
2966 sda 567914496 4096 W 1400290425292195855  
2966 sda9 129609800 8192 W 1400290425292208127  
2966 sda 567933000 8192 W 1400290425292213302  
2966 sda9 129609896 8192 W 1400290425292267889  
2966 sda 567933096 8192 W 1400290425292273351  
2966 sda9 129610000 4096 W 1400290425292298592  
2966 sda 567933200 4096 W 1400290425292304128  
2966 sda9 149925728 4096 W 1400290425292316379  
2966 sda 588248928 4096 W 1400290425292321560  
2966 sda9 149925736 4096 W 1400290425292332482  
2966 sda 588248936 4096 W 1400290425292337704  
2966 sda9 149961392 8192 W 1400290425292348886  
2966 sda 588284592 8192 W 1400290425292354138  
2966 sda9 153121000 8192 W 1400290425292365951  
2966 sda 591444200 8192 W 1400290425292371100  
2966 sda9 153121040 4096 W 1400290425292383020  
2966 sda 591444240 4096 W 1400290425292388228  
2966 sda9 153121056 4096 W 1400290425292399614  
2966 sda 591444256 4096 W 1400290425292404676  
2966 sda9 153121136 4096 W 1400290425292415731  
2966 sda 591444336 4096 W 1400290425292421006  
2966 sda9 153121176 4096 W 1400290425292431945  
2966 sda 591444376 4096 W 1400290425292437072  
2966 sda9 153121184 12288 W 1400290425292449049  
2966 sda 591444384 12288 W 1400290425292454422  
2966 sda9 144892712 49152 W 1400290425292468073  
2966 sda 583215912 49152 W 1400290425292473519  
2966 sda9 129265664 512 R 1400290425292487453  
2966 sda 567588864 512 R 1400290425292492836  
2966 sda9 129265664 512 W 1400290425298841214  
2966 sda 567588864 512 W 1400290425298857220  
2966 sda9 144892808 4096 W 1400290425300878623  
2966 sda 583216008 4096 W 1400290425300896085  
2966 sda9 129265664 512 R 1400290425301814470  
2966 sda 567588864 512 R 1400290425301820889  
2966 sda9 129265664 512 W 1400290425301968520  
2966 sda 567588864 512 W 1400290425301974497  
2966 sda9 150588976 4096 R 1400290426207333700  
2966 sda 588912176 4096 R 1400290426207355465  
2966 sda9 150588928 24576 W 1400290426218477110  
2966 sda 588912128 24576 W 1400290426218492853  
2966 sda9 150588976 4096 W 1400290426218515835  
2966 sda 588912176 4096 W 1400290426218521838  
2966 sda9 144892816 8192 W 1400290426218537721  
2966 sda 583216016 8192 W 1400290426218542966  
2966 sda9 129265664 512 R 1400290426219259728  
2966 sda 567588864 512 R 1400290426219267392  
2966 sda9 129265664 512 W 1400290426219871565  
2966 sda 567588864 512 W 1400290426219878290  
2966 sda9 144892832 4096 W 1400290426220588771  
2966 sda 583216032 4096 W 1400290426220598980  
2966 sda9 129265664 512 R 1400290426220828073  
2966 sda 567588864 512 R 1400290426220834985  
2966 sda9 129265664 512 W 1400290426220966290  
2966 sda 567588864 512 W 1400290426220972186  
324 sda9 148128328 4096 W 1400290427762598046 -611355433  
324 sda 586451528 4096 W 1400290427762643111 -611355433  
324 sda9 148128360 4096 W 1400290427762697308 1364141963  
324 sda 586451560 4096 W 1400290427762731428 1364141963  
324 sda9 148128384 4096 W 1400290427762774489 674078928  
324 sda 586451584 4096 W 1400290427762808383 674078928  
298 sda9 222749224 4096 W 1400290430202560982 -1557064558  
298 sda 661072424 4096 W 1400290430202605260 -1557064558  
298 sda9 222749232 4096 W 1400290430202653111 1449419166  
298 sda 661072432 4096 W 1400290430202691087 1449419166  
298 sda9 222749240 4096 W 1400290430202732030 -320251372  
298 sda 661072440 4096 W 1400290430202768319 -320251372  
298 sda9 222749248 4096 W 1400290430203199664 -2100437542  
298 sda 661072448 4096 W 1400290430203241739 -2100437542  
2966 sda9 149265480 4096 W 1400290431289844834  
2966 sda 587588680 4096 W 1400290431289860713  
2966 sda9 144892840 20480 W 1400290431289886719  
2966 sda 583216040 20480 W 1400290431289892718  
2966 sda9 129265664 512 R 1400290431290270388  
2966 sda 567588864 512 R 1400290431290277134  
2966 sda9 129265664 512 W 1400290431290620422  
2966 sda 567588864 512 W 1400290431290627568  
2966 sda9 144892880 4096 W 1400290431291561075  
2966 sda 583216080 4096 W 1400290431291574415  
2966 sda9 129265664 512 R 1400290431291858749  
2966 sda 567588864 512 R 1400290431291869771  
2966 sda9 129265664 512 W 1400290431292047588  
2966 sda 567588864 512 W 1400290431292055292  
298 sda9 222749256 4096 W 1400290436202545059 277745021  
298 sda 661072456 4096 W 1400290436202589633 277745021  
298 sda9 222749264 4096 W 1400290436202632280 865944075  
298 sda 661072464 4096 W 1400290436202665626 865944075  
298 sda9 222749272 4096 W 1400290436202701196 953555401  
298 sda 661072472 4096 W 1400290436202734088 953555401  
298 sda9 222749280 4096 W 1400290436202769154 530960952  
298 sda 661072480 4096 W 1400290436202801310 530960952  
298 sda9 222749288 4096 W 1400290436203205059 -221127750  
298 sda 661072488 4096 W 1400290436203245531 -221127750  
324 sda9 54387072 32768 W 1400290437762776038 -1647001865 1010874005 1010874005 1010874005 -1359100552 1010874005 1010874005 1010874005  
324 sda 492710272 32768 W 1400290437763016346 -1647001865 1010874005 1010874005 1010874005 -1359100552 1010874005 1010874005 1010874005  
324 sda9 60311040 135168 W 1400290437764041292 8513403 1010874005 1010874005 1678044828 1973192275 -608736172 -910921599 715137457 642624500 -1191898723 660391366 -1864616110 -1432251599 -1514334901 897453416 178852045 1608610615 -148826454 -718363463 -1447925945 -665242320 30010069 1066569681 661159043 1885890843 -834712451 197716230 -501360887 1174730632 -1012295914 2087143562 -530941873 -942416853  
324 sda 498634240 135168 W 1400290437765068391 8513403 1010874005 1010874005 1678044828 1973192275 -608736172 -910921599 715137457 642624500 -1191898723 660391366 -1864616110 -1432251599 -1514334901 897453416 178852045 1608610615 -148826454 -718363463 -1447925945 -665242320 30010069 1066569681 661159043 1885890843 -834712451 197716230 -501360887 1174730632 -1012295914 2087143562 -530941873 -942416853  
324 sda9 60314048 32768 W 1400290437765353908 -1346938963 -1313448546 -1368841253 -19164368 -746560839 244447911 -1510852560 485583093  
324 sda 498637248 32768 W 1400290437765588928 -1346938963 -1313448546 -1368841253 -19164368 -746560839 244447911 -1510852560 485583093  
324 sda9 60304384 4096 W 1400290437765631294 1799343966  
324 sda 498627584 4096 W 1400290437765664462 1799343966  
324 sda9 796928 32768 W 1400290437765946368 -642363723 1010874005 425230499 -1822595335 1634164484 1071879341 12784864 405112906  
324 sda 439120128 32768 W 1400290437766177796 -642363723 1010874005 425230499 -1822595335 1634164484 1071879341 12784864 405112906  
324 sda9 3744832 32768 W 1400290437766433465 1700466839 1967753666 271864927 1551620076 285046337 978742655 -2003971753 -586103833  
324 sda 442068032 32768 W 1400290437766690395 1700466839 1967753666 271864927 1551620076 285046337 978742655 -2003971753 -586103833  
324 sda9 3745152 32768 W 1400290437766946318 -646954024 1010874005 1010874005 -580072328 -2070803068 -91614264 1505546175 589471976  
324 sda 442068352 32768 W 1400290437767180038 -646954024 1010874005 1010874005 -580072328 -2070803068 -91614264 1505546175 589471976  
324 sda9 3745664 32768 W 1400290437767430957 -557167183 -1677018972 1542265075 539619484 -1105237600 47956758 -1457986059 1446653815  
324 sda 442068864 32768 W 1400290437767661139 -557167183 -1677018972 1542265075 539619484 -1105237600 47956758 -1457986059 1446653815  
324 sda9 8921728 32768 W 1400290437767906842 -1956616395 1560956002 -1611773117 -1886156638 1509077584 1818268953 -68143257 -864952313  
324 sda 447244928 32768 W 1400290437768136423 -1956616395 1560956002 -1611773117 -1886156638 1509077584 1818268953 -68143257 -864952313  
298 sda9 222749296 4096 W 1400290442218528748 -1729746346  
298 sda 661072496 4096 W 1400290442218572070 -1729746346  
298 sda9 222749304 4096 W 1400290442218614870 -873037026  
298 sda 661072504 4096 W 1400290442218647995 -873037026  
298 sda9 222749312 4096 W 1400290442219052536 -1882054338  
298 sda 661072512 4096 W 1400290442219093048 -1882054338  
2756 sda9 46408144 4096 W 1400290445318119365 907438992  
2756 sda 484731344 4096 W 1400290445318137793 907438992  
298 sda9 222749320 4096 W 1400290445318459269 1565774012  
298 sda 661072520 4096 W 1400290445318473394 1565774012  
298 sda9 222749328 4096 W 1400290445318487576 -1898028749  
298 sda 661072528 4096 W 1400290445318500575 -1898028749  
298 sda9 222749336 4096 W 1400290445318514586 -618008336  
298 sda 661072536 4096 W 1400290445318527475 -618008336  
298 sda9 222749344 4096 W 1400290445318804885 1271086168  
298 sda 661072544 4096 W 1400290445318837922 1271086168  
2756 sda9 148037984 4096 W 1400290446976643772 -1837320541  
2756 sda 586361184 4096 W 1400290446976686896 -1837320541  
298 sda9 222749352 4096 W 1400290446977194724 -1593988377  
298 sda 661072552 4096 W 1400290446977238433 -1593988377  
298 sda9 222749360 4096 W 1400290446977280578 -1308196377  
298 sda 661072560 4096 W 1400290446977313359 -1308196377  
298 sda9 222749368 4096 W 1400290446977349401 1222391078  
298 sda 661072568 4096 W 1400290446977382246 1222391078  
298 sda9 222749376 4096 W 1400290446977416420 1274933121  
298 sda 661072576 4096 W 1400290446977448773 1274933121  
298 sda9 222749384 4096 W 1400290446977830201 1809714607  
298 sda 661072584 4096 W 1400290446977871471 1809714607  
324 sda9 60820328 20480 W 1400290447766764800 -2006029099 1871398777 -1859506734 639952160 1129159979  
324 sda 499143528 20480 W 1400290447766921846 -2006029099 1871398777 -1859506734 639952160 1129159979  
324 sda9 146804576 4096 W 1400290447767004036 953555401  
324 sda 585127776 4096 W 1400290447767039329 953555401  
324 sda9 40 4096 W 1400290447767108740 415633124  
324 sda 438323240 4096 W 1400290447767147284 415633124  
324 sda9 46137688 4096 W 1400290447767190842 -618008336  
324 sda 484460888 4096 W 1400290447767229103 -618008336  
324 sda9 46143080 4096 W 1400290447767286880 530960952  
324 sda 484466280 4096 W 1400290447767327639 530960952  
324 sda9 146800680 4096 W 1400290447767372759 261061536  
324 sda 585123880 4096 W 1400290447767405663 261061536  
5335 sda9 56140576 4096 W 1400290449609116735 1901206015  
5335 sda 494463776 4096 W 1400290449609164620 1901206015  
5335 sda9 155589856 8192 W 1400290449610835250 1639383483 1666220434  
5335 sda 593913056 8192 W 1400290449610900387 1639383483 1666220434  
5335 sda9 148131632 4096 W 1400290449613295061 -1723681819  
5335 sda 586454832 4096 W 1400290449613339154 -1723681819  
