pwrite: 3516 1399579719 10 1053962240 4096 -1714429867  

pwrite: 3516 1399579725 10 2285891584 4096 -22795376  

pwrite: 3516 1399579728 10 1001463808 4096 1270646183  

pwrite: 3516 1399579733 10 7517245440 4096 1998009998  

pwrite: 3516 1399579734 10 4365242368 4096 553376935  

pwrite: 3516 1399579734 10 2887680 4096 190319838  

pwrite: 3516 1399579734 10 2945024 4096 -714432072  

pwrite: 3516 1399579734 10 2973696 4096 -937303712  

pwrite: 3516 1399579734 10 3018752 4096 1397069247  

pwrite: 3516 1399579734 10 14110720 4096 511882545  

pwrite: 3516 1399579734 10 36614144 4096 1294819698  

pwrite: 3516 1399579734 10 38903808 4096 -355836609  

pwrite: 3516 1399579734 10 2149388288 4096 -2084530274  

pwrite: 3516 1399579734 10 2161389568 4096 1977730238  

pwrite: 3516 1399579734 10 2161610752 4096 -1061810029  

pwrite: 3516 1399579734 10 2161623040 4096 722141485  

pwrite: 3516 1399579734 10 2161647616 4096 643305364  

pwrite: 3516 1399579734 10 2162409472 4096 1120158008  

pwrite: 3516 1399579734 10 2949611520 4096 -125810892  

pwrite: 3516 1399579734 10 4296019968 4096 1563099328  

pwrite: 3516 1399579734 10 4296081408 4096 -1  

pwrite: 3516 1399579734 10 4296105984 4096 -945367643  

pwrite: 3516 1399579734 10 4296146944 4096 2000185933  

pwrite: 3516 1399579734 10 4296228864 4096 368543407  

pwrite: 3516 1399579734 10 4307320832 4096 -582821061  

pwrite: 3516 1399579734 10 4309045248 4096 -691001346  

pwrite: 3516 1399579734 10 4309147648 4096 -2032915906  

pwrite: 3516 1399579734 10 4309692416 4096 -495496991  

pwrite: 3516 1399579734 10 4310470656 4096 -1206188313  

pwrite: 3516 1399579734 10 4310478848 4096 459760541  

pwrite: 3516 1399579734 10 4310495232 8192 173496775 1820061461  

pwrite: 3516 1399579734 10 4310511616 4096 -816843694  

pwrite: 3516 1399579734 10 4310519808 4096 -918238126  

pwrite: 3516 1399579734 10 4310528000 4096 1592845864  

pwrite: 3516 1399579734 10 4360953856 4096 -884316251  

pwrite: 3516 1399579734 10 2285916160 4096 -101722182  

pwrite: 3516 1399579735 10 1001467904 4096 1862401543  

pwrite: 3516 1399579735 10 1001472000 4096 1862401543  

pwrite: 3516 1399579735 10 1001476096 4096 1862401543  

pwrite: 3516 1399579735 10 1001480192 4096 1862401543  

pwrite: 3516 1399579735 10 1001484288 4096 1862401543  

pwrite: 3516 1399579735 10 1001488384 4096 1862401543  

pwrite: 3516 1399579735 10 1001492480 4096 1862401543  

pwrite: 3516 1399579735 10 1001496576 4096 1862401543  

pwrite: 3516 1399579735 10 1001500672 4096 1862401543  

pwrite: 3516 1399579735 10 1001504768 4096 1862401543  

pwrite: 3516 1399579735 10 1001508864 4096 1862401543  

pwrite: 3516 1399579735 10 1001512960 4096 1862401543  

pwrite: 3516 1399579735 10 1001517056 4096 1862401543  

pwrite: 3516 1399579735 10 1001521152 4096 1862401543  

pwrite: 3516 1399579735 10 1001525248 4096 1862401543  

pwrite: 3516 1399579735 10 1001529344 4096 1862401543  

pwrite: 3516 1399579735 10 1001533440 12288 786077811 1688171237 -1172763959  

pwrite: 3516 1399579739 10 4632023040 4096 1121628694  

pwrite: 3516 1399579740 10 1888575488 4096 1885961984  

pwrite: 3516 1399579740 10 1881559040 4096 141718463  

pwrite: 3516 1399579740 10 2285998080 4096 -128774038  

pwrite: 3516 1399579741 13 53554978816 4096 2000102250  

pwrite: 3516 1399579741 13 53555011584 4096 1683511695  

pwrite: 3516 1399579746 10 2286002176 4096 1458598432  

pwrite: 3516 1399579746 10 2286047232 4096 8027543  

pwrite: 3516 1399579752 10 2286059520 4096 307725319  

pwrite: 3516 1399579758 10 2286071808 4096 516122205  

pwrite: 3516 1399579764 10 2286084096 4096 1333222763  

pwrite: 3516 1399579765 10 1001545728 4096 -1948362379  

pwrite: 3516 1399579765 10 2286120960 4096 1753944234  

pwrite: 3516 1399579769 10 2887680 4096 190319838  

pwrite: 3516 1399579769 10 2916352 4096 -404953120  

pwrite: 3516 1399579769 10 2953216 4096 -1  

pwrite: 3516 1399579769 10 2973696 4096 1552823398  

pwrite: 3516 1399579769 10 3018752 4096 1591259223  

pwrite: 3516 1399579769 10 3379200 4096 1998128351  

pwrite: 3516 1399579769 10 36614144 4096 -1793553609  

pwrite: 3516 1399579769 10 38903808 4096 -265610279  

pwrite: 3516 1399579769 10 1054031872 8192 1919357004 -1254309706  

pwrite: 3516 1399579769 10 2148564992 4096 -1599088652  

pwrite: 3516 1399579769 10 2161389568 4096 -1600010405  

pwrite: 3516 1399579769 10 2161610752 4096 -1110347396  

pwrite: 3516 1399579769 10 2162421760 4096 -1203696028  

pwrite: 3516 1399579769 10 2162450432 4096 -1653555367  

pwrite: 3516 1399579769 10 2162688000 4096 1559172345  

pwrite: 3516 1399579769 10 4310495232 4096 1145804436  

pwrite: 3516 1399579770 10 1054076928 4096 1019621733  

pwrite: 3516 1399579770 10 2286186496 4096 1539672299  

pwrite: 3516 1399579771 13 4096 4096 991615090  

pwrite: 3516 1399579771 13 6303744 4096 -232949805  

pwrite: 3516 1399579771 13 125878272 4096 -880313545  

pwrite: 3516 1399579776 10 1054076928 4096 -1263817011  

pwrite: 3516 1399579776 10 2286198784 4096 -1540851801  

pwrite: 3516 1399579782 10 2286211072 4096 -644121771  

pwrite: 3516 1399579788 10 2286223360 4096 348326486  

pwrite: 3516 1399579794 10 2286235648 4096 -1164377409  

pwrite: 3516 1399579796 10 1001549824 4096 324611066  

pwrite: 3516 1399579800 10 1054035968 4096 -1007228881  

pwrite: 3516 1399579800 10 1054031872 4096 -2019389089  

pwrite: 3516 1399579800 10 2286305280 4096 -1294156623  

pwrite: 3516 1399579804 10 4310507520 8192 907197588 -674983181  

pwrite: 3516 1399579804 10 4361695232 4096 -2013168728  

pwrite: 3516 1399579804 10 2887680 4096 -2024556784  

pwrite: 3516 1399579804 10 2899968 4096 -961551576  

pwrite: 3516 1399579804 10 2916352 4096 742605493  

pwrite: 3516 1399579804 10 2973696 4096 472153539  

pwrite: 3516 1399579804 10 3018752 4096 -1342313270  

pwrite: 3516 1399579804 10 3379200 4096 651579248  

pwrite: 3516 1399579804 10 36614144 4096 -2119862622  

pwrite: 3516 1399579804 10 2162409472 4096 2054234553  

pwrite: 3516 1399579804 10 2162421760 4096 2080839920  

pwrite: 3516 1399579804 10 2162442240 4096 1519556494  

pwrite: 3516 1399579804 10 4296040448 4096 -1319783705  

pwrite: 3516 1399579804 10 4296105984 4096 928386890  

pwrite: 3516 1399579804 10 4298194944 4096 499598226  

pwrite: 3516 1399579811 10 2286366720 4096 477413432  

pwrite: 3516 1399579829 10 3218239488 4096 1816181742  

pwrite: 3516 1399579835 10 2286395392 4096 -1005623290  

pwrite: 3516 1399579844 10 2916352 4096 -711467626  

pwrite: 3516 1399579844 10 2148560896 4096 1319316894  

pwrite: 3516 1399579844 10 2148569088 4096 2027825871  

pwrite: 3516 1399579844 10 2162405376 8192 -47951990 -1825685624  

pwrite: 3516 1399579844 10 2162421760 4096 -555031972  

pwrite: 3516 1399579844 10 2162434048 4096 -1817090321  

pwrite: 3516 1399579844 10 2162442240 4096 1022719456  

pwrite: 3516 1399579844 10 2162462720 4096 -869991666  

pwrite: 3516 1399579844 10 2167537664 4096 646761363  

pwrite: 3516 1399579846 10 3219890176 4096 831775072  

pwrite: 3516 1399579852 10 1054035968 4096 -1708503361  

pwrite: 3516 1399579852 10 1054031872 4096 -1733975239  

pwrite: 3516 1399579852 10 2286485504 4096 -1566233228  

,1739783730,-253751597,260332851,2066366715,0,-1257675770,-1390733140,-680609561,-1781645641,-1647814794,-1108555921,241496577,1209538153,597402019,1478632021,-1222274923,-1005421323,-518392708,2134170203,1400045714,1457363317,1540119073,380219219,-893682426,-297473137,222963314,1619584958,172146256,113062860,-1970881988,-571203608,-333281660,-297926977,279717558,1154268633,249876154,839696451,-1741743512,1503253889,-2027336358,-1126019480,-1958578920,-1206519489,1204544659,-1392456024,900285229,-455034443,1604578313,865894739,1786011059,-1508993360,305280520,-882686291,1772120758,95200722,1382245593,1247750629,-1859820936,1040066035,1147914633,840656960,-839186082,-288331952,669841487,-1389837398,1976555843,-109406241,-545000526,-1013641005,530666710,-997569546,479859851,295093154,-477253636,1267508832,-1104098498,-860648004,1642240019,-1179062774,-483948815,811252413,-693234333,-656349781,-1686158499,-1795197697,-1772212272,-782372241,1964886642,544990120,-536234632,-279515340,-118958973,720817956,-1386859998,-876321029,-1107363486,2000102250,1124905085,-1273817397,-1600061086,-1091493473,439739831,-444231925,2054661034,-2004224470,1464496082,-754331011,1809224810,-1703550861,349459632,1713284925,-1888925655,-1298965073,895517470,44547743,-391375746,1998195042,333245596,-84138058,-921654604,1374689992,718280282,-476518258,-1844063143,409294338,16240258,-1469324676,1871294603,73074956,333061495,-150862833,841466211,82702748,-1778767048,-20412544,-522839189,1683511695,-1026133507,1774410012,920087235,880195688,1619076373,690913704,-516705896,-840433926,1159891585,-880313545,-648884842,1296803537,1672591121,1249745837,125460014,-1993286735,1072012486,-232949805,-83515969,878442421,472960206,1706424405,-416714125,1991842164,-124072851,1117469803,1838456660,-1756446776,531730884,-2102876659,2052570603,179569425,1913179493,-2045072600,-4790181,1894982443,273052202,-1436438145,329503182,-1212769810,951781163,2020867564,1882538022,1478281413,-1050721784,1234382294,1926131284,1637891678,-1700979373,-1900536687,-647693020,215417286,1212967733,1975449748,-1022092227,-418733965,542847527,-312900052,1236065086,1921482403,95653131,-1409063678,-1272325445,1406836267,1091952243,1887877624,-1145217881,2039234061,-336264428,98703262,-1540458239,-2064310957,-1289353374,-577935918,-67466007,-682861158,-2034728504,1832268503,-1386790043,-630934730,124568525,392262115,-213821391,-1705872798,-1736817936,179566300,901766942,925519308,999576356,-163038786,-1880685052,2037173582,963836055,-1854447203,396123655,-1712689424,-1599469819,-901834034,-419871335,77328540,368601689,1754189157,-473194297,625683146,-1041086366,1574216303,-1619304852,1727870507,-194765387,-1410960533,1503839498,-1736497523,1181567147,-656964960,1664658784,577018467,1282465826,1487400470,654229847,-234624009,-685829866,971487434,920744245,-887748132,-1493755321,1442004308,991615090,85908779
guest_Q,411988.782405853271484375,411982.32269287109375,411985.683441162109375,411988.4636402130126953125,,411980.7031154632568359375,411993.7818050384521484375,411990.9999370574951171875,411979.221343994140625,411992.924213409423828125,411987.708568572998046875,411986.8619441986083984375,411992.732524871826171875,411993.1137561798095703125,411985.16178131103515625,411989.8588657379150390625,411991.9502735137939453125,411984.836578369140625,411983.2231998443603515625,411982.1946620941162109375,411979.7382354736328125,411994.098663330078125,411985.226154327392578125,411978.638172149658203125,411992.4795627593994140625,411980.8976650238037109375,411980.83209991455078125,411982.2585582733154296875,411979.6721935272216796875,,411992.6059246063232421875,411990.367889404296875,411986.541748046875,411986.4141941070556640625,411985.0327968597412109375,411981.6048145294189453125,411990.62061309814453125,411990.241527557373046875,411978.5740375518798828125,411979.4137477874755859375,411979.15744781494140625,411983.73699188232421875,411985.822200775146484375,411980.3116321563720703125,411982.646465301513671875,411981.2171459197998046875,411981.1532497406005859375,412764.3795013427734375,411980.5705547332763671875,411980.37624359130859375,411984.1549396514892578125,411990.7467365264892578125,411979.35009002685546875,411984.3142032623291015625,411983.159542083740234375,411980.9615612030029296875,411993.239879608154296875,411981.025218963623046875,411978.3165454864501953125,411986.1457347869873046875,412764.452457427978515625,411992.8610324859619140625,411993.9725399017333984375,411983.2870960235595703125,411993.4933185577392578125,411983.9954376220703125,411984.5116138458251953125,411985.0971698760986328125,411978.252410888671875,411984.57622528076171875,411991.695404052734375,411989.2976284027099609375,411991.8229579925537109375,411982.4502468109130859375,411991.0628795623779296875,411982.7101230621337890625,411991.18900299072265625,411983.5455417633056640625,411989.9222850799560546875,411981.937885284423828125,411981.34517669677734375,411980.4408550262451171875,411986.0818386077880859375,411993.6847686767578125,411986.7980480194091796875,411977.99205780029296875,411993.1766986846923828125,411978.766918182373046875,411981.8732738494873046875,411989.4239902496337890625,411981.4736843109130859375,411990.4310703277587890625,411988.399982452392578125,411986.7343902587890625,411992.6693439483642578125,,412761.95240020751953125,411987.2491359710693359375,411986.3479137420654296875,411984.9011898040771484375,411988.5272979736328125,411993.43013763427734375,411978.7018299102783203125,411979.8724651336669921875,411984.4443798065185546875,411993.909358978271484375,411987.4517917633056640625,411980.1814556121826171875,411989.039897918701171875,411984.379291534423828125,411992.5425052642822265625,411991.5692806243896484375,411978.12366485595703125,411978.05881500244140625,411988.6548519134521484375,411982.1312427520751953125,411982.9022884368896484375,411992.0136928558349609375,411986.6697788238525390625,411987.965106964111328125,411979.60758209228515625,411982.5818538665771484375,411990.6837940216064453125,411991.378307342529296875,411991.2521839141845703125,411990.494251251220703125,411991.1258220672607421875,411981.80675506591796875,411992.22660064697265625,411985.291004180908203125,411981.53781890869140625,411988.0301952362060546875,411979.477405548095703125,411987.1838092803955078125,411982.001781463623046875,411985.3560924530029296875,412768.2311534881591796875,411979.2854785919189453125,411987.317562103271484375,411989.1693592071533203125,411994.0354824066162109375,411985.4888916015625,411992.4161434173583984375,411987.51544952392578125,411981.281280517578125,411993.6196804046630859375,412764.76955413818359375,411985.61859130859375,411990.177631378173828125,411981.089115142822265625,411989.487171173095703125,411988.9762401580810546875,411982.965946197509765625,411983.60919952392578125,412764.6439075469970703125,411987.773418426513671875,411988.202571868896484375,411993.3035373687744140625,411983.3524227142333984375,411983.0954074859619140625,411993.556499481201171875,411986.9258403778076171875,411983.93154144287109375,411989.7949695587158203125,411988.912105560302734375,411991.7585849761962890625,411989.1040325164794921875,411983.4163188934326171875,411979.0923595428466796875,411987.0550632476806640625,411994.1623210906982421875,411978.3809185028076171875,411990.809917449951171875,411989.5503520965576171875,411994.225978851318359375,411978.834629058837890625,411980.2463054656982421875,411989.360809326171875,411978.18851470947265625,411992.7971363067626953125,411986.9897365570068359375,411984.640598297119140625,411992.096424102783203125,411992.290019989013671875,411994.4159984588623046875,411982.0668697357177734375,411986.4780902862548828125,411991.88709259033203125,411979.938030242919921875,411991.6322231292724609375,411984.704494476318359375,411990.5574321746826171875,411991.4414882659912109375,411983.8020801544189453125,411994.2891597747802734375,411993.84593963623046875,411980.00240325927734375,411988.1374835968017578125,411988.718509674072265625,411988.5909557342529296875,411992.98763275146484375,411978.5087108612060546875,,411982.51438140869140625,411980.50594329833984375,411980.1104068756103515625,411986.2835407257080078125,411990.872859954833984375,411983.48140716552734375,411977.916717529296875,411989.676952362060546875,411985.951900482177734375,411988.3358478546142578125,411984.7695827484130859375,412764.7068500518798828125,411989.6137714385986328125,411979.542255401611328125,411987.8370761871337890625,411982.8383922576904296875,411987.901210784912109375,411993.3669567108154296875,411988.84677886962890625,411979.804515838623046875,411981.670856475830078125,411992.352962493896484375,411987.64324188232421875,411979.0284633636474609375,411983.867168426513671875,411984.9665164947509765625,411978.444576263427734375,411978.8990020751953125,411990.0496006011962890625,411994.352817535400390625,411986.217498779296875,411985.887050628662109375,411980.63564300537109375,411983.6728572845458984375,411989.2337322235107421875,411990.935802459716796875,411981.4090728759765625,411989.9861812591552734375,411988.2705211639404296875,411991.3151264190673828125,411990.1144504547119140625,411991.50562286376953125,411987.1194362640380859375,411986.60564422607421875,411984.2483997344970703125,411986.0169887542724609375,411987.579345703125,412764.58072662353515625,411993.05057525634765625,411982.77378082275390625,411982.3858737945556640625,411983.0300807952880859375,,411990.3047084808349609375,411985.4218959808349609375,411980.7674884796142578125,411978.96480560302734375,411992.163181304931640625,411987.3874187469482421875,411985.553741455078125,412764.5175457000732421875,
guest_I,411994.4508075714111328125,411994.450092315673828125,411994.450092315673828125,411994.4508075714111328125,,411994.450092315673828125,411994.4508075714111328125,411994.4508075714111328125,411994.450092315673828125,411994.4508075714111328125,411994.4508075714111328125,411994.450092315673828125,411994.4508075714111328125,411994.4508075714111328125,411994.450092315673828125,411994.4508075714111328125,411994.4508075714111328125,411994.450092315673828125,411994.450092315673828125,411994.450092315673828125,411994.450092315673828125,411994.4508075714111328125,411994.450092315673828125,411994.449138641357421875,411994.4508075714111328125,411994.450092315673828125,411994.450092315673828125,411994.450092315673828125,411994.450092315673828125,,411994.4508075714111328125,411994.4508075714111328125,411994.450092315673828125,411994.450092315673828125,411994.450092315673828125,411994.450092315673828125,411994.4508075714111328125,411994.4508075714111328125,411994.449138641357421875,411994.450092315673828125,411994.450092315673828125,411994.450092315673828125,411994.450092315673828125,411994.450092315673828125,411994.450092315673828125,411994.450092315673828125,411994.450092315673828125,412764.801502227783203125,411994.450092315673828125,411994.450092315673828125,411994.450092315673828125,411994.4508075714111328125,411994.450092315673828125,411994.450092315673828125,411994.450092315673828125,411994.450092315673828125,411994.4508075714111328125,411994.450092315673828125,411994.449138641357421875,411994.450092315673828125,412764.801502227783203125,411994.4508075714111328125,411994.4508075714111328125,411994.450092315673828125,411994.4508075714111328125,411994.450092315673828125,411994.450092315673828125,411994.450092315673828125,411994.449138641357421875,411994.450092315673828125,411994.4508075714111328125,411994.4508075714111328125,411994.4508075714111328125,411994.450092315673828125,411994.4508075714111328125,411994.450092315673828125,411994.4508075714111328125,411994.450092315673828125,411994.4508075714111328125,411994.450092315673828125,411994.450092315673828125,411994.450092315673828125,411994.450092315673828125,411994.4508075714111328125,411994.450092315673828125,411994.449138641357421875,411994.4508075714111328125,411994.450092315673828125,411994.450092315673828125,411994.4508075714111328125,411994.450092315673828125,411994.4508075714111328125,411994.4508075714111328125,411994.450092315673828125,411994.4508075714111328125,,412761.9953155517578125,411994.450092315673828125,411994.450092315673828125,411994.450092315673828125,411994.4508075714111328125,411994.4508075714111328125,411994.450092315673828125,411994.450092315673828125,411994.450092315673828125,411994.4508075714111328125,411994.4508075714111328125,411994.450092315673828125,411994.4508075714111328125,411994.450092315673828125,411994.4508075714111328125,411994.4508075714111328125,411994.449138641357421875,411994.449138641357421875,411994.4508075714111328125,411994.450092315673828125,411994.450092315673828125,411994.4508075714111328125,411994.450092315673828125,411994.4508075714111328125,411994.450092315673828125,411994.450092315673828125,411994.4508075714111328125,411994.4508075714111328125,411994.4508075714111328125,411994.4508075714111328125,411994.4508075714111328125,411994.450092315673828125,411994.4508075714111328125,411994.450092315673828125,411994.450092315673828125,411994.4508075714111328125,411994.450092315673828125,411994.450092315673828125,411994.450092315673828125,411994.450092315673828125,412768.2716846466064453125,411994.450092315673828125,411994.4508075714111328125,411994.4508075714111328125,411994.4508075714111328125,411994.450092315673828125,411994.4508075714111328125,411994.4508075714111328125,411994.450092315673828125,411994.4508075714111328125,412764.801502227783203125,411994.450092315673828125,411994.4508075714111328125,411994.450092315673828125,411994.4508075714111328125,411994.4508075714111328125,411994.450092315673828125,411994.450092315673828125,412764.801502227783203125,411994.4508075714111328125,411994.4508075714111328125,411994.4508075714111328125,411994.450092315673828125,411994.450092315673828125,411994.4508075714111328125,411994.450092315673828125,411994.450092315673828125,411994.4508075714111328125,411994.4508075714111328125,411994.4508075714111328125,411994.4508075714111328125,411994.450092315673828125,411994.450092315673828125,411994.450092315673828125,411994.4508075714111328125,411994.449138641357421875,411994.4508075714111328125,411994.4508075714111328125,411994.4508075714111328125,411994.450092315673828125,411994.450092315673828125,411994.4508075714111328125,411994.449138641357421875,411994.4508075714111328125,411994.450092315673828125,411994.450092315673828125,411994.4508075714111328125,411994.4508075714111328125,411994.4508075714111328125,411994.450092315673828125,411994.450092315673828125,411994.4508075714111328125,411994.450092315673828125,411994.4508075714111328125,411994.450092315673828125,411994.4508075714111328125,411994.4508075714111328125,411994.450092315673828125,411994.4508075714111328125,411994.4508075714111328125,411994.450092315673828125,411994.4508075714111328125,411994.4508075714111328125,411994.4508075714111328125,411994.4508075714111328125,411994.449138641357421875,,411994.450092315673828125,411994.450092315673828125,411994.450092315673828125,411994.450092315673828125,411994.4508075714111328125,411994.450092315673828125,411994.449138641357421875,411994.4508075714111328125,411994.450092315673828125,411994.4508075714111328125,411994.450092315673828125,412764.801502227783203125,411994.4508075714111328125,411994.450092315673828125,411994.4508075714111328125,411994.450092315673828125,411994.4508075714111328125,411994.4508075714111328125,411994.4508075714111328125,411994.450092315673828125,411994.450092315673828125,411994.4508075714111328125,411994.4508075714111328125,411994.450092315673828125,411994.450092315673828125,411994.450092315673828125,411994.449138641357421875,411994.450092315673828125,411994.4508075714111328125,411994.4508075714111328125,411994.450092315673828125,411994.450092315673828125,411994.450092315673828125,411994.450092315673828125,411994.4508075714111328125,411994.4508075714111328125,411994.450092315673828125,411994.4508075714111328125,411994.4508075714111328125,411994.4508075714111328125,411994.4508075714111328125,411994.4508075714111328125,411994.450092315673828125,411994.450092315673828125,411994.450092315673828125,411994.450092315673828125,411994.4508075714111328125,412764.801502227783203125,411994.4508075714111328125,411994.450092315673828125,411994.450092315673828125,411994.450092315673828125,,411994.4508075714111328125,411994.450092315673828125,411994.450092315673828125,411994.450092315673828125,411994.4508075714111328125,411994.4508075714111328125,411994.450092315673828125,412764.801502227783203125,
guest_D,412031.4884185791015625,411994.7068691253662109375,411994.7068691253662109375,412031.4884185791015625,,411994.7068691253662109375,412031.4884185791015625,412031.4884185791015625,411994.7068691253662109375,412031.4884185791015625,412031.4884185791015625,411994.7068691253662109375,412031.4884185791015625,412031.4884185791015625,411994.7068691253662109375,412031.4884185791015625,412031.4884185791015625,411994.7068691253662109375,411994.7068691253662109375,411994.7068691253662109375,411994.7068691253662109375,412031.4884185791015625,411994.7068691253662109375,411994.454860687255859375,412031.4884185791015625,411994.7068691253662109375,411994.7068691253662109375,411994.7068691253662109375,411994.7068691253662109375,,412031.4884185791015625,412031.4884185791015625,411994.7068691253662109375,411994.7068691253662109375,411994.7068691253662109375,411994.7068691253662109375,412031.4884185791015625,412031.4884185791015625,411994.454860687255859375,411994.7068691253662109375,411994.7068691253662109375,411994.7068691253662109375,411994.7068691253662109375,411994.7068691253662109375,411994.7068691253662109375,411994.7068691253662109375,411994.7068691253662109375,412764.8055553436279296875,411994.7068691253662109375,411994.7068691253662109375,411994.7068691253662109375,412031.4884185791015625,411994.7068691253662109375,411994.7068691253662109375,411994.7068691253662109375,411994.7068691253662109375,412031.4884185791015625,411994.7068691253662109375,411994.454860687255859375,411994.7068691253662109375,412764.8055553436279296875,412031.4884185791015625,412031.4884185791015625,411994.7068691253662109375,412031.4884185791015625,411994.7068691253662109375,411994.7068691253662109375,411994.7068691253662109375,411994.454860687255859375,411994.7068691253662109375,412031.4884185791015625,412031.4884185791015625,412031.4884185791015625,411994.7068691253662109375,412031.4884185791015625,411994.7068691253662109375,412031.4884185791015625,411994.7068691253662109375,412031.4884185791015625,411994.7068691253662109375,411994.7068691253662109375,411994.7068691253662109375,411994.7068691253662109375,412031.4884185791015625,411994.7068691253662109375,411994.454860687255859375,412031.4884185791015625,411994.7068691253662109375,411994.7068691253662109375,412031.4884185791015625,411994.7068691253662109375,412031.4884185791015625,412031.4884185791015625,411994.7068691253662109375,412031.4884185791015625,,412761.9988918304443359375,411994.7068691253662109375,411994.7068691253662109375,411994.7068691253662109375,412031.4884185791015625,412031.4884185791015625,411994.7068691253662109375,411994.7068691253662109375,411994.7068691253662109375,412031.4884185791015625,412031.4884185791015625,411994.7068691253662109375,412031.4884185791015625,411994.7068691253662109375,412031.4884185791015625,412031.4884185791015625,411994.454860687255859375,411994.454860687255859375,412031.4884185791015625,411994.7068691253662109375,411994.7068691253662109375,412031.4884185791015625,411994.7068691253662109375,412031.4884185791015625,411994.7068691253662109375,411994.7068691253662109375,412031.4884185791015625,412031.4884185791015625,412031.4884185791015625,412031.4884185791015625,412031.4884185791015625,411994.7068691253662109375,412031.4884185791015625,411994.7068691253662109375,411994.7068691253662109375,412031.4884185791015625,411994.7068691253662109375,411994.7068691253662109375,411994.7068691253662109375,411994.7068691253662109375,412768.2740688323974609375,411994.7068691253662109375,412031.4884185791015625,412031.4884185791015625,412031.4884185791015625,411994.7068691253662109375,412031.4884185791015625,412031.4884185791015625,411994.7068691253662109375,412031.4884185791015625,412764.8055553436279296875,411994.7068691253662109375,412031.4884185791015625,411994.7068691253662109375,412031.4884185791015625,412031.4884185791015625,411994.7068691253662109375,411994.7068691253662109375,412764.8055553436279296875,412031.4884185791015625,412031.4884185791015625,412031.4884185791015625,411994.7068691253662109375,411994.7068691253662109375,412031.4884185791015625,411994.7068691253662109375,411994.7068691253662109375,412031.4884185791015625,412031.4884185791015625,412031.4884185791015625,412031.4884185791015625,411994.7068691253662109375,411994.7068691253662109375,411994.7068691253662109375,412031.4884185791015625,411994.454860687255859375,412031.4884185791015625,412031.4884185791015625,412031.4884185791015625,411994.7068691253662109375,411994.7068691253662109375,412031.4884185791015625,411994.454860687255859375,412031.4884185791015625,411994.7068691253662109375,411994.7068691253662109375,412031.4884185791015625,412031.4884185791015625,412031.4884185791015625,411994.7068691253662109375,411994.7068691253662109375,412031.4884185791015625,411994.7068691253662109375,412031.4884185791015625,411994.7068691253662109375,412031.4884185791015625,412031.4884185791015625,411994.7068691253662109375,412031.4884185791015625,412031.4884185791015625,411994.7068691253662109375,412031.4884185791015625,412031.4884185791015625,412031.4884185791015625,412031.4884185791015625,411994.454860687255859375,,411994.7068691253662109375,411994.7068691253662109375,411994.7068691253662109375,411994.7068691253662109375,412031.4884185791015625,411994.7068691253662109375,411994.454860687255859375,412031.4884185791015625,411994.7068691253662109375,412031.4884185791015625,411994.7068691253662109375,412764.8055553436279296875,412031.4884185791015625,411994.7068691253662109375,412031.4884185791015625,411994.7068691253662109375,412031.4884185791015625,412031.4884185791015625,412031.4884185791015625,411994.7068691253662109375,411994.7068691253662109375,412031.4884185791015625,412031.4884185791015625,411994.7068691253662109375,411994.7068691253662109375,411994.7068691253662109375,411994.454860687255859375,411994.7068691253662109375,412031.4884185791015625,412031.4884185791015625,411994.7068691253662109375,411994.7068691253662109375,411994.7068691253662109375,411994.7068691253662109375,412031.4884185791015625,412031.4884185791015625,411994.7068691253662109375,412031.4884185791015625,412031.4884185791015625,412031.4884185791015625,412031.4884185791015625,412031.4884185791015625,411994.7068691253662109375,411994.7068691253662109375,411994.7068691253662109375,411994.7068691253662109375,412031.4884185791015625,412764.8055553436279296875,412031.4884185791015625,411994.7068691253662109375,411994.7068691253662109375,411994.7068691253662109375,,412031.4884185791015625,411994.7068691253662109375,411994.7068691253662109375,411994.7068691253662109375,412031.4884185791015625,412031.4884185791015625,411994.7068691253662109375,412764.8055553436279296875,
guest_G,,,,,,,,,,,,,,,,,,,,,,,,,,,,,,,,,,,,,,,,,,,,,,,,412764.41669464111328125,,,,,,,,,,,,,,,,,,,,,,,,,,,,,,,,,,,,,,,,,,,,,,,,,412761.99245452880859375,,,,,,411978.7337779998779296875,,,,,,,,,,,,,,,,,,,,,,,,,,,,,,,,,,412768.2693004608154296875,,411987.3523712158203125,,,,,,,,442770.2987194061279296875,,,,,,,,442770.232677459716796875,,,,,,,,,,,,,,,,,,,,,,,,,,,,,,,,,,,,,,,,,,,,,,,,,,,,,,,411977.9541492462158203125,,,,,442770.0369358062744140625,,,,,,,,,,,,,,,,,,,,,,,,,,,,,,,,,,,,,,,,,,,,,,,,,442769.9642181396484375,
guest_M,411988.81435394287109375,411982.353687286376953125,411985.780239105224609375,411988.494873046875,,411980.734348297119140625,411993.8132762908935546875,411991.0309314727783203125,411979.2525768280029296875,411992.9554462432861328125,411987.7402782440185546875,411986.893177032470703125,411992.763519287109375,411993.1447505950927734375,411985.1932525634765625,411989.89009857177734375,411991.9812679290771484375,411984.86804962158203125,411983.25443267822265625,411982.2261333465576171875,411979.76970672607421875,411994.1294193267822265625,411985.2573871612548828125,411978.6694049835205078125,411992.5105571746826171875,411980.9291362762451171875,411980.8635711669921875,411982.2895526885986328125,411979.703426361083984375,,411992.6369190216064453125,411990.398883819580078125,411986.5729808807373046875,411986.44542694091796875,411985.064029693603515625,411981.6362857818603515625,411990.6513690948486328125,411990.2722835540771484375,411978.6050319671630859375,411979.4447422027587890625,411979.1886806488037109375,411983.768463134765625,411985.85414886474609375,411980.342864990234375,411982.6776981353759765625,411981.248378753662109375,411981.1842441558837890625,,411980.6020259857177734375,411980.407238006591796875,411984.2064380645751953125,411990.7777309417724609375,411979.381084442138671875,411984.345912933349609375,411983.1905364990234375,411980.9925556182861328125,411993.2708740234375,411981.0564517974853515625,411978.348255157470703125,411986.176967620849609375,412764.48535919189453125,411992.8920269012451171875,411994.0035343170166015625,411983.318805694580078125,411993.5245513916015625,411984.026432037353515625,411984.5426082611083984375,411985.1284027099609375,411978.28388214111328125,411984.6074581146240234375,411991.726398468017578125,411989.3286228179931640625,411991.8539524078369140625,411982.481479644775390625,411991.0938739776611328125,411982.74135589599609375,411991.219997406005859375,411983.57677459716796875,411989.9532794952392578125,411981.96887969970703125,411981.376171112060546875,411980.472087860107421875,411986.113071441650390625,411993.7458038330078125,411986.8290424346923828125,411978.0247211456298828125,411993.2076930999755859375,411978.7981510162353515625,411981.904506683349609375,411989.4549846649169921875,411981.5046787261962890625,411990.4620647430419921875,411988.43097686767578125,411986.765384674072265625,411992.7003383636474609375,,,411987.28084564208984375,411986.3793849945068359375,411984.9321842193603515625,411988.5585308074951171875,411993.461132049560546875,,411979.9044132232666015625,411984.4758510589599609375,411993.9401149749755859375,411987.4827861785888671875,411980.213165283203125,411989.070892333984375,411984.4105243682861328125,411992.5734996795654296875,411991.6002750396728515625,411978.1548976898193359375,411978.0902862548828125,411988.686084747314453125,411982.1624755859375,411982.9332828521728515625,411992.0446872711181640625,411986.701488494873046875,411987.9963397979736328125,411979.6388149261474609375,411982.6133251190185546875,411990.714550018310546875,411991.4093017578125,411991.2831783294677734375,411990.52524566650390625,411991.1568164825439453125,411981.838703155517578125,411992.257595062255859375,411985.3227138519287109375,411981.568813323974609375,411988.097667694091796875,411979.5086383819580078125,411987.2150421142578125,411982.0330142974853515625,411985.3870868682861328125,,411979.31671142578125,,411989.200592041015625,411994.0664768218994140625,411985.52036285400390625,411992.4471378326416015625,411987.546443939208984375,411981.3125133514404296875,411993.6504364013671875,412764.8007869720458984375,411985.649585723876953125,411990.20862579345703125,411981.12010955810546875,411989.51816558837890625,411989.0072345733642578125,411982.99694061279296875,411983.640193939208984375,412764.675140380859375,411987.8046512603759765625,411988.234043121337890625,411993.33477020263671875,411983.3838939666748046875,411983.12664031982421875,411993.587493896484375,411986.957073211669921875,411983.962535858154296875,411989.826202392578125,411988.9430999755859375,411991.7895793914794921875,411989.1350269317626953125,411983.447551727294921875,411979.123592376708984375,411987.08629608154296875,411994.193553924560546875,411978.4119129180908203125,411990.840911865234375,411989.5813465118408203125,411994.2569732666015625,411978.8658618927001953125,411980.277538299560546875,411989.391803741455078125,411978.2197475433349609375,411992.8281307220458984375,411987.020969390869140625,411984.6718311309814453125,411992.1286106109619140625,411992.321014404296875,411994.4469928741455078125,411982.0983409881591796875,411986.5090847015380859375,411991.918087005615234375,411979.9692630767822265625,411991.6632175445556640625,411984.735965728759765625,411990.5884265899658203125,411991.472721099853515625,411983.8335514068603515625,411994.320392608642578125,411993.876934051513671875,411980.03387451171875,411988.1689548492431640625,411988.74950408935546875,411988.6219501495361328125,411993.0183887481689453125,411978.5404205322265625,,411982.5456142425537109375,411980.53741455078125,411980.1442623138427734375,411986.3150119781494140625,411990.9038543701171875,411983.51287841796875,,411989.758968353271484375,411985.98384857177734375,411988.3670806884765625,411984.8010540008544921875,412764.7380828857421875,411989.6447658538818359375,411979.573726654052734375,411987.86830902099609375,411982.8698635101318359375,411987.9324436187744140625,411993.3979511260986328125,411988.877773284912109375,411979.8374176025390625,411981.766223907470703125,411992.3839569091796875,411987.674236297607421875,411979.059696197509765625,411983.8988780975341796875,411984.998226165771484375,411978.476047515869140625,411978.93047332763671875,411990.0805950164794921875,411994.38381195068359375,411986.2499237060546875,411985.9180450439453125,411980.6673526763916015625,411983.704090118408203125,411989.264965057373046875,411990.966796875,411981.4403057098388671875,411990.0171756744384765625,411988.3019924163818359375,411991.3461208343505859375,411990.1454448699951171875,411991.536617279052734375,411987.1504306793212890625,411986.636638641357421875,411984.28058624267578125,411986.048221588134765625,411987.6105785369873046875,412764.6119594573974609375,411993.081569671630859375,411982.8050136566162109375,411982.41710662841796875,411983.061313629150390625,,411990.3357028961181640625,411985.453128814697265625,411980.7987213134765625,411978.995800018310546875,411992.19417572021484375,411987.41912841796875,411985.5849742889404296875,412764.5485401153564453125,
guest_C,412114.2041683197021484375,412083.6441516876220703125,412083.6441516876220703125,412114.2041683197021484375,,412083.6441516876220703125,412114.2041683197021484375,412114.2041683197021484375,412083.6441516876220703125,412114.2041683197021484375,412114.2041683197021484375,412083.6441516876220703125,412114.2041683197021484375,412114.2041683197021484375,412083.6441516876220703125,412114.2041683197021484375,412114.2041683197021484375,412083.6441516876220703125,412083.6441516876220703125,412083.6441516876220703125,412083.6441516876220703125,412114.2041683197021484375,412083.6441516876220703125,412031.127452850341796875,412114.2041683197021484375,412083.6441516876220703125,412083.6441516876220703125,412083.6441516876220703125,412083.6441516876220703125,,412114.2041683197021484375,412114.2041683197021484375,412083.6441516876220703125,412083.6441516876220703125,412083.6441516876220703125,412083.6441516876220703125,412114.2041683197021484375,412114.2041683197021484375,412031.127452850341796875,412083.6441516876220703125,412083.6441516876220703125,412083.6441516876220703125,412083.6441516876220703125,412083.6441516876220703125,412083.6441516876220703125,412083.6441516876220703125,412083.6441516876220703125,412768.043041229248046875,412083.6441516876220703125,412083.6441516876220703125,412083.6441516876220703125,412114.2041683197021484375,412083.6441516876220703125,412083.6441516876220703125,412083.6441516876220703125,412083.6441516876220703125,412114.2041683197021484375,412083.6441516876220703125,412031.127452850341796875,412083.6441516876220703125,412768.043041229248046875,412114.2041683197021484375,412114.2041683197021484375,412083.6441516876220703125,412114.2041683197021484375,412083.6441516876220703125,412083.6441516876220703125,412083.6441516876220703125,412031.127452850341796875,412083.6441516876220703125,412114.2041683197021484375,412114.2041683197021484375,412114.2041683197021484375,412083.6441516876220703125,412114.2041683197021484375,412083.6441516876220703125,412114.2041683197021484375,412083.6441516876220703125,412114.2041683197021484375,412083.6441516876220703125,412083.6441516876220703125,412083.6441516876220703125,412083.6441516876220703125,412114.2041683197021484375,412083.6441516876220703125,412031.127452850341796875,412114.2041683197021484375,412083.6441516876220703125,412083.6441516876220703125,412114.2041683197021484375,412083.6441516876220703125,412114.2041683197021484375,412114.2041683197021484375,412083.6441516876220703125,412114.2041683197021484375,,412764.13059234619140625,412083.6441516876220703125,412083.6441516876220703125,412083.6441516876220703125,412114.2041683197021484375,412114.2041683197021484375,412083.6441516876220703125,412083.6441516876220703125,412083.6441516876220703125,412114.2041683197021484375,412114.2041683197021484375,412083.6441516876220703125,412114.2041683197021484375,412083.6441516876220703125,412114.2041683197021484375,412114.2041683197021484375,412031.127452850341796875,412031.127452850341796875,412114.2041683197021484375,412083.6441516876220703125,412083.6441516876220703125,412114.2041683197021484375,412083.6441516876220703125,412114.2041683197021484375,412083.6441516876220703125,412083.6441516876220703125,412114.2041683197021484375,412114.2041683197021484375,412114.2041683197021484375,412114.2041683197021484375,412114.2041683197021484375,412083.6441516876220703125,412114.2041683197021484375,412083.6441516876220703125,412083.6441516876220703125,412114.2041683197021484375,412083.6441516876220703125,412083.6441516876220703125,412083.6441516876220703125,412083.6441516876220703125,412770.1013088226318359375,412083.6441516876220703125,412114.2041683197021484375,412114.2041683197021484375,412114.2041683197021484375,412083.6441516876220703125,412114.2041683197021484375,412114.2041683197021484375,412083.6441516876220703125,412114.2041683197021484375,412768.043041229248046875,412083.6441516876220703125,412114.2041683197021484375,412083.6441516876220703125,412114.2041683197021484375,412114.2041683197021484375,412083.6441516876220703125,412083.6441516876220703125,412768.043041229248046875,412114.2041683197021484375,412114.2041683197021484375,412114.2041683197021484375,412083.6441516876220703125,412083.6441516876220703125,412114.2041683197021484375,412083.6441516876220703125,412083.6441516876220703125,412114.2041683197021484375,412114.2041683197021484375,412114.2041683197021484375,412114.2041683197021484375,412083.6441516876220703125,412083.6441516876220703125,412083.6441516876220703125,412114.2041683197021484375,412031.127452850341796875,412114.2041683197021484375,412114.2041683197021484375,412114.2041683197021484375,412083.6441516876220703125,412083.6441516876220703125,412114.2041683197021484375,412031.127452850341796875,412114.2041683197021484375,412083.6441516876220703125,412083.6441516876220703125,412114.2041683197021484375,412114.2041683197021484375,412114.2041683197021484375,412083.6441516876220703125,412083.6441516876220703125,412114.2041683197021484375,412083.6441516876220703125,412114.2041683197021484375,412083.6441516876220703125,412114.2041683197021484375,412114.2041683197021484375,412083.6441516876220703125,412114.2041683197021484375,412114.2041683197021484375,412083.6441516876220703125,412114.2041683197021484375,412114.2041683197021484375,412114.2041683197021484375,412114.2041683197021484375,412031.127452850341796875,,412083.6441516876220703125,412083.6441516876220703125,412083.6441516876220703125,412083.6441516876220703125,412114.2041683197021484375,412083.6441516876220703125,412031.127452850341796875,412114.2041683197021484375,412083.6441516876220703125,412114.2041683197021484375,412083.6441516876220703125,443055.6662082672119140625,412114.2041683197021484375,412083.6441516876220703125,412114.2041683197021484375,412083.6441516876220703125,412114.2041683197021484375,412114.2041683197021484375,412114.2041683197021484375,412083.6441516876220703125,412083.6441516876220703125,412114.2041683197021484375,412114.2041683197021484375,412083.6441516876220703125,412083.6441516876220703125,412083.6441516876220703125,412031.127452850341796875,412083.6441516876220703125,412114.2041683197021484375,412114.2041683197021484375,412083.6441516876220703125,412083.6441516876220703125,412083.6441516876220703125,412083.6441516876220703125,412114.2041683197021484375,412114.2041683197021484375,412083.6441516876220703125,412114.2041683197021484375,412114.2041683197021484375,412114.2041683197021484375,412114.2041683197021484375,412114.2041683197021484375,412083.6441516876220703125,412083.6441516876220703125,412083.6441516876220703125,412083.6441516876220703125,412114.2041683197021484375,412768.043041229248046875,412114.2041683197021484375,412083.6441516876220703125,412083.6441516876220703125,412083.6441516876220703125,,412114.2041683197021484375,412083.6441516876220703125,412083.6441516876220703125,412083.6441516876220703125,412114.2041683197021484375,412114.2041683197021484375,412083.6441516876220703125,412768.043041229248046875,
host_C,,,,,,,,,,,,,,,,,,,,,,,,,,,,,,64254.3897609999985434114933013916015625,,,,,,,,,,,,,,,,,,,,,,,,,,,,,,,,,,,,,,,,,,,,,,,,,,,,,,,,,,,,,,,,,,98576.358525000003282912075519561767578125,,,,,,,,,,,,,,,,,,,,,,,,,,,,,,,,,,,,,,,,,,,,,,,,,,,,,,,,,,,,,,,,,,,,,,,,,,,,,,,,,,,,,,,,,,,,,,,,,,,,,,,,,,,64254.3897609999985434114933013916015625,,,,,,,,,,,,,,,,,,,,,,,,,,,,,,,,,,,,,,,,,,,,,,,,,,,,,64258.7635700000028009526431560516357421875,,,,,,,,,29278.24687800000174320302903652191162109375
host_Q,,,,,,,,,,,,,,,,,,,,,,,,,,,,,,64253.5898010000018985010683536529541015625,,,,,,,,,,,,,,,,,,,,,,,,,,,,,,,,,,,,,,,,,,,,,,,,,,,,,,,,,,,,,,,,,,29278.278393000000505708158016204833984375,,,,,,,,,,,,,,,,,,,,,,,,,,,,,,,,,,,,,,,,,,,,,,,,,,,,,,,,,,,,,,,,,,,,,,,,,,,,,,,,,,,,,,,,,,,,,,,,,,,,,,,,,,,64253.6210619999910704791545867919921875,,,,,,,,,,,,,,,,,,,,,,,,,,,,,,,,,,,,,,,,,,,,,,,,,,,,,64254.445907000001170672476291656494140625,,,,,,,,,29277.605601000002934597432613372802734375
host_I,,,,,,,,,,,,,,,,,,,,,,,,,,,,,,64253.63496500000474043190479278564453125,,,,,,,,,,,,,,,,,,,,,,,,,,,,,,,,,,,,,,,,,,,,,,,,,,,,,,,,,,,,,,,,,,29278.2930730000007315538823604583740234375,,,,,,,,,,,,,,,,,,,,,,,,,,,,,,,,,,,,,,,,,,,,,,,,,,,,,,,,,,,,,,,,,,,,,,,,,,,,,,,,,,,,,,,,,,,,,,,,,,,,,,,,,,,64253.63496500000474043190479278564453125,,,,,,,,,,,,,,,,,,,,,,,,,,,,,,,,,,,,,,,,,,,,,,,,,,,,,64254.4607159999941359274089336395263671875,,,,,,,,,29277.61956299999656039290130138397216796875
host_D,,,,,,,,,,,,,,,,,,,,,,,,,,,,,,64253.636939000003621913492679595947265625,,,,,,,,,,,,,,,,,,,,,,,,,,,,,,,,,,,,,,,,,,,,,,,,,,,,,,,,,,,,,,,,,,29278.29386799999701906926929950714111328125,,,,,,,,,,,,,,,,,,,,,,,,,,,,,,,,,,,,,,,,,,,,,,,,,,,,,,,,,,,,,,,,,,,,,,,,,,,,,,,,,,,,,,,,,,,,,,,,,,,,,,,,,,,64253.636939000003621913492679595947265625,,,,,,,,,,,,,,,,,,,,,,,,,,,,,,,,,,,,,,,,,,,,,,,,,,,,,64254.4616560000067693181335926055908203125,,,,,,,,,29277.62140500000168685801327228546142578125
host_G,,,,,,,,,,,,,,,,,,,,,,,,,,,,,,64253.6058759999941685236990451812744140625,,,,,,,,,,,,,,,,,,,,,,,,,,,,,,,,,,,,,,,,,,,,,,,,,,,,,,,,,,,,,,,,,,29278.29239099999904283322393894195556640625,,,,,,,,,,,,,,,,,,,,,,,,,,,,,,,,,,,,,,,,,,,,,,,,,,,,,,,,,,,,,,,,,,,,,,,,,,,,,,,,,,,,,,,,,,,,,,,,,,,,,,,,,,,,,,,,,,,,,,,,,,,,,,,,,,,,,,,,,,,,,,,,,,,,,,,,,,,,,,,,64254.460019000005559064447879791259765625,,,,,,,,,
host_M,,,,,,,,,,,,,,,,,,,,,,,,,,,,,,,,,,,,,,,,,,,,,,,,,,,,,,,,,,,,,,,,,,,,,,,,,,,,,,,,,,,,,,,,,,,,,,,,,,,,,,,,,,,,,,,,,,,,,,,,,,,,,,,,,,,,,,,,,,,,,,,,,,,,,,,,,,,,,,,,,,,,,,,,,,,,,,,,,,,,,,,,,,,,,,,,,,,,,,,,,,,64253.6342420000073616392910480499267578125,,,,,,,,,,,,,,,,,,,,,,,,,,,,,,,,,,,,,,,,,,,,,,,,,,,,,,,,,,,,,,29277.61888399999952525831758975982666015625
pwrite,,,,,419809.22698974609375,,,,,,,,,,,,,,,,,,,,,,,,,,,,,,,,,,,,,,,,,,,,,,,,,,,,,,,,,,,,,,,,,,,,,,,,,,,,,,,,,,,,,,,,,,,,,,,,,,,,,,,,,,,,,,,,,,,,,,,,,,,,,,,,,,,,,,,,,,,,,,,,,,,,,,,,,,,,,,,,,,,,,,,,,,,,,,,,,,,,,,,,,,,,,,,,,,,,,,,,,,,,,,,,,,,,,,,,,,,,,,,,,,,,,,,,,,,,,,,,,,,,,,,,,,,,,,,,,,,,
1399579721.159749730
1399579314.190772904
