1399589508.63
1399586681.64
,870974570,1127488434,-1154604087,594008141,-730177932,-891463575,1940067060,314261122,-1443200653,-1353983551,1145119656,1731884145,2066309305,-1667249016,-1411467902,1949229591,-85101230,578255010,-1097754225,62888403,1791654352,669403494,803644263,624965547,-1809569781,699950516,-1968365099,-2066331736,-878235541,1907314421,1200160314,-945529908,-1458533923,-1561267907,-1850783120,1291155973,-803780779,-1438790091,1072671424,1637279607,-607551752,-1414085061,1247037512,1933972307,-1753219465,270860521,-135323871,372775125,1096998791,903168128,659045101,-360509362
guest_C,2827002.393245697021484375,2827013.377666473388671875,,2827013.377666473388671875,,,2857819.2150592803955078125,2827013.377666473388671875,2827769.445896148681640625,2827024.16706085205078125,,2827024.16706085205078125,2827013.377666473388671875,,2857828.0484676361083984375,2827024.16706085205078125,2857809.7488880157470703125,2827013.377666473388671875,,,,2827013.377666473388671875,2827769.445896148681640625,,,,2857836.8513584136962890625,,2827013.377666473388671875,2827024.16706085205078125,2827788.330554962158203125,,2827024.16706085205078125,2827024.16706085205078125,,,2827024.16706085205078125,2827013.377666473388671875,2827013.377666473388671875,,,2827013.377666473388671875,2827024.16706085205078125,2827013.377666473388671875,2827769.445896148681640625,2827024.16706085205078125,,2827024.16706085205078125,2827024.16706085205078125,,2827024.16706085205078125,2827013.377666473388671875
guest_D,2826993.3755397796630859375,2826997.68352508544921875,,2826997.68352508544921875,,,2857804.368495941162109375,2826997.68352508544921875,2827760.2307796478271484375,2827006.51645660400390625,,2827006.51645660400390625,2826997.68352508544921875,,2827764.4917964935302734375,2827006.51645660400390625,2857800.0319004058837890625,2826997.68352508544921875,,,,2826997.68352508544921875,2827760.2307796478271484375,,,,2827764.4917964935302734375,,2826997.68352508544921875,2827006.51645660400390625,2827779.390811920166015625,,2827006.51645660400390625,2827006.51645660400390625,,,2827006.51645660400390625,2826997.68352508544921875,2826997.68352508544921875,,,2826997.68352508544921875,2827006.51645660400390625,2826997.68352508544921875,2857800.0319004058837890625,2827006.51645660400390625,,2827006.51645660400390625,2827006.51645660400390625,,2827006.51645660400390625,2826997.68352508544921875
guest_Q,2826991.703033447265625,2826992.0589923858642578125,,2826991.78791046142578125,,,2857799.8507022857666015625,2826992.193698883056640625,2827759.8574161529541015625,2826993.26992034912109375,,2826992.935657501220703125,2826991.8563365936279296875,,2857799.91817474365234375,2826993.00098419189453125,2857799.7815608978271484375,2826992.260456085205078125,,,,2826991.9250011444091796875,2827759.7472667694091796875,,,,2857799.9870777130126953125,,2826992.5296306610107421875,2826992.734432220458984375,2827779.3676853179931640625,,2826992.80071258544921875,2826993.0689334869384765625,,,2826992.86937713623046875,2826992.3961162567138671875,2826992.12646484375,,,2826992.327213287353515625,2826993.335723876953125,2826991.992473602294921875,2857799.701690673828125,2826992.5968647003173828125,,2826993.2034015655517578125,2826993.136882781982421875,,2826992.663860321044921875,2826992.46311187744140625
guest_I,2826993.369579315185546875,2826993.37100982666015625,,2826993.37100982666015625,,,2857800.0266551971435546875,2826993.37100982666015625,2827760.225772857666015625,2826993.3719635009765625,,2826993.3719635009765625,2826993.37100982666015625,,2857800.027370452880859375,2826993.3719635009765625,2857800.02593994140625,2826993.37100982666015625,,,,2826993.37100982666015625,2827760.225772857666015625,,,,2857800.0278472900390625,,2826993.37100982666015625,2826993.3719635009765625,2827779.38938140869140625,,2826993.3719635009765625,2826993.3719635009765625,,,2826993.3719635009765625,2826993.37100982666015625,2826993.37100982666015625,,,2826993.37100982666015625,2826993.3719635009765625,2826993.37100982666015625,2857800.02593994140625,2826993.3719635009765625,,2826993.3719635009765625,2826993.3719635009765625,,2826993.3719635009765625,2826993.37100982666015625
guest_M,,2826992.0909404754638671875,,,,,2827760.092258453369140625,2826992.22564697265625,2827759.8922252655029296875,2826993.301868438720703125,,2826992.9673671722412109375,2826991.8897151947021484375,,,2826993.0326938629150390625,2857799.8149394989013671875,2826992.2924041748046875,,,,2826991.957187652587890625,,,,,2827760.224819183349609375,,2826992.562770843505859375,2826992.76638031005859375,,,2826992.8328990936279296875,2826993.1018352508544921875,,,2826992.9015636444091796875,2826992.428302764892578125,2826992.1591281890869140625,,,2826992.3593997955322265625,2826993.367671966552734375,2826992.02442169189453125,2827759.958744049072265625,,,2826993.2353496551513671875,2826993.1690692901611328125,,2826992.696285247802734375,2826992.495059967041015625
guest_G,2826991.742610931396484375,,,2826991.8212890625,,,2857799.883365631103515625,,,,,,,,2857799.951076507568359375,,,,,,,,2827759.787082672119140625,,,,2857800.0199794769287109375,,,,2827779.387950897216796875,,,,,,,,,,,,,,2857799.7415065765380859375,2826992.629528045654296875,,,,,,
host_C,,,,,,,13738.65108300000065355561673641204833984375,,,,,,,,13739.78618099999948753975331783294677734375,,13737.40312600000106613151729106903076171875,,,23392.85058200000275974161922931671142578125,,,,,,,,,,,,,,,,,,,,,,,,,13737.40312600000106613151729106903076171875,,,,,,,
host_A,,,,,,,13738.261680000001433654688298702239990234375,,,,,,,,13739.416499000000840169377624988555908203125,,13736.85908600000038859434425830841064453125,,,23392.4285020000024815090000629425048828125,,,,,,,,,,,,,,,,,,,,,,,,,13736.77999999999883584678173065185546875,,,,,,,
host_Q,,,,,,,13738.2633700000005774199962615966796875,,,,,,,,13739.41770499999984167516231536865234375,,13736.859776999999667168594896793365478515625,,,23392.43076700000165146775543689727783203125,,,,,,,,,,,,,,,,,,,,,,,,,13736.782138000000486499629914760589599609375,,,,,,,
host_I,,,,,,,13738.303273999999873922206461429595947265625,,,,,,,,13739.45668300000033923424780368804931640625,,13736.898298000000067986547946929931640625,,,23392.4758789999978034757077693939208984375,,,,,,,,,,,,,,,,,,,,,,,,,13736.898298000000067986547946929931640625,,,,,,,
host_D,,,,,,,13738.305849999998827115632593631744384765625,,,,,,,,13739.45907200000146985985338687896728515625,,13736.90263799999956972897052764892578125,,,23392.480700000000069849193096160888671875,,,,,,,,,,,,,,,,,,,,,,,,,13736.90263799999956972897052764892578125,,,,,,,
host_G,,,,,,,13738.29842300000018440186977386474609375,,,,,,,,13739.4520960000008926726877689361572265625,,,,,23392.46927700000014738179743289947509765625,,,,,,,,,,,,,,,,,,,,,,,,,13736.820074000001113745383918285369873046875,,,,,,,
host_M,,,,,,,,,,,,,,,,,13736.8928390000000945292413234710693359375,,,,,,,,,,,,,,,,,,,,,,,,,,,,,,,,,,,
pwrite,2841358.656406402587890625,,2818358.656406402587890625,,2818358.656406402587890625,2818358.656406402587890625,2872358.656406402587890625,,,,2818358.656406402587890625,,,3257358.656406402587890625,2872358.656406402587890625,,2872358.656406402587890625,,3257358.656406402587890625,,2817358.656406402587890625,,,2818358.656406402587890625,2818358.656406402587890625,2818358.656406402587890625,2872358.656406402587890625,2818358.656406402587890625,,,2842358.656406402587890625,2818358.656406402587890625,,,3257358.656406402587890625,3257358.656406402587890625,,,,2818358.656406402587890625,2818358.656406402587890625,,,,2872358.656406402587890625,,2818358.656406402587890625,,,2818358.656406402587890625,,
